1.00000e-03 0.00000e+00 -4.83670e-29
2.00000e-03 0.00000e+00 -9.67340e-29
3.00000e-03 0.00000e+00 -1.45101e-28
4.00000e-03 0.00000e+00 -1.93468e-28
5.00000e-03 0.00000e+00 -2.41835e-28
6.00000e-03 0.00000e+00 -2.90202e-28
7.00000e-03 0.00000e+00 -3.38569e-28
8.00000e-03 0.00000e+00 -3.86936e-28
9.00000e-03 0.00000e+00 -4.35303e-28
1.00000e-02 0.00000e+00 -4.83670e-28
1.10000e-02 0.00000e+00 -5.32037e-28
1.20000e-02 0.00000e+00 -5.80404e-28
1.30000e-02 0.00000e+00 -6.28771e-28
1.40000e-02 0.00000e+00 -6.77138e-28
1.50000e-02 0.00000e+00 -7.25505e-28
1.60000e-02 0.00000e+00 -7.73872e-28
1.70000e-02 0.00000e+00 -8.22239e-28
1.80000e-02 0.00000e+00 -8.70606e-28
1.90000e-02 0.00000e+00 -9.18973e-28
2.00000e-02 0.00000e+00 -9.67340e-28
2.10000e-02 0.00000e+00 -1.01571e-27
2.20000e-02 0.00000e+00 -1.06407e-27
2.30000e-02 0.00000e+00 -1.11244e-27
2.40000e-02 0.00000e+00 -1.16081e-27
2.50000e-02 0.00000e+00 -1.20917e-27
2.60000e-02 0.00000e+00 -1.25754e-27
2.70000e-02 0.00000e+00 -1.30591e-27
2.80000e-02 0.00000e+00 -1.35428e-27
2.90000e-02 0.00000e+00 -1.40264e-27
3.00000e-02 0.00000e+00 -1.45101e-27
3.10000e-02 0.00000e+00 -1.49938e-27
3.20000e-02 0.00000e+00 -1.54774e-27
3.30000e-02 0.00000e+00 -1.59611e-27
3.40000e-02 0.00000e+00 -1.64448e-27
3.50000e-02 0.00000e+00 -1.69284e-27
3.60000e-02 0.00000e+00 -1.74121e-27
3.70000e-02 0.00000e+00 -1.78958e-27
3.80000e-02 0.00000e+00 -1.83795e-27
3.90000e-02 0.00000e+00 -1.88631e-27
4.00000e-02 0.00000e+00 -1.93468e-27
4.10000e-02 0.00000e+00 -1.98305e-27
4.20000e-02 0.00000e+00 -2.03141e-27
4.30000e-02 0.00000e+00 -2.07978e-27
4.40000e-02 0.00000e+00 -2.12815e-27
4.50000e-02 0.00000e+00 -2.17651e-27
4.60000e-02 0.00000e+00 -2.22488e-27
4.70000e-02 0.00000e+00 -2.27325e-27
4.80000e-02 0.00000e+00 -2.32161e-27
4.90000e-02 0.00000e+00 -2.36998e-27
5.00000e-02 0.00000e+00 -2.41835e-27
5.10000e-02 0.00000e+00 -2.46672e-27
5.20000e-02 0.00000e+00 -2.51508e-27
5.30000e-02 0.00000e+00 -2.56345e-27
5.40000e-02 0.00000e+00 -2.61182e-27
5.50000e-02 0.00000e+00 -2.66018e-27
5.60000e-02 0.00000e+00 -2.70855e-27
5.70000e-02 0.00000e+00 -2.75692e-27
5.80000e-02 0.00000e+00 -2.80528e-27
5.90000e-02 0.00000e+00 -2.85365e-27
6.00000e-02 0.00000e+00 -2.90202e-27
6.10000e-02 0.00000e+00 -2.95039e-27
6.20000e-02 0.00000e+00 -2.99875e-27
6.30000e-02 0.00000e+00 -3.04712e-27
6.40000e-02 0.00000e+00 -3.09549e-27
6.50000e-02 0.00000e+00 -3.14385e-27
6.60000e-02 0.00000e+00 -3.19222e-27
6.70000e-02 0.00000e+00 -3.24059e-27
6.80000e-02 0.00000e+00 -3.28895e-27
6.90000e-02 0.00000e+00 -3.33732e-27
7.00000e-02 0.00000e+00 -3.38569e-27
7.10000e-02 0.00000e+00 -3.43406e-27
7.20000e-02 0.00000e+00 -3.48242e-27
7.30000e-02 0.00000e+00 -3.53079e-27
7.40000e-02 0.00000e+00 -3.57916e-27
7.50000e-02 0.00000e+00 -3.62752e-27
7.60000e-02 0.00000e+00 -3.67589e-27
7.70000e-02 0.00000e+00 -3.72426e-27
7.80000e-02 0.00000e+00 -3.77262e-27
7.90000e-02 0.00000e+00 -3.82099e-27
8.00000e-02 0.00000e+00 -3.86936e-27
8.10000e-02 0.00000e+00 -3.91773e-27
8.20000e-02 0.00000e+00 -3.96609e-27
8.30000e-02 0.00000e+00 -4.01446e-27
8.40000e-02 0.00000e+00 -4.06283e-27
8.50000e-02 0.00000e+00 -4.11119e-27
8.60000e-02 0.00000e+00 -4.15956e-27
8.70000e-02 0.00000e+00 -4.20793e-27
8.80000e-02 0.00000e+00 -4.25629e-27
8.90000e-02 0.00000e+00 -4.30466e-27
9.00000e-02 0.00000e+00 -4.35303e-27
9.10000e-02 0.00000e+00 -4.40140e-27
9.20000e-02 0.00000e+00 -4.44976e-27
9.30000e-02 0.00000e+00 -4.49813e-27
9.40000e-02 0.00000e+00 -4.54650e-27
9.50000e-02 0.00000e+00 -4.59486e-27
9.60000e-02 0.00000e+00 -4.64323e-27
9.70000e-02 0.00000e+00 -4.69160e-27
9.80000e-02 0.00000e+00 -4.73996e-27
9.90000e-02 0.00000e+00 -4.78833e-27
1.00000e-01 0.00000e+00 -4.83670e-27
1.01000e-01 0.00000e+00 -4.88506e-27
1.02000e-01 0.00000e+00 -4.93343e-27
1.03000e-01 0.00000e+00 -4.98180e-27
1.04000e-01 0.00000e+00 -5.03017e-27
1.05000e-01 0.00000e+00 -5.07853e-27
1.06000e-01 0.00000e+00 -5.12690e-27
1.07000e-01 0.00000e+00 -5.17527e-27
1.08000e-01 0.00000e+00 -5.22363e-27
1.09000e-01 0.00000e+00 -5.27200e-27
1.10000e-01 0.00000e+00 -5.32037e-27
1.11000e-01 0.00000e+00 -5.36873e-27
1.12000e-01 0.00000e+00 -5.41710e-27
1.13000e-01 0.00000e+00 -5.46547e-27
1.14000e-01 0.00000e+00 -5.51384e-27
1.15000e-01 0.00000e+00 -5.56220e-27
1.16000e-01 0.00000e+00 -5.61057e-27
1.17000e-01 0.00000e+00 -5.65894e-27
1.18000e-01 0.00000e+00 -5.70730e-27
1.19000e-01 0.00000e+00 -5.75567e-27
1.20000e-01 0.00000e+00 -5.80404e-27
1.21000e-01 0.00000e+00 -5.85240e-27
1.22000e-01 0.00000e+00 -5.90077e-27
1.23000e-01 0.00000e+00 -5.94914e-27
1.24000e-01 0.00000e+00 -5.99751e-27
1.25000e-01 0.00000e+00 -6.04587e-27
1.26000e-01 0.00000e+00 -6.09424e-27
1.27000e-01 0.00000e+00 -6.14261e-27
1.28000e-01 0.00000e+00 -6.19097e-27
1.29000e-01 0.00000e+00 -6.23934e-27
1.30000e-01 0.00000e+00 -6.28771e-27
1.31000e-01 0.00000e+00 -6.33607e-27
1.32000e-01 0.00000e+00 -6.38444e-27
1.33000e-01 0.00000e+00 -6.43281e-27
1.34000e-01 0.00000e+00 -6.48118e-27
1.35000e-01 0.00000e+00 -6.52954e-27
1.36000e-01 0.00000e+00 -6.57791e-27
1.37000e-01 0.00000e+00 -6.62628e-27
1.38000e-01 0.00000e+00 -6.67464e-27
1.39000e-01 0.00000e+00 -6.72301e-27
1.40000e-01 0.00000e+00 -6.77138e-27
1.41000e-01 0.00000e+00 -6.81974e-27
1.42000e-01 0.00000e+00 -6.86811e-27
1.43000e-01 0.00000e+00 -6.91648e-27
1.44000e-01 0.00000e+00 -6.96484e-27
1.45000e-01 0.00000e+00 -7.01321e-27
1.46000e-01 0.00000e+00 -7.06158e-27
1.47000e-01 0.00000e+00 -7.10995e-27
1.48000e-01 0.00000e+00 -7.15831e-27
1.49000e-01 0.00000e+00 -7.20668e-27
1.50000e-01 0.00000e+00 -7.25505e-27
1.51000e-01 0.00000e+00 -7.30341e-27
1.52000e-01 0.00000e+00 -7.35178e-27
1.53000e-01 0.00000e+00 -7.40015e-27
1.54000e-01 0.00000e+00 -7.44851e-27
1.55000e-01 0.00000e+00 -7.49688e-27
1.56000e-01 0.00000e+00 -7.54525e-27
1.57000e-01 0.00000e+00 -7.59362e-27
1.58000e-01 0.00000e+00 -7.64198e-27
1.59000e-01 0.00000e+00 -7.69035e-27
1.60000e-01 0.00000e+00 -7.73872e-27
1.61000e-01 0.00000e+00 -7.78708e-27
1.62000e-01 0.00000e+00 -7.83545e-27
1.63000e-01 0.00000e+00 -7.88382e-27
1.64000e-01 0.00000e+00 -7.93218e-27
1.65000e-01 0.00000e+00 -7.98055e-27
1.66000e-01 0.00000e+00 -8.02892e-27
1.67000e-01 0.00000e+00 -8.07729e-27
1.68000e-01 0.00000e+00 -8.12565e-27
1.69000e-01 0.00000e+00 -8.17402e-27
1.70000e-01 0.00000e+00 -8.22239e-27
1.71000e-01 0.00000e+00 -8.27075e-27
1.72000e-01 0.00000e+00 -8.31912e-27
1.73000e-01 0.00000e+00 -8.36749e-27
1.74000e-01 0.00000e+00 -8.41585e-27
1.75000e-01 0.00000e+00 -8.46422e-27
1.76000e-01 0.00000e+00 -8.51259e-27
1.77000e-01 0.00000e+00 -8.56096e-27
1.78000e-01 0.00000e+00 -8.60932e-27
1.79000e-01 0.00000e+00 -8.65769e-27
1.80000e-01 0.00000e+00 -8.70606e-27
1.81000e-01 0.00000e+00 -8.75442e-27
1.82000e-01 0.00000e+00 -8.80279e-27
1.83000e-01 0.00000e+00 -8.85116e-27
1.84000e-01 0.00000e+00 -8.89952e-27
1.85000e-01 0.00000e+00 -8.94789e-27
1.86000e-01 0.00000e+00 -8.99626e-27
1.87000e-01 0.00000e+00 -9.04462e-27
1.88000e-01 0.00000e+00 -9.09299e-27
1.89000e-01 0.00000e+00 -9.14136e-27
1.90000e-01 0.00000e+00 -9.18973e-27
1.91000e-01 0.00000e+00 -9.23809e-27
1.92000e-01 0.00000e+00 -9.28646e-27
1.93000e-01 0.00000e+00 -9.33483e-27
1.94000e-01 0.00000e+00 -9.38319e-27
1.95000e-01 0.00000e+00 -9.43156e-27
1.96000e-01 0.00000e+00 -9.47993e-27
1.97000e-01 0.00000e+00 -9.52829e-27
1.98000e-01 0.00000e+00 -9.57666e-27
1.99000e-01 0.00000e+00 -9.62503e-27
2.00000e-01 0.00000e+00 -9.67340e-27
2.01000e-01 0.00000e+00 -9.72176e-27
2.02000e-01 0.00000e+00 -9.77013e-27
2.03000e-01 0.00000e+00 -9.81850e-27
2.04000e-01 0.00000e+00 -9.86686e-27
2.05000e-01 0.00000e+00 -9.91523e-27
2.06000e-01 0.00000e+00 -9.96360e-27
2.07000e-01 0.00000e+00 -1.00120e-26
2.08000e-01 0.00000e+00 -1.00603e-26
2.09000e-01 0.00000e+00 -1.01087e-26
2.10000e-01 0.00000e+00 -1.01571e-26
2.11000e-01 0.00000e+00 -1.02054e-26
2.12000e-01 0.00000e+00 -1.02538e-26
2.13000e-01 0.00000e+00 -1.03022e-26
2.14000e-01 0.00000e+00 -1.03505e-26
2.15000e-01 0.00000e+00 -1.03989e-26
2.16000e-01 0.00000e+00 -1.04473e-26
2.17000e-01 0.00000e+00 -1.04956e-26
2.18000e-01 0.00000e+00 -1.05440e-26
2.19000e-01 0.00000e+00 -1.05924e-26
2.20000e-01 0.00000e+00 -1.06407e-26
2.21000e-01 0.00000e+00 -1.06891e-26
2.22000e-01 0.00000e+00 -1.07375e-26
2.23000e-01 0.00000e+00 -1.07858e-26
2.24000e-01 0.00000e+00 -1.08342e-26
2.25000e-01 0.00000e+00 -1.08826e-26
2.26000e-01 0.00000e+00 -1.09309e-26
2.27000e-01 0.00000e+00 -1.09793e-26
2.28000e-01 0.00000e+00 -1.10277e-26
2.29000e-01 0.00000e+00 -1.10760e-26
2.30000e-01 0.00000e+00 -1.11244e-26
2.31000e-01 0.00000e+00 -1.11728e-26
2.32000e-01 0.00000e+00 -1.12211e-26
2.33000e-01 0.00000e+00 -1.12695e-26
2.34000e-01 0.00000e+00 -1.13179e-26
2.35000e-01 0.00000e+00 -1.13662e-26
2.36000e-01 0.00000e+00 -1.14146e-26
2.37000e-01 0.00000e+00 -1.14630e-26
2.38000e-01 0.00000e+00 -1.15113e-26
2.39000e-01 0.00000e+00 -1.15597e-26
2.40000e-01 0.00000e+00 -1.16081e-26
2.41000e-01 0.00000e+00 -1.16564e-26
2.42000e-01 0.00000e+00 -1.17048e-26
2.43000e-01 0.00000e+00 -1.17532e-26
2.44000e-01 0.00000e+00 -1.18015e-26
2.45000e-01 0.00000e+00 -1.18499e-26
2.46000e-01 0.00000e+00 -1.18983e-26
2.47000e-01 0.00000e+00 -1.19466e-26
2.48000e-01 0.00000e+00 -1.19950e-26
2.49000e-01 0.00000e+00 -1.20434e-26
2.50000e-01 0.00000e+00 -1.20917e-26
2.51000e-01 0.00000e+00 -1.21401e-26
2.52000e-01 0.00000e+00 -1.21885e-26
2.53000e-01 0.00000e+00 -1.22368e-26
2.54000e-01 0.00000e+00 -1.22852e-26
2.55000e-01 0.00000e+00 -1.23336e-26
2.56000e-01 0.00000e+00 -1.23819e-26
2.57000e-01 0.00000e+00 -1.24303e-26
2.58000e-01 0.00000e+00 -1.24787e-26
2.59000e-01 0.00000e+00 -1.25270e-26
2.60000e-01 0.00000e+00 -1.25754e-26
2.61000e-01 0.00000e+00 -1.26238e-26
2.62000e-01 0.00000e+00 -1.26721e-26
2.63000e-01 0.00000e+00 -1.27205e-26
2.64000e-01 0.00000e+00 -1.27689e-26
2.65000e-01 0.00000e+00 -1.28172e-26
2.66000e-01 0.00000e+00 -1.28656e-26
2.67000e-01 0.00000e+00 -1.29140e-26
2.68000e-01 0.00000e+00 -1.29624e-26
2.69000e-01 0.00000e+00 -1.30107e-26
2.70000e-01 0.00000e+00 -1.30591e-26
2.71000e-01 0.00000e+00 -1.31075e-26
2.72000e-01 0.00000e+00 -1.31558e-26
2.73000e-01 0.00000e+00 -1.32042e-26
2.74000e-01 0.00000e+00 -1.32526e-26
2.75000e-01 0.00000e+00 -1.33009e-26
2.76000e-01 0.00000e+00 -1.33493e-26
2.77000e-01 0.00000e+00 -1.33977e-26
2.78000e-01 0.00000e+00 -1.34460e-26
2.79000e-01 0.00000e+00 -1.34944e-26
2.80000e-01 0.00000e+00 -1.35428e-26
2.81000e-01 0.00000e+00 -1.35911e-26
2.82000e-01 0.00000e+00 -1.36395e-26
2.83000e-01 0.00000e+00 -1.36879e-26
2.84000e-01 0.00000e+00 -1.37362e-26
2.85000e-01 0.00000e+00 -1.37846e-26
2.86000e-01 0.00000e+00 -1.38330e-26
2.87000e-01 0.00000e+00 -1.38813e-26
2.88000e-01 0.00000e+00 -1.39297e-26
2.89000e-01 0.00000e+00 -1.39781e-26
2.90000e-01 0.00000e+00 -1.40264e-26
2.91000e-01 0.00000e+00 -1.40748e-26
2.92000e-01 0.00000e+00 -1.41232e-26
2.93000e-01 0.00000e+00 -1.41715e-26
2.94000e-01 0.00000e+00 -1.42199e-26
2.95000e-01 0.00000e+00 -1.42683e-26
2.96000e-01 0.00000e+00 -1.43166e-26
2.97000e-01 0.00000e+00 -1.43650e-26
2.98000e-01 0.00000e+00 -1.44134e-26
2.99000e-01 0.00000e+00 -1.44617e-26
3.00000e-01 0.00000e+00 -1.45101e-26
3.01000e-01 0.00000e+00 -1.45585e-26
3.02000e-01 0.00000e+00 -1.46068e-26
3.03000e-01 0.00000e+00 -1.46552e-26
3.04000e-01 0.00000e+00 -1.47036e-26
3.05000e-01 0.00000e+00 -1.47519e-26
3.06000e-01 0.00000e+00 -1.48003e-26
3.07000e-01 0.00000e+00 -1.48487e-26
3.08000e-01 0.00000e+00 -1.48970e-26
3.09000e-01 0.00000e+00 -1.49454e-26
3.10000e-01 0.00000e+00 -1.49938e-26
3.11000e-01 0.00000e+00 -1.50421e-26
3.12000e-01 0.00000e+00 -1.50905e-26
3.13000e-01 0.00000e+00 -1.51389e-26
3.14000e-01 0.00000e+00 -1.51872e-26
3.15000e-01 0.00000e+00 -1.52356e-26
3.16000e-01 0.00000e+00 -1.52840e-26
3.17000e-01 0.00000e+00 -1.53323e-26
3.18000e-01 0.00000e+00 -1.53807e-26
3.19000e-01 0.00000e+00 -1.54291e-26
3.20000e-01 0.00000e+00 -1.54774e-26
3.21000e-01 0.00000e+00 -1.55258e-26
3.22000e-01 0.00000e+00 -1.55742e-26
3.23000e-01 0.00000e+00 -1.56225e-26
3.24000e-01 0.00000e+00 -1.56709e-26
3.25000e-01 0.00000e+00 -1.57193e-26
3.26000e-01 0.00000e+00 -1.57676e-26
3.27000e-01 0.00000e+00 -1.58160e-26
3.28000e-01 0.00000e+00 -1.58644e-26
3.29000e-01 0.00000e+00 -1.59127e-26
3.30000e-01 0.00000e+00 -1.59611e-26
3.31000e-01 0.00000e+00 -1.60095e-26
3.32000e-01 0.00000e+00 -1.60578e-26
3.33000e-01 0.00000e+00 -1.61062e-26
3.34000e-01 0.00000e+00 -1.61546e-26
3.35000e-01 0.00000e+00 -1.62029e-26
3.36000e-01 0.00000e+00 -1.62513e-26
3.37000e-01 0.00000e+00 -1.62997e-26
3.38000e-01 0.00000e+00 -1.63480e-26
3.39000e-01 0.00000e+00 -1.63964e-26
3.40000e-01 0.00000e+00 -1.64448e-26
3.41000e-01 0.00000e+00 -1.64931e-26
3.42000e-01 0.00000e+00 -1.65415e-26
3.43000e-01 0.00000e+00 -1.65899e-26
3.44000e-01 0.00000e+00 -1.66382e-26
3.45000e-01 0.00000e+00 -1.66866e-26
3.46000e-01 0.00000e+00 -1.67350e-26
3.47000e-01 0.00000e+00 -1.67833e-26
3.48000e-01 0.00000e+00 -1.68317e-26
3.49000e-01 0.00000e+00 -1.68801e-26
3.50000e-01 0.00000e+00 -1.69284e-26
3.51000e-01 0.00000e+00 -1.69768e-26
3.52000e-01 0.00000e+00 -1.70252e-26
3.53000e-01 0.00000e+00 -1.70735e-26
3.54000e-01 0.00000e+00 -1.71219e-26
3.55000e-01 0.00000e+00 -1.71703e-26
3.56000e-01 0.00000e+00 -1.72186e-26
3.57000e-01 0.00000e+00 -1.72670e-26
3.58000e-01 0.00000e+00 -1.73154e-26
3.59000e-01 0.00000e+00 -1.73637e-26
3.60000e-01 0.00000e+00 -1.74121e-26
3.61000e-01 0.00000e+00 -1.74605e-26
3.62000e-01 0.00000e+00 -1.75088e-26
3.63000e-01 0.00000e+00 -1.75572e-26
3.64000e-01 0.00000e+00 -1.76056e-26
3.65000e-01 0.00000e+00 -1.76539e-26
3.66000e-01 0.00000e+00 -1.77023e-26
3.67000e-01 0.00000e+00 -1.77507e-26
3.68000e-01 0.00000e+00 -1.77990e-26
3.69000e-01 0.00000e+00 -1.78474e-26
3.70000e-01 0.00000e+00 -1.78958e-26
3.71000e-01 0.00000e+00 -1.79441e-26
3.72000e-01 0.00000e+00 -1.79925e-26
3.73000e-01 0.00000e+00 -1.80409e-26
3.74000e-01 0.00000e+00 -1.80892e-26
3.75000e-01 0.00000e+00 -1.81376e-26
3.76000e-01 0.00000e+00 -1.81860e-26
3.77000e-01 0.00000e+00 -1.82344e-26
3.78000e-01 0.00000e+00 -1.82827e-26
3.79000e-01 0.00000e+00 -1.83311e-26
3.80000e-01 0.00000e+00 -1.83795e-26
3.81000e-01 0.00000e+00 -1.84278e-26
3.82000e-01 0.00000e+00 -1.84762e-26
3.83000e-01 0.00000e+00 -1.85246e-26
3.84000e-01 0.00000e+00 -1.85729e-26
3.85000e-01 0.00000e+00 -1.86213e-26
3.86000e-01 0.00000e+00 -1.86697e-26
3.87000e-01 0.00000e+00 -1.87180e-26
3.88000e-01 0.00000e+00 -1.87664e-26
3.89000e-01 0.00000e+00 -1.88148e-26
3.90000e-01 0.00000e+00 -1.88631e-26
3.91000e-01 0.00000e+00 -1.89115e-26
3.92000e-01 0.00000e+00 -1.89599e-26
3.93000e-01 0.00000e+00 -1.90082e-26
3.94000e-01 0.00000e+00 -1.90566e-26
3.95000e-01 0.00000e+00 -1.91050e-26
3.96000e-01 0.00000e+00 -1.91533e-26
3.97000e-01 0.00000e+00 -1.92017e-26
3.98000e-01 0.00000e+00 -1.92501e-26
3.99000e-01 0.00000e+00 -1.92984e-26
4.00000e-01 0.00000e+00 -1.93468e-26
4.01000e-01 0.00000e+00 -1.93952e-26
4.02000e-01 0.00000e+00 -1.94435e-26
4.03000e-01 0.00000e+00 -1.94919e-26
4.04000e-01 0.00000e+00 -1.95403e-26
4.05000e-01 0.00000e+00 -1.95886e-26
4.06000e-01 0.00000e+00 -1.96370e-26
4.07000e-01 0.00000e+00 -1.96854e-26
4.08000e-01 0.00000e+00 -1.97337e-26
4.09000e-01 0.00000e+00 -1.97821e-26
4.10000e-01 0.00000e+00 -1.98305e-26
4.11000e-01 0.00000e+00 -1.98788e-26
4.12000e-01 0.00000e+00 -1.99272e-26
4.13000e-01 0.00000e+00 -1.99756e-26
4.14000e-01 0.00000e+00 -2.00239e-26
4.15000e-01 0.00000e+00 -2.00723e-26
4.16000e-01 0.00000e+00 -2.01207e-26
4.17000e-01 0.00000e+00 -2.01690e-26
4.18000e-01 0.00000e+00 -2.02174e-26
4.19000e-01 0.00000e+00 -2.02658e-26
4.20000e-01 0.00000e+00 -2.03141e-26
4.21000e-01 0.00000e+00 -2.03625e-26
4.22000e-01 0.00000e+00 -2.04109e-26
4.23000e-01 0.00000e+00 -2.04592e-26
4.24000e-01 0.00000e+00 -2.05076e-26
4.25000e-01 0.00000e+00 -2.05560e-26
4.26000e-01 0.00000e+00 -2.06043e-26
4.27000e-01 0.00000e+00 -2.06527e-26
4.28000e-01 0.00000e+00 -2.07011e-26
4.29000e-01 0.00000e+00 -2.07494e-26
4.30000e-01 0.00000e+00 -2.07978e-26
4.31000e-01 0.00000e+00 -2.08462e-26
4.32000e-01 0.00000e+00 -2.08945e-26
4.33000e-01 0.00000e+00 -2.09429e-26
4.34000e-01 0.00000e+00 -2.09913e-26
4.35000e-01 0.00000e+00 -2.10396e-26
4.36000e-01 0.00000e+00 -2.10880e-26
4.37000e-01 0.00000e+00 -2.11364e-26
4.38000e-01 0.00000e+00 -2.11847e-26
4.39000e-01 0.00000e+00 -2.12331e-26
4.40000e-01 0.00000e+00 -2.12815e-26
4.41000e-01 0.00000e+00 -2.13298e-26
4.42000e-01 0.00000e+00 -2.13782e-26
4.43000e-01 0.00000e+00 -2.14266e-26
4.44000e-01 0.00000e+00 -2.14749e-26
4.45000e-01 0.00000e+00 -2.15233e-26
4.46000e-01 0.00000e+00 -2.15717e-26
4.47000e-01 0.00000e+00 -2.16200e-26
4.48000e-01 0.00000e+00 -2.16684e-26
4.49000e-01 0.00000e+00 -2.17168e-26
4.50000e-01 0.00000e+00 -2.17651e-26
4.51000e-01 0.00000e+00 -2.18135e-26
4.52000e-01 0.00000e+00 -2.18619e-26
4.53000e-01 0.00000e+00 -2.19102e-26
4.54000e-01 0.00000e+00 -2.19586e-26
4.55000e-01 0.00000e+00 -2.20070e-26
4.56000e-01 0.00000e+00 -2.20553e-26
4.57000e-01 0.00000e+00 -2.21037e-26
4.58000e-01 0.00000e+00 -2.21521e-26
4.59000e-01 0.00000e+00 -2.22004e-26
4.60000e-01 0.00000e+00 -2.22488e-26
4.61000e-01 0.00000e+00 -2.22972e-26
4.62000e-01 0.00000e+00 -2.23455e-26
4.63000e-01 0.00000e+00 -2.23939e-26
4.64000e-01 0.00000e+00 -2.24423e-26
4.65000e-01 0.00000e+00 -2.24906e-26
4.66000e-01 0.00000e+00 -2.25390e-26
4.67000e-01 0.00000e+00 -2.25874e-26
4.68000e-01 0.00000e+00 -2.26357e-26
4.69000e-01 0.00000e+00 -2.26841e-26
4.70000e-01 0.00000e+00 -2.27325e-26
4.71000e-01 0.00000e+00 -2.27808e-26
4.72000e-01 0.00000e+00 -2.28292e-26
4.73000e-01 0.00000e+00 -2.28776e-26
4.74000e-01 0.00000e+00 -2.29259e-26
4.75000e-01 0.00000e+00 -2.29743e-26
4.76000e-01 0.00000e+00 -2.30227e-26
4.77000e-01 0.00000e+00 -2.30710e-26
4.78000e-01 0.00000e+00 -2.31194e-26
4.79000e-01 0.00000e+00 -2.31678e-26
4.80000e-01 0.00000e+00 -2.32161e-26
4.81000e-01 0.00000e+00 -2.32645e-26
4.82000e-01 0.00000e+00 -2.33129e-26
4.83000e-01 0.00000e+00 -2.33613e-26
4.84000e-01 0.00000e+00 -2.34096e-26
4.85000e-01 0.00000e+00 -2.34580e-26
4.86000e-01 0.00000e+00 -2.35064e-26
4.87000e-01 0.00000e+00 -2.35547e-26
4.88000e-01 0.00000e+00 -2.36031e-26
4.89000e-01 0.00000e+00 -2.36515e-26
4.90000e-01 0.00000e+00 -2.36998e-26
4.91000e-01 0.00000e+00 -2.37482e-26
4.92000e-01 0.00000e+00 -2.37966e-26
4.93000e-01 0.00000e+00 -2.38449e-26
4.94000e-01 0.00000e+00 -2.38933e-26
4.95000e-01 0.00000e+00 -2.39417e-26
4.96000e-01 0.00000e+00 -2.39900e-26
4.97000e-01 0.00000e+00 -2.40384e-26
4.98000e-01 0.00000e+00 -2.40868e-26
4.99000e-01 0.00000e+00 -2.41351e-26
5.00000e-01 0.00000e+00 -2.41835e-26
5.01000e-01 0.00000e+00 -2.42319e-26
5.02000e-01 0.00000e+00 -2.42802e-26
5.03000e-01 0.00000e+00 -2.43286e-26
5.04000e-01 0.00000e+00 -2.43770e-26
5.05000e-01 0.00000e+00 -2.44253e-26
5.06000e-01 0.00000e+00 -2.44737e-26
5.07000e-01 0.00000e+00 -2.45221e-26
5.08000e-01 0.00000e+00 -2.45704e-26
5.09000e-01 0.00000e+00 -2.46188e-26
5.10000e-01 0.00000e+00 -2.46672e-26
5.11000e-01 0.00000e+00 -2.47155e-26
5.12000e-01 0.00000e+00 -2.47639e-26
5.13000e-01 0.00000e+00 -2.48123e-26
5.14000e-01 0.00000e+00 -2.48606e-26
5.15000e-01 0.00000e+00 -2.49090e-26
5.16000e-01 0.00000e+00 -2.49574e-26
5.17000e-01 0.00000e+00 -2.50057e-26
5.18000e-01 0.00000e+00 -2.50541e-26
5.19000e-01 0.00000e+00 -2.51025e-26
5.20000e-01 0.00000e+00 -2.51508e-26
5.21000e-01 0.00000e+00 -2.51992e-26
5.22000e-01 0.00000e+00 -2.52476e-26
5.23000e-01 0.00000e+00 -2.52959e-26
5.24000e-01 0.00000e+00 -2.53443e-26
5.25000e-01 0.00000e+00 -2.53927e-26
5.26000e-01 0.00000e+00 -2.54410e-26
5.27000e-01 0.00000e+00 -2.54894e-26
5.28000e-01 0.00000e+00 -2.55378e-26
5.29000e-01 0.00000e+00 -2.55861e-26
5.30000e-01 0.00000e+00 -2.56345e-26
5.31000e-01 0.00000e+00 -2.56829e-26
5.32000e-01 0.00000e+00 -2.57312e-26
5.33000e-01 0.00000e+00 -2.57796e-26
5.34000e-01 0.00000e+00 -2.58280e-26
5.35000e-01 0.00000e+00 -2.58763e-26
5.36000e-01 0.00000e+00 -2.59247e-26
5.37000e-01 0.00000e+00 -2.59731e-26
5.38000e-01 0.00000e+00 -2.60214e-26
5.39000e-01 0.00000e+00 -2.60698e-26
5.40000e-01 0.00000e+00 -2.61182e-26
5.41000e-01 0.00000e+00 -2.61665e-26
5.42000e-01 0.00000e+00 -2.62149e-26
5.43000e-01 0.00000e+00 -2.62633e-26
5.44000e-01 0.00000e+00 -2.63116e-26
5.45000e-01 0.00000e+00 -2.63600e-26
5.46000e-01 0.00000e+00 -2.64084e-26
5.47000e-01 0.00000e+00 -2.64567e-26
5.48000e-01 0.00000e+00 -2.65051e-26
5.49000e-01 0.00000e+00 -2.65535e-26
5.50000e-01 0.00000e+00 -2.66018e-26
5.51000e-01 0.00000e+00 -2.66502e-26
5.52000e-01 0.00000e+00 -2.66986e-26
5.53000e-01 0.00000e+00 -2.67469e-26
5.54000e-01 0.00000e+00 -2.67953e-26
5.55000e-01 0.00000e+00 -2.68437e-26
5.56000e-01 0.00000e+00 -2.68920e-26
5.57000e-01 0.00000e+00 -2.69404e-26
5.58000e-01 0.00000e+00 -2.69888e-26
5.59000e-01 0.00000e+00 -2.70371e-26
5.60000e-01 0.00000e+00 -2.70855e-26
5.61000e-01 0.00000e+00 -2.71339e-26
5.62000e-01 0.00000e+00 -2.71822e-26
5.63000e-01 0.00000e+00 -2.72306e-26
5.64000e-01 0.00000e+00 -2.72790e-26
5.65000e-01 0.00000e+00 -2.73273e-26
5.66000e-01 0.00000e+00 -2.73757e-26
5.67000e-01 0.00000e+00 -2.74241e-26
5.68000e-01 0.00000e+00 -2.74724e-26
5.69000e-01 0.00000e+00 -2.75208e-26
5.70000e-01 0.00000e+00 -2.75692e-26
5.71000e-01 0.00000e+00 -2.76175e-26
5.72000e-01 0.00000e+00 -2.76659e-26
5.73000e-01 0.00000e+00 -2.77143e-26
5.74000e-01 0.00000e+00 -2.77626e-26
5.75000e-01 0.00000e+00 -2.78110e-26
5.76000e-01 0.00000e+00 -2.78594e-26
5.77000e-01 0.00000e+00 -2.79077e-26
5.78000e-01 0.00000e+00 -2.79561e-26
5.79000e-01 0.00000e+00 -2.80045e-26
5.80000e-01 0.00000e+00 -2.80528e-26
5.81000e-01 0.00000e+00 -2.81012e-26
5.82000e-01 0.00000e+00 -2.81496e-26
5.83000e-01 0.00000e+00 -2.81979e-26
5.84000e-01 0.00000e+00 -2.82463e-26
5.85000e-01 0.00000e+00 -2.82947e-26
5.86000e-01 0.00000e+00 -2.83430e-26
5.87000e-01 0.00000e+00 -2.83914e-26
5.88000e-01 0.00000e+00 -2.84398e-26
5.89000e-01 0.00000e+00 -2.84882e-26
5.90000e-01 0.00000e+00 -2.85365e-26
5.91000e-01 0.00000e+00 -2.85849e-26
5.92000e-01 0.00000e+00 -2.86333e-26
5.93000e-01 0.00000e+00 -2.86816e-26
5.94000e-01 0.00000e+00 -2.87300e-26
5.95000e-01 0.00000e+00 -2.87784e-26
5.96000e-01 0.00000e+00 -2.88267e-26
5.97000e-01 0.00000e+00 -2.88751e-26
5.98000e-01 0.00000e+00 -2.89235e-26
5.99000e-01 0.00000e+00 -2.89718e-26
6.00000e-01 0.00000e+00 -2.90202e-26
6.01000e-01 0.00000e+00 -2.90686e-26
6.02000e-01 0.00000e+00 -2.91169e-26
6.03000e-01 0.00000e+00 -2.91653e-26
6.04000e-01 0.00000e+00 -2.92137e-26
6.05000e-01 0.00000e+00 -2.92620e-26
6.06000e-01 0.00000e+00 -2.93104e-26
6.07000e-01 0.00000e+00 -2.93588e-26
6.08000e-01 0.00000e+00 -2.94071e-26
6.09000e-01 0.00000e+00 -2.94555e-26
6.10000e-01 0.00000e+00 -2.95039e-26
6.11000e-01 0.00000e+00 -2.95522e-26
6.12000e-01 0.00000e+00 -2.96006e-26
6.13000e-01 0.00000e+00 -2.96490e-26
6.14000e-01 0.00000e+00 -2.96973e-26
6.15000e-01 0.00000e+00 -2.97457e-26
6.16000e-01 0.00000e+00 -2.97941e-26
6.17000e-01 0.00000e+00 -2.98424e-26
6.18000e-01 0.00000e+00 -2.98908e-26
6.19000e-01 0.00000e+00 -2.99392e-26
6.20000e-01 0.00000e+00 -2.99875e-26
6.21000e-01 0.00000e+00 -3.00359e-26
6.22000e-01 0.00000e+00 -3.00843e-26
6.23000e-01 0.00000e+00 -3.01326e-26
6.24000e-01 0.00000e+00 -3.01810e-26
6.25000e-01 0.00000e+00 -3.02294e-26
6.26000e-01 0.00000e+00 -3.02777e-26
6.27000e-01 0.00000e+00 -3.03261e-26
6.28000e-01 0.00000e+00 -3.03745e-26
6.29000e-01 0.00000e+00 -3.04228e-26
6.30000e-01 0.00000e+00 -3.04712e-26
6.31000e-01 0.00000e+00 -3.05196e-26
6.32000e-01 0.00000e+00 -3.05679e-26
6.33000e-01 0.00000e+00 -3.06163e-26
6.34000e-01 0.00000e+00 -3.06647e-26
6.35000e-01 0.00000e+00 -3.07130e-26
6.36000e-01 0.00000e+00 -3.07614e-26
6.37000e-01 0.00000e+00 -3.08098e-26
6.38000e-01 0.00000e+00 -3.08581e-26
6.39000e-01 0.00000e+00 -3.09065e-26
6.40000e-01 0.00000e+00 -3.09549e-26
6.41000e-01 0.00000e+00 -3.10032e-26
6.42000e-01 0.00000e+00 -3.10516e-26
6.43000e-01 0.00000e+00 -3.11000e-26
6.44000e-01 0.00000e+00 -3.11483e-26
6.45000e-01 0.00000e+00 -3.11967e-26
6.46000e-01 0.00000e+00 -3.12451e-26
6.47000e-01 0.00000e+00 -3.12934e-26
6.48000e-01 0.00000e+00 -3.13418e-26
6.49000e-01 0.00000e+00 -3.13902e-26
6.50000e-01 0.00000e+00 -3.14385e-26
6.51000e-01 0.00000e+00 -3.14869e-26
6.52000e-01 0.00000e+00 -3.15353e-26
6.53000e-01 0.00000e+00 -3.15836e-26
6.54000e-01 0.00000e+00 -3.16320e-26
6.55000e-01 0.00000e+00 -3.16804e-26
6.56000e-01 0.00000e+00 -3.17287e-26
6.57000e-01 0.00000e+00 -3.17771e-26
6.58000e-01 0.00000e+00 -3.18255e-26
6.59000e-01 0.00000e+00 -3.18738e-26
6.60000e-01 0.00000e+00 -3.19222e-26
6.61000e-01 0.00000e+00 -3.19706e-26
6.62000e-01 0.00000e+00 -3.20189e-26
6.63000e-01 0.00000e+00 -3.20673e-26
6.64000e-01 0.00000e+00 -3.21157e-26
6.65000e-01 0.00000e+00 -3.21640e-26
6.66000e-01 0.00000e+00 -3.22124e-26
6.67000e-01 0.00000e+00 -3.22608e-26
6.68000e-01 0.00000e+00 -3.23091e-26
6.69000e-01 0.00000e+00 -3.23575e-26
6.70000e-01 0.00000e+00 -3.24059e-26
6.71000e-01 0.00000e+00 -3.24542e-26
6.72000e-01 0.00000e+00 -3.25026e-26
6.73000e-01 0.00000e+00 -3.25510e-26
6.74000e-01 0.00000e+00 -3.25993e-26
6.75000e-01 0.00000e+00 -3.26477e-26
6.76000e-01 0.00000e+00 -3.26961e-26
6.77000e-01 0.00000e+00 -3.27444e-26
6.78000e-01 0.00000e+00 -3.27928e-26
6.79000e-01 0.00000e+00 -3.28412e-26
6.80000e-01 0.00000e+00 -3.28895e-26
6.81000e-01 0.00000e+00 -3.29379e-26
6.82000e-01 0.00000e+00 -3.29863e-26
6.83000e-01 0.00000e+00 -3.30346e-26
6.84000e-01 0.00000e+00 -3.30830e-26
6.85000e-01 0.00000e+00 -3.31314e-26
6.86000e-01 0.00000e+00 -3.31797e-26
6.87000e-01 0.00000e+00 -3.32281e-26
6.88000e-01 0.00000e+00 -3.32765e-26
6.89000e-01 0.00000e+00 -3.33248e-26
6.90000e-01 0.00000e+00 -3.33732e-26
6.91000e-01 0.00000e+00 -3.34216e-26
6.92000e-01 0.00000e+00 -3.34699e-26
6.93000e-01 0.00000e+00 -3.35183e-26
6.94000e-01 0.00000e+00 -3.35667e-26
6.95000e-01 0.00000e+00 -3.36150e-26
6.96000e-01 0.00000e+00 -3.36634e-26
6.97000e-01 0.00000e+00 -3.37118e-26
6.98000e-01 0.00000e+00 -3.37602e-26
6.99000e-01 0.00000e+00 -3.38085e-26
7.00000e-01 0.00000e+00 -3.38569e-26
7.01000e-01 0.00000e+00 -3.39053e-26
7.02000e-01 0.00000e+00 -3.39536e-26
7.03000e-01 0.00000e+00 -3.40020e-26
7.04000e-01 0.00000e+00 -3.40504e-26
7.05000e-01 0.00000e+00 -3.40987e-26
7.06000e-01 0.00000e+00 -3.41471e-26
7.07000e-01 0.00000e+00 -3.41955e-26
7.08000e-01 0.00000e+00 -3.42438e-26
7.09000e-01 0.00000e+00 -3.42922e-26
7.10000e-01 0.00000e+00 -3.43406e-26
7.11000e-01 0.00000e+00 -3.43889e-26
7.12000e-01 0.00000e+00 -3.44373e-26
7.13000e-01 0.00000e+00 -3.44857e-26
7.14000e-01 0.00000e+00 -3.45340e-26
7.15000e-01 0.00000e+00 -3.45824e-26
7.16000e-01 0.00000e+00 -3.46308e-26
7.17000e-01 0.00000e+00 -3.46791e-26
7.18000e-01 0.00000e+00 -3.47275e-26
7.19000e-01 0.00000e+00 -3.47759e-26
7.20000e-01 0.00000e+00 -3.48242e-26
7.21000e-01 0.00000e+00 -3.48726e-26
7.22000e-01 0.00000e+00 -3.49210e-26
7.23000e-01 0.00000e+00 -3.49693e-26
7.24000e-01 0.00000e+00 -3.50177e-26
7.25000e-01 0.00000e+00 -3.50661e-26
7.26000e-01 0.00000e+00 -3.51144e-26
7.27000e-01 0.00000e+00 -3.51628e-26
7.28000e-01 0.00000e+00 -3.52112e-26
7.29000e-01 0.00000e+00 -3.52595e-26
7.30000e-01 0.00000e+00 -3.53079e-26
7.31000e-01 0.00000e+00 -3.53563e-26
7.32000e-01 0.00000e+00 -3.54046e-26
7.33000e-01 0.00000e+00 -3.54530e-26
7.34000e-01 0.00000e+00 -3.55014e-26
7.35000e-01 0.00000e+00 -3.55497e-26
7.36000e-01 0.00000e+00 -3.55981e-26
7.37000e-01 0.00000e+00 -3.56465e-26
7.38000e-01 0.00000e+00 -3.56948e-26
7.39000e-01 0.00000e+00 -3.57432e-26
7.40000e-01 0.00000e+00 -3.57916e-26
7.41000e-01 0.00000e+00 -3.58399e-26
7.42000e-01 0.00000e+00 -3.58883e-26
7.43000e-01 0.00000e+00 -3.59367e-26
7.44000e-01 0.00000e+00 -3.59850e-26
7.45000e-01 0.00000e+00 -3.60334e-26
7.46000e-01 0.00000e+00 -3.60818e-26
7.47000e-01 0.00000e+00 -3.61301e-26
7.48000e-01 0.00000e+00 -3.61785e-26
7.49000e-01 0.00000e+00 -3.62269e-26
7.50000e-01 0.00000e+00 -3.62752e-26
7.51000e-01 0.00000e+00 -3.63236e-26
7.52000e-01 0.00000e+00 -3.63720e-26
7.53000e-01 0.00000e+00 -3.64203e-26
7.54000e-01 0.00000e+00 -3.64687e-26
7.55000e-01 0.00000e+00 -3.65171e-26
7.56000e-01 0.00000e+00 -3.65654e-26
7.57000e-01 0.00000e+00 -3.66138e-26
7.58000e-01 0.00000e+00 -3.66622e-26
7.59000e-01 0.00000e+00 -3.67105e-26
7.60000e-01 0.00000e+00 -3.67589e-26
7.61000e-01 0.00000e+00 -3.68073e-26
7.62000e-01 0.00000e+00 -3.68556e-26
7.63000e-01 0.00000e+00 -3.69040e-26
7.64000e-01 0.00000e+00 -3.69524e-26
7.65000e-01 0.00000e+00 -3.70007e-26
7.66000e-01 0.00000e+00 -3.70491e-26
7.67000e-01 0.00000e+00 -3.70975e-26
7.68000e-01 0.00000e+00 -3.71458e-26
7.69000e-01 0.00000e+00 -3.71942e-26
7.70000e-01 0.00000e+00 -3.72426e-26
7.71000e-01 0.00000e+00 -3.72909e-26
7.72000e-01 0.00000e+00 -3.73393e-26
7.73000e-01 0.00000e+00 -3.73877e-26
7.74000e-01 0.00000e+00 -3.74360e-26
7.75000e-01 0.00000e+00 -3.74844e-26
7.76000e-01 0.00000e+00 -3.75328e-26
7.77000e-01 0.00000e+00 -3.75811e-26
7.78000e-01 0.00000e+00 -3.76295e-26
7.79000e-01 0.00000e+00 -3.76779e-26
7.80000e-01 0.00000e+00 -3.77262e-26
7.81000e-01 0.00000e+00 -3.77746e-26
7.82000e-01 0.00000e+00 -3.78230e-26
7.83000e-01 0.00000e+00 -3.78713e-26
7.84000e-01 0.00000e+00 -3.79197e-26
7.85000e-01 0.00000e+00 -3.79681e-26
7.86000e-01 0.00000e+00 -3.80164e-26
7.87000e-01 0.00000e+00 -3.80648e-26
7.88000e-01 0.00000e+00 -3.81132e-26
7.89000e-01 0.00000e+00 -3.81615e-26
7.90000e-01 0.00000e+00 -3.82099e-26
7.91000e-01 0.00000e+00 -3.82583e-26
7.92000e-01 0.00000e+00 -3.83066e-26
7.93000e-01 0.00000e+00 -3.83550e-26
7.94000e-01 0.00000e+00 -3.84034e-26
7.95000e-01 0.00000e+00 -3.84517e-26
7.96000e-01 0.00000e+00 -3.85001e-26
7.97000e-01 0.00000e+00 -3.85485e-26
7.98000e-01 0.00000e+00 -3.85968e-26
7.99000e-01 0.00000e+00 -3.86452e-26
8.00000e-01 0.00000e+00 -3.86936e-26
8.01000e-01 0.00000e+00 -3.87419e-26
8.02000e-01 0.00000e+00 -3.87903e-26
8.03000e-01 0.00000e+00 -3.88387e-26
8.04000e-01 0.00000e+00 -3.88871e-26
8.05000e-01 0.00000e+00 -3.89354e-26
8.06000e-01 0.00000e+00 -3.89838e-26
8.07000e-01 0.00000e+00 -3.90322e-26
8.08000e-01 0.00000e+00 -3.90805e-26
8.09000e-01 0.00000e+00 -3.91289e-26
8.10000e-01 0.00000e+00 -3.91773e-26
8.11000e-01 0.00000e+00 -3.92256e-26
8.12000e-01 0.00000e+00 -3.92740e-26
8.13000e-01 0.00000e+00 -3.93224e-26
8.14000e-01 0.00000e+00 -3.93707e-26
8.15000e-01 0.00000e+00 -3.94191e-26
8.16000e-01 0.00000e+00 -3.94675e-26
8.17000e-01 0.00000e+00 -3.95158e-26
8.18000e-01 0.00000e+00 -3.95642e-26
8.19000e-01 0.00000e+00 -3.96126e-26
8.20000e-01 0.00000e+00 -3.96609e-26
8.21000e-01 0.00000e+00 -3.97093e-26
8.22000e-01 0.00000e+00 -3.97577e-26
8.23000e-01 0.00000e+00 -3.98060e-26
8.24000e-01 0.00000e+00 -3.98544e-26
8.25000e-01 0.00000e+00 -3.99028e-26
8.26000e-01 0.00000e+00 -3.99511e-26
8.27000e-01 0.00000e+00 -3.99995e-26
8.28000e-01 0.00000e+00 -4.00479e-26
8.29000e-01 0.00000e+00 -4.00962e-26
8.30000e-01 0.00000e+00 -4.01446e-26
8.31000e-01 0.00000e+00 -4.01930e-26
8.32000e-01 0.00000e+00 -4.02413e-26
8.33000e-01 0.00000e+00 -4.02897e-26
8.34000e-01 0.00000e+00 -4.03381e-26
8.35000e-01 0.00000e+00 -4.03864e-26
8.36000e-01 0.00000e+00 -4.04348e-26
8.37000e-01 0.00000e+00 -4.04832e-26
8.38000e-01 0.00000e+00 -4.05315e-26
8.39000e-01 0.00000e+00 -4.05799e-26
8.40000e-01 0.00000e+00 -4.06283e-26
8.41000e-01 0.00000e+00 -4.06766e-26
8.42000e-01 0.00000e+00 -4.07250e-26
8.43000e-01 0.00000e+00 -4.07734e-26
8.44000e-01 0.00000e+00 -4.08217e-26
8.45000e-01 0.00000e+00 -4.08701e-26
8.46000e-01 0.00000e+00 -4.09185e-26
8.47000e-01 0.00000e+00 -4.09668e-26
8.48000e-01 0.00000e+00 -4.10152e-26
8.49000e-01 0.00000e+00 -4.10636e-26
8.50000e-01 0.00000e+00 -4.11119e-26
8.51000e-01 0.00000e+00 -4.11603e-26
8.52000e-01 0.00000e+00 -4.12087e-26
8.53000e-01 0.00000e+00 -4.12570e-26
8.54000e-01 0.00000e+00 -4.13054e-26
8.55000e-01 0.00000e+00 -4.13538e-26
8.56000e-01 0.00000e+00 -4.14021e-26
8.57000e-01 0.00000e+00 -4.14505e-26
8.58000e-01 0.00000e+00 -4.14989e-26
8.59000e-01 0.00000e+00 -4.15472e-26
8.60000e-01 0.00000e+00 -4.15956e-26
8.61000e-01 0.00000e+00 -4.16440e-26
8.62000e-01 0.00000e+00 -4.16923e-26
8.63000e-01 0.00000e+00 -4.17407e-26
8.64000e-01 0.00000e+00 -4.17891e-26
8.65000e-01 0.00000e+00 -4.18374e-26
8.66000e-01 0.00000e+00 -4.18858e-26
8.67000e-01 0.00000e+00 -4.19342e-26
8.68000e-01 0.00000e+00 -4.19825e-26
8.69000e-01 0.00000e+00 -4.20309e-26
8.70000e-01 0.00000e+00 -4.20793e-26
8.71000e-01 0.00000e+00 -4.21276e-26
8.72000e-01 0.00000e+00 -4.21760e-26
8.73000e-01 0.00000e+00 -4.22244e-26
8.74000e-01 0.00000e+00 -4.22727e-26
8.75000e-01 0.00000e+00 -4.23211e-26
8.76000e-01 0.00000e+00 -4.23695e-26
8.77000e-01 0.00000e+00 -4.24178e-26
8.78000e-01 0.00000e+00 -4.24662e-26
8.79000e-01 0.00000e+00 -4.25146e-26
8.80000e-01 0.00000e+00 -4.25629e-26
8.81000e-01 0.00000e+00 -4.26113e-26
8.82000e-01 0.00000e+00 -4.26597e-26
8.83000e-01 0.00000e+00 -4.27080e-26
8.84000e-01 0.00000e+00 -4.27564e-26
8.85000e-01 0.00000e+00 -4.28048e-26
8.86000e-01 0.00000e+00 -4.28531e-26
8.87000e-01 0.00000e+00 -4.29015e-26
8.88000e-01 0.00000e+00 -4.29499e-26
8.89000e-01 0.00000e+00 -4.29982e-26
8.90000e-01 0.00000e+00 -4.30466e-26
8.91000e-01 0.00000e+00 -4.30950e-26
8.92000e-01 0.00000e+00 -4.31433e-26
8.93000e-01 0.00000e+00 -4.31917e-26
8.94000e-01 0.00000e+00 -4.32401e-26
8.95000e-01 0.00000e+00 -4.32884e-26
8.96000e-01 0.00000e+00 -4.33368e-26
8.97000e-01 0.00000e+00 -4.33852e-26
8.98000e-01 0.00000e+00 -4.34335e-26
8.99000e-01 0.00000e+00 -4.34819e-26
9.00000e-01 0.00000e+00 -4.35303e-26
9.01000e-01 0.00000e+00 -4.35786e-26
9.02000e-01 0.00000e+00 -4.36270e-26
9.03000e-01 0.00000e+00 -4.36754e-26
9.04000e-01 0.00000e+00 -4.37237e-26
9.05000e-01 0.00000e+00 -4.37721e-26
9.06000e-01 0.00000e+00 -4.38205e-26
9.07000e-01 0.00000e+00 -4.38688e-26
9.08000e-01 0.00000e+00 -4.39172e-26
9.09000e-01 0.00000e+00 -4.39656e-26
9.10000e-01 0.00000e+00 -4.40140e-26
9.11000e-01 0.00000e+00 -4.40623e-26
9.12000e-01 0.00000e+00 -4.41107e-26
9.13000e-01 0.00000e+00 -4.41591e-26
9.14000e-01 0.00000e+00 -4.42074e-26
9.15000e-01 0.00000e+00 -4.42558e-26
9.16000e-01 0.00000e+00 -4.43042e-26
9.17000e-01 0.00000e+00 -4.43525e-26
9.18000e-01 0.00000e+00 -4.44009e-26
9.19000e-01 0.00000e+00 -4.44493e-26
9.20000e-01 0.00000e+00 -4.44976e-26
9.21000e-01 0.00000e+00 -4.45460e-26
9.22000e-01 0.00000e+00 -4.45944e-26
9.23000e-01 0.00000e+00 -4.46427e-26
9.24000e-01 0.00000e+00 -4.46911e-26
9.25000e-01 0.00000e+00 -4.47395e-26
9.26000e-01 0.00000e+00 -4.47878e-26
9.27000e-01 0.00000e+00 -4.48362e-26
9.28000e-01 0.00000e+00 -4.48846e-26
9.29000e-01 0.00000e+00 -4.49329e-26
9.30000e-01 0.00000e+00 -4.49813e-26
9.31000e-01 0.00000e+00 -4.50297e-26
9.32000e-01 0.00000e+00 -4.50780e-26
9.33000e-01 0.00000e+00 -4.51264e-26
9.34000e-01 0.00000e+00 -4.51748e-26
9.35000e-01 0.00000e+00 -4.52231e-26
9.36000e-01 0.00000e+00 -4.52715e-26
9.37000e-01 0.00000e+00 -4.53199e-26
9.38000e-01 0.00000e+00 -4.53682e-26
9.39000e-01 0.00000e+00 -4.54166e-26
9.40000e-01 0.00000e+00 -4.54650e-26
9.41000e-01 0.00000e+00 -4.55133e-26
9.42000e-01 0.00000e+00 -4.55617e-26
9.43000e-01 0.00000e+00 -4.56101e-26
9.44000e-01 0.00000e+00 -4.56584e-26
9.45000e-01 0.00000e+00 -4.57068e-26
9.46000e-01 0.00000e+00 -4.57552e-26
9.47000e-01 0.00000e+00 -4.58035e-26
9.48000e-01 0.00000e+00 -4.58519e-26
9.49000e-01 0.00000e+00 -4.59003e-26
9.50000e-01 0.00000e+00 -4.59486e-26
9.51000e-01 0.00000e+00 -4.59970e-26
9.52000e-01 0.00000e+00 -4.60454e-26
9.53000e-01 0.00000e+00 -4.60937e-26
9.54000e-01 0.00000e+00 -4.61421e-26
9.55000e-01 0.00000e+00 -4.61905e-26
9.56000e-01 0.00000e+00 -4.62388e-26
9.57000e-01 0.00000e+00 -4.62872e-26
9.58000e-01 0.00000e+00 -4.63356e-26
9.59000e-01 0.00000e+00 -4.63839e-26
9.60000e-01 0.00000e+00 -4.64323e-26
9.61000e-01 0.00000e+00 -4.64807e-26
9.62000e-01 0.00000e+00 -4.65290e-26
9.63000e-01 0.00000e+00 -4.65774e-26
9.64000e-01 0.00000e+00 -4.66258e-26
9.65000e-01 0.00000e+00 -4.66741e-26
9.66000e-01 0.00000e+00 -4.67225e-26
9.67000e-01 0.00000e+00 -4.67709e-26
9.68000e-01 0.00000e+00 -4.68192e-26
9.69000e-01 0.00000e+00 -4.68676e-26
9.70000e-01 0.00000e+00 -4.69160e-26
9.71000e-01 0.00000e+00 -4.69643e-26
9.72000e-01 0.00000e+00 -4.70127e-26
9.73000e-01 0.00000e+00 -4.70611e-26
9.74000e-01 0.00000e+00 -4.71094e-26
9.75000e-01 0.00000e+00 -4.71578e-26
9.76000e-01 0.00000e+00 -4.72062e-26
9.77000e-01 0.00000e+00 -4.72545e-26
9.78000e-01 0.00000e+00 -4.73029e-26
9.79000e-01 0.00000e+00 -4.73513e-26
9.80000e-01 0.00000e+00 -4.73996e-26
9.81000e-01 0.00000e+00 -4.74480e-26
9.82000e-01 0.00000e+00 -4.74964e-26
9.83000e-01 0.00000e+00 -4.75447e-26
9.84000e-01 0.00000e+00 -4.75931e-26
9.85000e-01 0.00000e+00 -4.76415e-26
9.86000e-01 0.00000e+00 -4.76898e-26
9.87000e-01 0.00000e+00 -4.77382e-26
9.88000e-01 0.00000e+00 -4.77866e-26
9.89000e-01 0.00000e+00 -4.78349e-26
9.90000e-01 0.00000e+00 -4.78833e-26
9.91000e-01 0.00000e+00 -4.79317e-26
9.92000e-01 0.00000e+00 -4.79800e-26
9.93000e-01 0.00000e+00 -4.80284e-26
9.94000e-01 0.00000e+00 -4.80768e-26
9.95000e-01 0.00000e+00 -4.81251e-26
9.96000e-01 0.00000e+00 -4.81735e-26
9.97000e-01 0.00000e+00 -4.82219e-26
9.98000e-01 0.00000e+00 -4.82702e-26
9.99000e-01 0.00000e+00 -4.83186e-26
1.00000e+00 0.00000e+00 -4.83670e-26
