1.00000e-03 2.00401e+00 -4.83670e-29
2.00000e-03 2.00803e+00 -9.67340e-29
3.00000e-03 2.01207e+00 -1.45101e-28
4.00000e-03 2.01613e+00 -1.93468e-28
5.00000e-03 2.02020e+00 -2.41835e-28
6.00000e-03 2.02429e+00 -2.90202e-28
7.00000e-03 2.02840e+00 -3.38569e-28
8.00000e-03 2.03252e+00 -3.86936e-28
9.00000e-03 2.03666e+00 -4.35303e-28
1.00000e-02 2.04082e+00 -4.83670e-28
1.10000e-02 2.04499e+00 -5.32037e-28
1.20000e-02 2.04918e+00 -5.80404e-28
1.30000e-02 2.05339e+00 -6.28771e-28
1.40000e-02 2.05761e+00 -6.77138e-28
1.50000e-02 2.06186e+00 -7.25505e-28
1.60000e-02 2.06612e+00 -7.73872e-28
1.70000e-02 2.07039e+00 -8.22239e-28
1.80000e-02 2.07469e+00 -8.70606e-28
1.90000e-02 2.07900e+00 -9.18973e-28
2.00000e-02 2.08333e+00 -9.67340e-28
2.10000e-02 2.08768e+00 -1.01571e-27
2.20000e-02 2.09205e+00 -1.06407e-27
2.30000e-02 2.09644e+00 -1.11244e-27
2.40000e-02 2.10084e+00 -1.16081e-27
2.50000e-02 2.10526e+00 -1.20917e-27
2.60000e-02 2.10970e+00 -1.25754e-27
2.70000e-02 2.11416e+00 -1.30591e-27
2.80000e-02 2.11864e+00 -1.35428e-27
2.90000e-02 2.12314e+00 -1.40264e-27
3.00000e-02 2.12766e+00 -1.45101e-27
3.10000e-02 2.13220e+00 -1.49938e-27
3.20000e-02 2.13675e+00 -1.54774e-27
3.30000e-02 2.14133e+00 -1.59611e-27
3.40000e-02 2.14592e+00 -1.64448e-27
3.50000e-02 2.15054e+00 -1.69284e-27
3.60000e-02 2.15517e+00 -1.74121e-27
3.70000e-02 2.15983e+00 -1.78958e-27
3.80000e-02 2.16450e+00 -1.83795e-27
3.90000e-02 2.16920e+00 -1.88631e-27
4.00000e-02 2.17391e+00 -1.93468e-27
4.10000e-02 2.17865e+00 -1.98305e-27
4.20000e-02 2.18341e+00 -2.03141e-27
4.30000e-02 2.18818e+00 -2.07978e-27
4.40000e-02 2.19298e+00 -2.12815e-27
4.50000e-02 2.19780e+00 -2.17651e-27
4.60000e-02 2.20264e+00 -2.22488e-27
4.70000e-02 2.20751e+00 -2.27325e-27
4.80000e-02 2.21239e+00 -2.32161e-27
4.90000e-02 2.21729e+00 -2.36998e-27
5.00000e-02 2.22222e+00 -2.41835e-27
5.10000e-02 2.22717e+00 -2.46672e-27
5.20000e-02 2.23214e+00 -2.51508e-27
5.30000e-02 2.23714e+00 -2.56345e-27
5.40000e-02 2.24215e+00 -2.61182e-27
5.50000e-02 2.24719e+00 -2.66018e-27
5.60000e-02 2.25225e+00 -2.70855e-27
5.70000e-02 2.25734e+00 -2.75692e-27
5.80000e-02 2.26244e+00 -2.80528e-27
5.90000e-02 2.26757e+00 -2.85365e-27
6.00000e-02 2.27273e+00 -2.90202e-27
6.10000e-02 2.27790e+00 -2.95039e-27
6.20000e-02 2.28311e+00 -2.99875e-27
6.30000e-02 2.28833e+00 -3.04712e-27
6.40000e-02 2.29358e+00 -3.09549e-27
6.50000e-02 2.29885e+00 -3.14385e-27
6.60000e-02 2.30415e+00 -3.19222e-27
6.70000e-02 2.30947e+00 -3.24059e-27
6.80000e-02 2.31481e+00 -3.28895e-27
6.90000e-02 2.32019e+00 -3.33732e-27
7.00000e-02 2.32558e+00 -3.38569e-27
7.10000e-02 2.33100e+00 -3.43406e-27
7.20000e-02 2.33645e+00 -3.48242e-27
7.30000e-02 2.34192e+00 -3.53079e-27
7.40000e-02 2.34742e+00 -3.57916e-27
7.50000e-02 2.35294e+00 -3.62752e-27
7.60000e-02 2.35849e+00 -3.67589e-27
7.70000e-02 2.36407e+00 -3.72426e-27
7.80000e-02 2.36967e+00 -3.77262e-27
7.90000e-02 2.37530e+00 -3.82099e-27
8.00000e-02 2.38095e+00 -3.86936e-27
8.10000e-02 2.38663e+00 -3.91773e-27
8.20000e-02 2.39234e+00 -3.96609e-27
8.30000e-02 2.39808e+00 -4.01446e-27
8.40000e-02 2.40385e+00 -4.06283e-27
8.50000e-02 2.40964e+00 -4.11119e-27
8.60000e-02 2.41546e+00 -4.15956e-27
8.70000e-02 2.42131e+00 -4.20793e-27
8.80000e-02 2.42718e+00 -4.25629e-27
8.90000e-02 2.43309e+00 -4.30466e-27
9.00000e-02 2.43902e+00 -4.35303e-27
9.10000e-02 2.44499e+00 -4.40140e-27
9.20000e-02 2.45098e+00 -4.44976e-27
9.30000e-02 2.45700e+00 -4.49813e-27
9.40000e-02 2.46305e+00 -4.54650e-27
9.50000e-02 2.46914e+00 -4.59486e-27
9.60000e-02 2.47525e+00 -4.64323e-27
9.70000e-02 2.48139e+00 -4.69160e-27
9.80000e-02 2.48756e+00 -4.73996e-27
9.90000e-02 2.49377e+00 -4.78833e-27
1.00000e-01 2.50000e+00 -4.83670e-27
1.01000e-01 2.50627e+00 -4.88506e-27
1.02000e-01 2.51256e+00 -4.93343e-27
1.03000e-01 2.51889e+00 -4.98180e-27
1.04000e-01 2.52525e+00 -5.03017e-27
1.05000e-01 2.53165e+00 -5.07853e-27
1.06000e-01 2.53807e+00 -5.12690e-27
1.07000e-01 2.54453e+00 -5.17527e-27
1.08000e-01 2.55102e+00 -5.22363e-27
1.09000e-01 2.55754e+00 -5.27200e-27
1.10000e-01 2.56410e+00 -5.32037e-27
1.11000e-01 2.57069e+00 -5.36873e-27
1.12000e-01 2.57732e+00 -5.41710e-27
1.13000e-01 2.58398e+00 -5.46547e-27
1.14000e-01 2.59067e+00 -5.51384e-27
1.15000e-01 2.59740e+00 -5.56220e-27
1.16000e-01 2.60417e+00 -5.61057e-27
1.17000e-01 2.61097e+00 -5.65894e-27
1.18000e-01 2.61780e+00 -5.70730e-27
1.19000e-01 2.62467e+00 -5.75567e-27
1.20000e-01 2.63158e+00 -5.80404e-27
1.21000e-01 2.63852e+00 -5.85240e-27
1.22000e-01 2.64550e+00 -5.90077e-27
1.23000e-01 2.65252e+00 -5.94914e-27
1.24000e-01 2.65957e+00 -5.99751e-27
1.25000e-01 2.66667e+00 -6.04587e-27
1.26000e-01 2.67380e+00 -6.09424e-27
1.27000e-01 2.68097e+00 -6.14261e-27
1.28000e-01 2.68817e+00 -6.19097e-27
1.29000e-01 2.69542e+00 -6.23934e-27
1.30000e-01 2.70270e+00 -6.28771e-27
1.31000e-01 2.71003e+00 -6.33607e-27
1.32000e-01 2.71739e+00 -6.38444e-27
1.33000e-01 2.72480e+00 -6.43281e-27
1.34000e-01 2.73224e+00 -6.48118e-27
1.35000e-01 2.73973e+00 -6.52954e-27
1.36000e-01 2.74725e+00 -6.57791e-27
1.37000e-01 2.75482e+00 -6.62628e-27
1.38000e-01 2.76243e+00 -6.67464e-27
1.39000e-01 2.77008e+00 -6.72301e-27
1.40000e-01 2.77778e+00 -6.77138e-27
1.41000e-01 2.78552e+00 -6.81974e-27
1.42000e-01 2.79330e+00 -6.86811e-27
1.43000e-01 2.80112e+00 -6.91648e-27
1.44000e-01 2.80899e+00 -6.96484e-27
1.45000e-01 2.81690e+00 -7.01321e-27
1.46000e-01 2.82486e+00 -7.06158e-27
1.47000e-01 2.83286e+00 -7.10995e-27
1.48000e-01 2.84091e+00 -7.15831e-27
1.49000e-01 2.84900e+00 -7.20668e-27
1.50000e-01 2.85714e+00 -7.25505e-27
1.51000e-01 2.86533e+00 -7.30341e-27
1.52000e-01 2.87356e+00 -7.35178e-27
1.53000e-01 2.88184e+00 -7.40015e-27
1.54000e-01 2.89017e+00 -7.44851e-27
1.55000e-01 2.89855e+00 -7.49688e-27
1.56000e-01 2.90698e+00 -7.54525e-27
1.57000e-01 2.91545e+00 -7.59362e-27
1.58000e-01 2.92398e+00 -7.64198e-27
1.59000e-01 2.93255e+00 -7.69035e-27
1.60000e-01 2.94118e+00 -7.73872e-27
1.61000e-01 2.94985e+00 -7.78708e-27
1.62000e-01 2.95858e+00 -7.83545e-27
1.63000e-01 2.96736e+00 -7.88382e-27
1.64000e-01 2.97619e+00 -7.93218e-27
1.65000e-01 2.98507e+00 -7.98055e-27
1.66000e-01 2.99401e+00 -8.02892e-27
1.67000e-01 3.00300e+00 -8.07729e-27
1.68000e-01 3.01205e+00 -8.12565e-27
1.69000e-01 3.02115e+00 -8.17402e-27
1.70000e-01 3.03030e+00 -8.22239e-27
1.71000e-01 3.03951e+00 -8.27075e-27
1.72000e-01 3.04878e+00 -8.31912e-27
1.73000e-01 3.05810e+00 -8.36749e-27
1.74000e-01 3.06748e+00 -8.41585e-27
1.75000e-01 3.07692e+00 -8.46422e-27
1.76000e-01 3.08642e+00 -8.51259e-27
1.77000e-01 3.09598e+00 -8.56096e-27
1.78000e-01 3.10559e+00 -8.60932e-27
1.79000e-01 3.11526e+00 -8.65769e-27
1.80000e-01 3.12500e+00 -8.70606e-27
1.81000e-01 3.13480e+00 -8.75442e-27
1.82000e-01 3.14465e+00 -8.80279e-27
1.83000e-01 3.15457e+00 -8.85116e-27
1.84000e-01 3.16456e+00 -8.89952e-27
1.85000e-01 3.17460e+00 -8.94789e-27
1.86000e-01 3.18471e+00 -8.99626e-27
1.87000e-01 3.19489e+00 -9.04462e-27
1.88000e-01 3.20513e+00 -9.09299e-27
1.89000e-01 3.21543e+00 -9.14136e-27
1.90000e-01 3.22581e+00 -9.18973e-27
1.91000e-01 3.23625e+00 -9.23809e-27
1.92000e-01 3.24675e+00 -9.28646e-27
1.93000e-01 3.25733e+00 -9.33483e-27
1.94000e-01 3.26797e+00 -9.38319e-27
1.95000e-01 3.27869e+00 -9.43156e-27
1.96000e-01 3.28947e+00 -9.47993e-27
1.97000e-01 3.30033e+00 -9.52829e-27
1.98000e-01 3.31126e+00 -9.57666e-27
1.99000e-01 3.32226e+00 -9.62503e-27
2.00000e-01 3.33333e+00 -9.67340e-27
2.01000e-01 3.34448e+00 -9.72176e-27
2.02000e-01 3.35570e+00 -9.77013e-27
2.03000e-01 3.36700e+00 -9.81850e-27
2.04000e-01 3.37838e+00 -9.86686e-27
2.05000e-01 3.38983e+00 -9.91523e-27
2.06000e-01 3.40136e+00 -9.96360e-27
2.07000e-01 3.41297e+00 -1.00120e-26
2.08000e-01 3.42466e+00 -1.00603e-26
2.09000e-01 3.43643e+00 -1.01087e-26
2.10000e-01 3.44828e+00 -1.01571e-26
2.11000e-01 3.46021e+00 -1.02054e-26
2.12000e-01 3.47222e+00 -1.02538e-26
2.13000e-01 3.48432e+00 -1.03022e-26
2.14000e-01 3.49650e+00 -1.03505e-26
2.15000e-01 3.50877e+00 -1.03989e-26
2.16000e-01 3.52113e+00 -1.04473e-26
2.17000e-01 3.53357e+00 -1.04956e-26
2.18000e-01 3.54610e+00 -1.05440e-26
2.19000e-01 3.55872e+00 -1.05924e-26
2.20000e-01 3.57143e+00 -1.06407e-26
2.21000e-01 3.58423e+00 -1.06891e-26
2.22000e-01 3.59712e+00 -1.07375e-26
2.23000e-01 3.61011e+00 -1.07858e-26
2.24000e-01 3.62319e+00 -1.08342e-26
2.25000e-01 3.63636e+00 -1.08826e-26
2.26000e-01 3.64964e+00 -1.09309e-26
2.27000e-01 3.66300e+00 -1.09793e-26
2.28000e-01 3.67647e+00 -1.10277e-26
2.29000e-01 3.69004e+00 -1.10760e-26
2.30000e-01 3.70370e+00 -1.11244e-26
2.31000e-01 3.71747e+00 -1.11728e-26
2.32000e-01 3.73134e+00 -1.12211e-26
2.33000e-01 3.74532e+00 -1.12695e-26
2.34000e-01 3.75940e+00 -1.13179e-26
2.35000e-01 3.77358e+00 -1.13662e-26
2.36000e-01 3.78788e+00 -1.14146e-26
2.37000e-01 3.80228e+00 -1.14630e-26
2.38000e-01 3.81679e+00 -1.15113e-26
2.39000e-01 3.83142e+00 -1.15597e-26
2.40000e-01 3.84615e+00 -1.16081e-26
2.41000e-01 3.86100e+00 -1.16564e-26
2.42000e-01 3.87597e+00 -1.17048e-26
2.43000e-01 3.89105e+00 -1.17532e-26
2.44000e-01 3.90625e+00 -1.18015e-26
2.45000e-01 3.92157e+00 -1.18499e-26
2.46000e-01 3.93701e+00 -1.18983e-26
2.47000e-01 3.95257e+00 -1.19466e-26
2.48000e-01 3.96825e+00 -1.19950e-26
2.49000e-01 3.98406e+00 -1.20434e-26
2.50000e-01 4.00000e+00 -1.20917e-26
2.51000e-01 4.01606e+00 -1.21401e-26
2.52000e-01 4.03226e+00 -1.21885e-26
2.53000e-01 4.04858e+00 -1.22368e-26
2.54000e-01 4.06504e+00 -1.22852e-26
2.55000e-01 4.08163e+00 -1.23336e-26
2.56000e-01 4.09836e+00 -1.23819e-26
2.57000e-01 4.11523e+00 -1.24303e-26
2.58000e-01 4.13223e+00 -1.24787e-26
2.59000e-01 4.14938e+00 -1.25270e-26
2.60000e-01 4.16667e+00 -1.25754e-26
2.61000e-01 4.18410e+00 -1.26238e-26
2.62000e-01 4.20168e+00 -1.26721e-26
2.63000e-01 4.21941e+00 -1.27205e-26
2.64000e-01 4.23729e+00 -1.27689e-26
2.65000e-01 4.25532e+00 -1.28172e-26
2.66000e-01 4.27350e+00 -1.28656e-26
2.67000e-01 4.29185e+00 -1.29140e-26
2.68000e-01 4.31034e+00 -1.29624e-26
2.69000e-01 4.32900e+00 -1.30107e-26
2.70000e-01 4.34783e+00 -1.30591e-26
2.71000e-01 4.36681e+00 -1.31075e-26
2.72000e-01 4.38596e+00 -1.31558e-26
2.73000e-01 4.40529e+00 -1.32042e-26
2.74000e-01 4.42478e+00 -1.32526e-26
2.75000e-01 4.44444e+00 -1.33009e-26
2.76000e-01 4.46429e+00 -1.33493e-26
2.77000e-01 4.48430e+00 -1.33977e-26
2.78000e-01 4.50450e+00 -1.34460e-26
2.79000e-01 4.52489e+00 -1.34944e-26
2.80000e-01 4.54545e+00 -1.35428e-26
2.81000e-01 4.56621e+00 -1.35911e-26
2.82000e-01 4.58716e+00 -1.36395e-26
2.83000e-01 4.60829e+00 -1.36879e-26
2.84000e-01 4.62963e+00 -1.37362e-26
2.85000e-01 4.65116e+00 -1.37846e-26
2.86000e-01 4.67290e+00 -1.38330e-26
2.87000e-01 4.69484e+00 -1.38813e-26
2.88000e-01 4.71698e+00 -1.39297e-26
2.89000e-01 4.73934e+00 -1.39781e-26
2.90000e-01 4.76190e+00 -1.40264e-26
2.91000e-01 4.78469e+00 -1.40748e-26
2.92000e-01 4.80769e+00 -1.41232e-26
2.93000e-01 4.83092e+00 -1.41715e-26
2.94000e-01 4.85437e+00 -1.42199e-26
2.95000e-01 4.87805e+00 -1.42683e-26
2.96000e-01 4.90196e+00 -1.43166e-26
2.97000e-01 4.92611e+00 -1.43650e-26
2.98000e-01 4.95050e+00 -1.44134e-26
2.99000e-01 4.97512e+00 -1.44617e-26
3.00000e-01 5.00000e+00 -1.45101e-26
3.01000e-01 5.02513e+00 -1.45585e-26
3.02000e-01 5.05051e+00 -1.46068e-26
3.03000e-01 5.07614e+00 -1.46552e-26
3.04000e-01 5.10204e+00 -1.47036e-26
3.05000e-01 5.12821e+00 -1.47519e-26
3.06000e-01 5.15464e+00 -1.48003e-26
3.07000e-01 5.18135e+00 -1.48487e-26
3.08000e-01 5.20833e+00 -1.48970e-26
3.09000e-01 5.23560e+00 -1.49454e-26
3.10000e-01 5.26316e+00 -1.49938e-26
3.11000e-01 5.29101e+00 -1.50421e-26
3.12000e-01 5.31915e+00 -1.50905e-26
3.13000e-01 5.34759e+00 -1.51389e-26
3.14000e-01 5.37634e+00 -1.51872e-26
3.15000e-01 5.40541e+00 -1.52356e-26
3.16000e-01 5.43478e+00 -1.52840e-26
3.17000e-01 5.46448e+00 -1.53323e-26
3.18000e-01 5.49451e+00 -1.53807e-26
3.19000e-01 5.52486e+00 -1.54291e-26
3.20000e-01 5.55556e+00 -1.54774e-26
3.21000e-01 5.58659e+00 -1.55258e-26
3.22000e-01 5.61798e+00 -1.55742e-26
3.23000e-01 5.64972e+00 -1.56225e-26
3.24000e-01 5.68182e+00 -1.56709e-26
3.25000e-01 5.71429e+00 -1.57193e-26
3.26000e-01 5.74713e+00 -1.57676e-26
3.27000e-01 5.78035e+00 -1.58160e-26
3.28000e-01 5.81395e+00 -1.58644e-26
3.29000e-01 5.84795e+00 -1.59127e-26
3.30000e-01 5.88235e+00 -1.59611e-26
3.31000e-01 5.91716e+00 -1.60095e-26
3.32000e-01 5.95238e+00 -1.60578e-26
3.33000e-01 5.98802e+00 -1.61062e-26
3.34000e-01 6.02410e+00 -1.61546e-26
3.35000e-01 6.06061e+00 -1.62029e-26
3.36000e-01 6.09756e+00 -1.62513e-26
3.37000e-01 6.13497e+00 -1.62997e-26
3.38000e-01 6.17284e+00 -1.63480e-26
3.39000e-01 6.21118e+00 -1.63964e-26
3.40000e-01 6.25000e+00 -1.64448e-26
3.41000e-01 6.28931e+00 -1.64931e-26
3.42000e-01 6.32911e+00 -1.65415e-26
3.43000e-01 6.36943e+00 -1.65899e-26
3.44000e-01 6.41026e+00 -1.66382e-26
3.45000e-01 6.45161e+00 -1.66866e-26
3.46000e-01 6.49351e+00 -1.67350e-26
3.47000e-01 6.53595e+00 -1.67833e-26
3.48000e-01 6.57895e+00 -1.68317e-26
3.49000e-01 6.62252e+00 -1.68801e-26
3.50000e-01 6.66667e+00 -1.69284e-26
3.51000e-01 6.71141e+00 -1.69768e-26
3.52000e-01 6.75676e+00 -1.70252e-26
3.53000e-01 6.80272e+00 -1.70735e-26
3.54000e-01 6.84932e+00 -1.71219e-26
3.55000e-01 6.89655e+00 -1.71703e-26
3.56000e-01 6.94444e+00 -1.72186e-26
3.57000e-01 6.99301e+00 -1.72670e-26
3.58000e-01 7.04225e+00 -1.73154e-26
3.59000e-01 7.09220e+00 -1.73637e-26
3.60000e-01 7.14286e+00 -1.74121e-26
3.61000e-01 7.19424e+00 -1.74605e-26
3.62000e-01 7.24638e+00 -1.75088e-26
3.63000e-01 7.29927e+00 -1.75572e-26
3.64000e-01 7.35294e+00 -1.76056e-26
3.65000e-01 7.40741e+00 -1.76539e-26
3.66000e-01 7.46269e+00 -1.77023e-26
3.67000e-01 7.51880e+00 -1.77507e-26
3.68000e-01 7.57576e+00 -1.77990e-26
3.69000e-01 7.63359e+00 -1.78474e-26
3.70000e-01 7.69231e+00 -1.78958e-26
3.71000e-01 7.75194e+00 -1.79441e-26
3.72000e-01 7.81250e+00 -1.79925e-26
3.73000e-01 7.87402e+00 -1.80409e-26
3.74000e-01 7.93651e+00 -1.80892e-26
3.75000e-01 8.00000e+00 -1.81376e-26
3.76000e-01 8.06452e+00 -1.81860e-26
3.77000e-01 8.13008e+00 -1.82344e-26
3.78000e-01 8.19672e+00 -1.82827e-26
3.79000e-01 8.26446e+00 -1.83311e-26
3.80000e-01 8.33333e+00 -1.83795e-26
3.81000e-01 8.40336e+00 -1.84278e-26
3.82000e-01 8.47458e+00 -1.84762e-26
3.83000e-01 8.54701e+00 -1.85246e-26
3.84000e-01 8.62069e+00 -1.85729e-26
3.85000e-01 8.69565e+00 -1.86213e-26
3.86000e-01 8.77193e+00 -1.86697e-26
3.87000e-01 8.84956e+00 -1.87180e-26
3.88000e-01 8.92857e+00 -1.87664e-26
3.89000e-01 9.00901e+00 -1.88148e-26
3.90000e-01 9.09091e+00 -1.88631e-26
3.91000e-01 9.17431e+00 -1.89115e-26
3.92000e-01 9.25926e+00 -1.89599e-26
3.93000e-01 9.34579e+00 -1.90082e-26
3.94000e-01 9.43396e+00 -1.90566e-26
3.95000e-01 9.52381e+00 -1.91050e-26
3.96000e-01 9.61538e+00 -1.91533e-26
3.97000e-01 9.70874e+00 -1.92017e-26
3.98000e-01 9.80392e+00 -1.92501e-26
3.99000e-01 9.90099e+00 -1.92984e-26
4.00000e-01 1.00000e+01 -1.93468e-26
4.01000e-01 1.01010e+01 -1.93952e-26
4.02000e-01 1.02041e+01 -1.94435e-26
4.03000e-01 1.03093e+01 -1.94919e-26
4.04000e-01 1.04167e+01 -1.95403e-26
4.05000e-01 1.05263e+01 -1.95886e-26
4.06000e-01 1.06383e+01 -1.96370e-26
4.07000e-01 1.07527e+01 -1.96854e-26
4.08000e-01 1.08696e+01 -1.97337e-26
4.09000e-01 1.09890e+01 -1.97821e-26
4.10000e-01 1.11111e+01 -1.98305e-26
4.11000e-01 1.12360e+01 -1.98788e-26
4.12000e-01 1.13636e+01 -1.99272e-26
4.13000e-01 1.14943e+01 -1.99756e-26
4.14000e-01 1.16279e+01 -2.00239e-26
4.15000e-01 1.17647e+01 -2.00723e-26
4.16000e-01 1.19048e+01 -2.01207e-26
4.17000e-01 1.20482e+01 -2.01690e-26
4.18000e-01 1.21951e+01 -2.02174e-26
4.19000e-01 1.23457e+01 -2.02658e-26
4.20000e-01 1.25000e+01 -2.03141e-26
4.21000e-01 1.26582e+01 -2.03625e-26
4.22000e-01 1.28205e+01 -2.04109e-26
4.23000e-01 1.29870e+01 -2.04592e-26
4.24000e-01 1.31579e+01 -2.05076e-26
4.25000e-01 1.33333e+01 -2.05560e-26
4.26000e-01 1.35135e+01 -2.06043e-26
4.27000e-01 1.36986e+01 -2.06527e-26
4.28000e-01 1.38889e+01 -2.07011e-26
4.29000e-01 1.40845e+01 -2.07494e-26
4.30000e-01 1.42857e+01 -2.07978e-26
4.31000e-01 1.44928e+01 -2.08462e-26
4.32000e-01 1.47059e+01 -2.08945e-26
4.33000e-01 1.49254e+01 -2.09429e-26
4.34000e-01 1.51515e+01 -2.09913e-26
4.35000e-01 1.53846e+01 -2.10396e-26
4.36000e-01 1.56250e+01 -2.10880e-26
4.37000e-01 1.58730e+01 -2.11364e-26
4.38000e-01 1.61290e+01 -2.11847e-26
4.39000e-01 1.63934e+01 -2.12331e-26
4.40000e-01 1.66667e+01 -2.12815e-26
4.41000e-01 1.69492e+01 -2.13298e-26
4.42000e-01 1.72414e+01 -2.13782e-26
4.43000e-01 1.75439e+01 -2.14266e-26
4.44000e-01 1.78571e+01 -2.14749e-26
4.45000e-01 1.81818e+01 -2.15233e-26
4.46000e-01 1.85185e+01 -2.15717e-26
4.47000e-01 1.88679e+01 -2.16200e-26
4.48000e-01 1.92308e+01 -2.16684e-26
4.49000e-01 1.96078e+01 -2.17168e-26
4.50000e-01 2.00000e+01 -2.17651e-26
4.51000e-01 2.04082e+01 -2.18135e-26
4.52000e-01 2.08333e+01 -2.18619e-26
4.53000e-01 2.12766e+01 -2.19102e-26
4.54000e-01 2.17391e+01 -2.19586e-26
4.55000e-01 2.22222e+01 -2.20070e-26
4.56000e-01 2.27273e+01 -2.20553e-26
4.57000e-01 2.32558e+01 -2.21037e-26
4.58000e-01 2.38095e+01 -2.21521e-26
4.59000e-01 2.43902e+01 -2.22004e-26
4.60000e-01 2.50000e+01 -2.22488e-26
4.61000e-01 2.56410e+01 -2.22972e-26
4.62000e-01 2.63158e+01 -2.23455e-26
4.63000e-01 2.70270e+01 -2.23939e-26
4.64000e-01 2.77778e+01 -2.24423e-26
4.65000e-01 2.85714e+01 -2.24906e-26
4.66000e-01 2.94118e+01 -2.25390e-26
4.67000e-01 3.03030e+01 -2.25874e-26
4.68000e-01 3.12500e+01 -2.26357e-26
4.69000e-01 3.22581e+01 -2.26841e-26
4.70000e-01 3.33333e+01 -2.27325e-26
4.71000e-01 3.44828e+01 -2.27808e-26
4.72000e-01 3.57143e+01 -2.28292e-26
4.73000e-01 3.70370e+01 -2.28776e-26
4.74000e-01 3.84615e+01 -2.29259e-26
4.75000e-01 4.00000e+01 -2.29743e-26
4.76000e-01 4.16667e+01 -2.30227e-26
4.77000e-01 4.34783e+01 -2.30710e-26
4.78000e-01 4.54545e+01 -2.31194e-26
4.79000e-01 4.76190e+01 -2.31678e-26
4.80000e-01 5.00000e+01 -2.32161e-26
4.81000e-01 5.26316e+01 -2.32645e-26
4.82000e-01 5.55556e+01 -2.33129e-26
4.83000e-01 5.88235e+01 -2.33613e-26
4.84000e-01 6.25000e+01 -2.34096e-26
4.85000e-01 6.66667e+01 -2.34580e-26
4.86000e-01 7.14286e+01 -2.35064e-26
4.87000e-01 7.69231e+01 -2.35547e-26
4.88000e-01 8.33333e+01 -2.36031e-26
4.89000e-01 9.09091e+01 -2.36515e-26
4.90000e-01 1.00000e+02 -2.36998e-26
4.91000e-01 1.11111e+02 -2.37482e-26
4.92000e-01 1.25000e+02 -2.37966e-26
4.93000e-01 1.42857e+02 -2.38449e-26
4.94000e-01 1.66667e+02 -2.38933e-26
