1.28799 -0.0165768
-1.09023 0.386398
-0.0993586 -0.327069
0.66059 -0.0298076
0.424718 0.198177
0.972695 0.127415
-0.0552552 0.291809
1.28799 -0.0165766
-1.09023 0.386398
-0.0993582 -0.327069
0.66059 -0.0298075
0.424718 0.198177
0.972696 0.127415
-0.0552556 0.291809
1.28799 -0.0165767
-1.09023 0.386398
-0.0993585 -0.327069
0.66059 -0.0298076
0.424718 0.198177
0.972696 0.127415
-0.0552553 0.291809
1.28799 -0.0165766
-1.09023 0.386398
-0.0993583 -0.327069
0.66059 -0.0298075
0.424718 0.198177
0.972696 0.127415
-0.0552555 0.291809
1.28799 -0.0165767
-1.09023 0.386398
-0.0993584 -0.327069
0.66059 -0.0298075
0.424718 0.198177
0.972696 0.127415
-0.0552554 0.291809
1.28799 -0.0165766
-1.09023 0.386398
-0.0993584 -0.327069
0.66059 -0.0298075
0.424718 0.198177
0.972696 0.127415
-0.0552555 0.291809
1.28799 -0.0165766
-1.09023 0.386398
-0.0993584 -0.327069
0.66059 -0.0298075
0.424718 0.198177
0.972696 0.127415
-0.0552554 0.291809
1.28799 -0.0165766
-1.09023 0.386398
-0.0993584 -0.327069
0.66059 -0.0298075
0.424718 0.198177
0.972696 0.127415
-0.0552555 0.291809
1.28799 -0.0165766
-1.09023 0.386398
-0.0993584 -0.327069
0.66059 -0.0298075
0.424718 0.198177
0.972696 0.127415
-0.0552554 0.291809
1.28799 -0.0165766
-1.09023 0.386398
-0.0993584 -0.327069
0.66059 -0.0298075
0.424718 0.198177
0.972696 0.127415
-0.0552555 0.291809
1.28799 -0.0165766
-1.09023 0.386398
-0.0993584 -0.327069
0.66059 -0.0298075
0.424718 0.198177
0.972696 0.127415
-0.0552555 0.291809
1.28799 -0.0165766
-1.09023 0.386398
-0.0993584 -0.327069
0.66059 -0.0298075
0.424718 0.198177
0.972696 0.127415
-0.0552555 0.291809
1.28799 -0.0165766
-1.09023 0.386398
-0.0993584 -0.327069
0.66059 -0.0298075
0.424718 0.198177
0.972696 0.127415
-0.0552555 0.291809
1.28799 -0.0165766
-1.09023 0.386398
-0.0993584 -0.327069
0.66059 -0.0298075
0.424718 0.198177
0.972696 0.127415
-0.0552555 0.291809
1.28799 -0.0165766
-1.09023 0.386398
-0.0993584 -0.327069
0.66059 -0.0298075
0.424718 0.198177
0.972696 0.127415
-0.0552555 0.291809
1.28799 -0.0165766
-1.09023 0.386398
-0.0993584 -0.327069
0.66059 -0.0298075
0.424718 0.198177
0.972696 0.127415
-0.0552555 0.291809
1.28799 -0.0165766
-1.09023 0.386398
-0.0993584 -0.327069
0.66059 -0.0298075
0.424718 0.198177
0.972696 0.127415
-0.0552555 0.291809
1.28799 -0.0165766
-1.09023 0.386398
-0.0993584 -0.327069
0.66059 -0.0298075
0.424718 0.198177
0.972696 0.127415
-0.0552555 0.291809
1.28799 -0.0165766
-1.09023 0.386398
-0.0993584 -0.327069
0.66059 -0.0298075
0.424718 0.198177
0.972696 0.127415
-0.0552555 0.291809
1.28799 -0.0165766
-1.09023 0.386398
-0.0993584 -0.327069
0.66059 -0.0298075
0.424718 0.198177
0.972696 0.127415
-0.0552555 0.291809
1.28799 -0.0165766
-1.09023 0.386398
-0.0993584 -0.327069
0.66059 -0.0298075
0.424718 0.198177
0.972696 0.127415
-0.0552555 0.291809
1.28799 -0.0165766
-1.09023 0.386398
-0.0993584 -0.327069
0.66059 -0.0298075
0.424718 0.198177
0.972696 0.127415
-0.0552555 0.291809
1.28799 -0.0165766
-1.09023 0.386398
-0.0993584 -0.327069
0.66059 -0.0298075
0.424718 0.198177
0.972696 0.127415
-0.0552555 0.291809
1.28799 -0.0165766
-1.09023 0.386398
-0.0993584 -0.327069
0.66059 -0.0298075
0.424718 0.198177
0.972696 0.127415
-0.0552555 0.291809
1.28799 -0.0165766
-1.09023 0.386398
-0.0993584 -0.327069
0.66059 -0.0298075
0.424718 0.198177
0.972696 0.127415
-0.0552555 0.291809
1.28799 -0.0165766
-1.09023 0.386398
-0.0993584 -0.327069
0.66059 -0.0298075
0.424718 0.198177
0.972696 0.127415
-0.0552555 0.291809
1.28799 -0.0165766
-1.09023 0.386398
-0.0993584 -0.327069
0.66059 -0.0298075
0.424718 0.198177
0.972696 0.127415
-0.0552555 0.291809
1.28799 -0.0165766
-1.09023 0.386398
-0.0993584 -0.327069
0.66059 -0.0298075
0.424718 0.198177
0.972696 0.127415
-0.0552555 0.291809
1.28799 -0.0165766
-1.09023 0.386398
-0.0993584 -0.327069
0.66059 -0.0298075
0.424718 0.198177
0.972696 0.127415
-0.0552555 0.291809
1.28799 -0.0165766
-1.09023 0.386398
-0.0993584 -0.327069
0.66059 -0.0298075
0.424718 0.198177
0.972696 0.127415
-0.0552555 0.291809
1.28799 -0.0165766
-1.09023 0.386398
-0.0993584 -0.327069
0.66059 -0.0298075
0.424718 0.198177
0.972696 0.127415
-0.0552555 0.291809
1.28799 -0.0165766
-1.09023 0.386398
-0.0993584 -0.327069
0.66059 -0.0298075
0.424718 0.198177
0.972696 0.127415
-0.0552555 0.291809
1.28799 -0.0165766
-1.09023 0.386398
-0.0993584 -0.327069
0.66059 -0.0298075
0.424718 0.198177
0.972696 0.127415
-0.0552555 0.291809
1.28799 -0.0165766
-1.09023 0.386398
-0.0993584 -0.327069
0.66059 -0.0298075
0.424718 0.198177
0.972696 0.127415
-0.0552555 0.291809
1.28799 -0.0165766
-1.09023 0.386398
-0.0993584 -0.327069
0.66059 -0.0298075
0.424718 0.198177
0.972696 0.127415
-0.0552555 0.291809
1.28799 -0.0165766
-1.09023 0.386398
-0.0993584 -0.327069
0.66059 -0.0298075
0.424718 0.198177
0.972696 0.127415
-0.0552555 0.291809
1.28799 -0.0165766
-1.09023 0.386398
-0.0993584 -0.327069
0.66059 -0.0298075
0.424718 0.198177
0.972696 0.127415
-0.0552555 0.291809
1.28799 -0.0165766
-1.09023 0.386398
-0.0993584 -0.327069
0.66059 -0.0298075
0.424718 0.198177
0.972696 0.127415
-0.0552555 0.291809
1.28799 -0.0165766
-1.09023 0.386398
-0.0993584 -0.327069
0.66059 -0.0298075
0.424718 0.198177
0.972696 0.127415
-0.0552555 0.291809
1.28799 -0.0165766
-1.09023 0.386398
-0.0993584 -0.327069
0.66059 -0.0298075
0.424718 0.198177
0.972696 0.127415
-0.0552555 0.291809
1.28799 -0.0165766
-1.09023 0.386398
-0.0993584 -0.327069
0.66059 -0.0298075
0.424718 0.198177
0.972696 0.127415
-0.0552555 0.291809
1.28799 -0.0165766
-1.09023 0.386398
-0.0993584 -0.327069
0.66059 -0.0298075
0.424718 0.198177
0.972696 0.127415
-0.0552555 0.291809
1.28799 -0.0165766
-1.09023 0.386398
-0.0993584 -0.327069
0.66059 -0.0298075
0.424718 0.198177
0.972696 0.127415
-0.0552555 0.291809
1.28799 -0.0165766
-1.09023 0.386398
-0.0993584 -0.327069
0.66059 -0.0298075
0.424718 0.198177
0.972696 0.127415
-0.0552555 0.291809
1.28799 -0.0165766
-1.09023 0.386398
-0.0993584 -0.327069
0.66059 -0.0298075
0.424718 0.198177
0.972696 0.127415
-0.0552555 0.291809
1.28799 -0.0165766
-1.09023 0.386398
-0.0993584 -0.327069
0.66059 -0.0298075
0.424718 0.198177
0.972696 0.127415
-0.0552555 0.291809
1.28799 -0.0165766
-1.09023 0.386398
-0.0993584 -0.327069
0.66059 -0.0298075
0.424718 0.198177
0.972696 0.127415
-0.0552555 0.291809
1.28799 -0.0165766
-1.09023 0.386398
-0.0993584 -0.327069
0.66059 -0.0298075
0.424718 0.198177
0.972696 0.127415
-0.0552555 0.291809
1.28799 -0.0165766
-1.09023 0.386398
-0.0993584 -0.327069
0.66059 -0.0298075
0.424718 0.198177
0.972696 0.127415
-0.0552555 0.291809
1.28799 -0.0165766
-1.09023 0.386398
-0.0993584 -0.327069
0.66059 -0.0298075
0.424718 0.198177
0.972696 0.127415
-0.0552555 0.291809
1.28799 -0.0165766
-1.09023 0.386398
-0.0993584 -0.327069
0.66059 -0.0298075
0.424718 0.198177
0.972696 0.127415
-0.0552555 0.291809
1.28799 -0.0165766
-1.09023 0.386398
-0.0993584 -0.327069
0.66059 -0.0298075
0.424718 0.198177
0.972696 0.127415
-0.0552555 0.291809
1.28799 -0.0165766
-1.09023 0.386398
-0.0993584 -0.327069
0.66059 -0.0298075
0.424718 0.198177
0.972696 0.127415
-0.0552555 0.291809
1.28799 -0.0165766
-1.09023 0.386398
-0.0993584 -0.327069
0.66059 -0.0298075
0.424718 0.198177
0.972696 0.127415
-0.0552555 0.291809
1.28799 -0.0165766
-1.09023 0.386398
-0.0993584 -0.327069
0.66059 -0.0298075
0.424718 0.198177
0.972696 0.127415
-0.0552555 0.291809
1.28799 -0.0165766
-1.09023 0.386398
-0.0993584 -0.327069
0.66059 -0.0298075
0.424718 0.198177
0.972696 0.127415
-0.0552555 0.291809
1.28799 -0.0165766
-1.09023 0.386398
-0.0993584 -0.327069
0.66059 -0.0298075
0.424718 0.198177
0.972696 0.127415
-0.0552555 0.291809
1.28799 -0.0165766
-1.09023 0.386398
-0.0993584 -0.327069
0.66059 -0.0298075
0.424718 0.198177
0.972696 0.127415
-0.0552555 0.291809
1.28799 -0.0165766
-1.09023 0.386398
-0.0993584 -0.327069
0.66059 -0.0298075
0.424718 0.198177
0.972696 0.127415
-0.0552555 0.291809
1.28799 -0.0165766
-1.09023 0.386398
-0.0993584 -0.327069
0.66059 -0.0298075
0.424718 0.198177
0.972696 0.127415
-0.0552555 0.291809
1.28799 -0.0165766
-1.09023 0.386398
-0.0993584 -0.327069
0.66059 -0.0298075
0.424718 0.198177
0.972696 0.127415
-0.0552555 0.291809
1.28799 -0.0165766
-1.09023 0.386398
-0.0993584 -0.327069
0.66059 -0.0298075
0.424718 0.198177
0.972696 0.127415
-0.0552555 0.291809
1.28799 -0.0165766
-1.09023 0.386398
-0.0993584 -0.327069
0.66059 -0.0298075
0.424718 0.198177
0.972696 0.127415
-0.0552555 0.291809
1.28799 -0.0165766
-1.09023 0.386398
-0.0993584 -0.327069
0.66059 -0.0298075
0.424718 0.198177
0.972696 0.127415
-0.0552555 0.291809
1.28799 -0.0165766
-1.09023 0.386398
-0.0993584 -0.327069
0.66059 -0.0298075
0.424718 0.198177
0.972696 0.127415
-0.0552555 0.291809
1.28799 -0.0165766
-1.09023 0.386398
-0.0993584 -0.327069
0.66059 -0.0298075
0.424718 0.198177
0.972696 0.127415
-0.0552555 0.291809
1.28799 -0.0165766
-1.09023 0.386398
-0.0993584 -0.327069
0.66059 -0.0298075
0.424718 0.198177
0.972696 0.127415
-0.0552555 0.291809
1.28799 -0.0165766
-1.09023 0.386398
-0.0993584 -0.327069
0.66059 -0.0298075
0.424718 0.198177
0.972696 0.127415
-0.0552555 0.291809
1.28799 -0.0165766
-1.09023 0.386398
-0.0993584 -0.327069
0.66059 -0.0298075
0.424718 0.198177
0.972696 0.127415
-0.0552555 0.291809
1.28799 -0.0165766
-1.09023 0.386398
-0.0993584 -0.327069
0.66059 -0.0298075
0.424718 0.198177
0.972696 0.127415
-0.0552555 0.291809
1.28799 -0.0165766
-1.09023 0.386398
-0.0993584 -0.327069
0.66059 -0.0298075
0.424718 0.198177
0.972696 0.127415
-0.0552555 0.291809
1.28799 -0.0165766
-1.09023 0.386398
-0.0993584 -0.327069
0.66059 -0.0298075
0.424718 0.198177
0.972696 0.127415
-0.0552555 0.291809
1.28799 -0.0165766
-1.09023 0.386398
-0.0993584 -0.327069
0.66059 -0.0298075
0.424718 0.198177
0.972696 0.127415
-0.0552555 0.291809
1.28799 -0.0165766
-1.09023 0.386398
-0.0993584 -0.327069
0.66059 -0.0298075
0.424718 0.198177
0.972696 0.127415
-0.0552555 0.291809
1.28799 -0.0165766
-1.09023 0.386398
-0.0993584 -0.327069
0.66059 -0.0298075
0.424718 0.198177
0.972696 0.127415
-0.0552555 0.291809
1.28799 -0.0165766
-1.09023 0.386398
-0.0993584 -0.327069
0.66059 -0.0298075
0.424718 0.198177
0.972696 0.127415
-0.0552555 0.291809
1.28799 -0.0165766
-1.09023 0.386398
-0.0993584 -0.327069
0.66059 -0.0298075
0.424718 0.198177
0.972696 0.127415
-0.0552555 0.291809
1.28799 -0.0165766
-1.09023 0.386398
-0.0993584 -0.327069
0.66059 -0.0298075
0.424718 0.198177
0.972696 0.127415
-0.0552555 0.291809
1.28799 -0.0165766
-1.09023 0.386398
-0.0993584 -0.327069
0.66059 -0.0298075
0.424718 0.198177
0.972696 0.127415
-0.0552555 0.291809
1.28799 -0.0165766
-1.09023 0.386398
-0.0993584 -0.327069
0.66059 -0.0298075
0.424718 0.198177
0.972696 0.127415
-0.0552555 0.291809
1.28799 -0.0165766
-1.09023 0.386398
-0.0993584 -0.327069
0.66059 -0.0298075
0.424718 0.198177
0.972696 0.127415
-0.0552555 0.291809
1.28799 -0.0165766
-1.09023 0.386398
-0.0993584 -0.327069
0.66059 -0.0298075
0.424718 0.198177
0.972696 0.127415
-0.0552555 0.291809
1.28799 -0.0165766
-1.09023 0.386398
-0.0993584 -0.327069
0.66059 -0.0298075
0.424718 0.198177
0.972696 0.127415
-0.0552555 0.291809
1.28799 -0.0165766
-1.09023 0.386398
-0.0993584 -0.327069
0.66059 -0.0298075
0.424718 0.198177
0.972696 0.127415
-0.0552555 0.291809
1.28799 -0.0165766
-1.09023 0.386398
-0.0993584 -0.327069
0.66059 -0.0298075
0.424718 0.198177
0.972696 0.127415
-0.0552555 0.291809
1.28799 -0.0165766
-1.09023 0.386398
-0.0993584 -0.327069
0.66059 -0.0298075
0.424718 0.198177
0.972696 0.127415
-0.0552555 0.291809
1.28799 -0.0165766
-1.09023 0.386398
-0.0993584 -0.327069
0.66059 -0.0298075
0.424718 0.198177
0.972696 0.127415
-0.0552555 0.291809
1.28799 -0.0165766
-1.09023 0.386398
-0.0993584 -0.327069
0.66059 -0.0298075
0.424718 0.198177
0.972696 0.127415
-0.0552555 0.291809
1.28799 -0.0165766
-1.09023 0.386398
-0.0993584 -0.327069
0.66059 -0.0298075
0.424718 0.198177
0.972696 0.127415
-0.0552555 0.291809
1.28799 -0.0165766
-1.09023 0.386398
-0.0993584 -0.327069
0.66059 -0.0298075
0.424718 0.198177
0.972696 0.127415
-0.0552555 0.291809
1.28799 -0.0165766
-1.09023 0.386398
-0.0993584 -0.327069
0.66059 -0.0298075
0.424718 0.198177
0.972696 0.127415
-0.0552555 0.291809
1.28799 -0.0165766
-1.09023 0.386398
-0.0993584 -0.327069
0.66059 -0.0298075
0.424718 0.198177
0.972696 0.127415
-0.0552555 0.291809
1.28799 -0.0165766
-1.09023 0.386398
-0.0993584 -0.327069
0.66059 -0.0298075
0.424718 0.198177
0.972696 0.127415
-0.0552555 0.291809
1.28799 -0.0165766
-1.09023 0.386398
-0.0993584 -0.327069
0.66059 -0.0298075
0.424718 0.198177
0.972696 0.127415
-0.0552555 0.291809
1.28799 -0.0165766
-1.09023 0.386398
-0.0993584 -0.327069
0.66059 -0.0298075
0.424718 0.198177
0.972696 0.127415
-0.0552555 0.291809
1.28799 -0.0165766
-1.09023 0.386398
-0.0993584 -0.327069
0.66059 -0.0298075
0.424718 0.198177
0.972696 0.127415
-0.0552555 0.291809
1.28799 -0.0165766
-1.09023 0.386398
-0.0993584 -0.327069
0.66059 -0.0298075
0.424718 0.198177
0.972696 0.127415
-0.0552555 0.291809
1.28799 -0.0165766
-1.09023 0.386398
-0.0993584 -0.327069
0.66059 -0.0298075
0.424718 0.198177
0.972696 0.127415
-0.0552555 0.291809
1.28799 -0.0165766
-1.09023 0.386398
-0.0993584 -0.327069
0.66059 -0.0298075
0.424718 0.198177
0.972696 0.127415
-0.0552555 0.291809
1.28799 -0.0165766
-1.09023 0.386398
-0.0993584 -0.327069
0.66059 -0.0298075
0.424718 0.198177
0.972696 0.127415
-0.0552555 0.291809
1.28799 -0.0165766
-1.09023 0.386398
-0.0993584 -0.327069
0.66059 -0.0298075
0.424718 0.198177
0.972696 0.127415
-0.0552555 0.291809
1.28799 -0.0165766
-1.09023 0.386398
-0.0993584 -0.327069
0.66059 -0.0298075
0.424718 0.198177
0.972696 0.127415
-0.0552555 0.291809
1.28799 -0.0165766
-1.09023 0.386398
-0.0993584 -0.327069
0.66059 -0.0298075
0.424718 0.198177
0.972696 0.127415
-0.0552555 0.291809
1.28799 -0.0165766
-1.09023 0.386398
-0.0993584 -0.327069
0.66059 -0.0298075
0.424718 0.198177
0.972696 0.127415
-0.0552555 0.291809
1.28799 -0.0165766
-1.09023 0.386398
-0.0993584 -0.327069
0.66059 -0.0298075
0.424718 0.198177
0.972696 0.127415
-0.0552555 0.291809
1.28799 -0.0165766
-1.09023 0.386398
-0.0993584 -0.327069
0.66059 -0.0298075
0.424718 0.198177
0.972696 0.127415
-0.0552555 0.291809
1.28799 -0.0165766
-1.09023 0.386398
-0.0993584 -0.327069
0.66059 -0.0298075
0.424718 0.198177
0.972696 0.127415
-0.0552555 0.291809
1.28799 -0.0165766
-1.09023 0.386398
-0.0993584 -0.327069
0.66059 -0.0298075
0.424718 0.198177
0.972696 0.127415
-0.0552555 0.291809
1.28799 -0.0165766
-1.09023 0.386398
-0.0993584 -0.327069
0.66059 -0.0298075
0.424718 0.198177
0.972696 0.127415
-0.0552555 0.291809
1.28799 -0.0165766
-1.09023 0.386398
-0.0993584 -0.327069
0.66059 -0.0298075
0.424718 0.198177
0.972696 0.127415
-0.0552555 0.291809
1.28799 -0.0165766
-1.09023 0.386398
-0.0993584 -0.327069
0.66059 -0.0298075
0.424718 0.198177
0.972696 0.127415
-0.0552555 0.291809
1.28799 -0.0165766
-1.09023 0.386398
-0.0993584 -0.327069
0.66059 -0.0298075
0.424718 0.198177
0.972696 0.127415
-0.0552555 0.291809
1.28799 -0.0165766
-1.09023 0.386398
-0.0993584 -0.327069
0.66059 -0.0298075
0.424718 0.198177
0.972696 0.127415
-0.0552555 0.291809
1.28799 -0.0165766
-1.09023 0.386398
-0.0993584 -0.327069
0.66059 -0.0298075
0.424718 0.198177
0.972696 0.127415
-0.0552555 0.291809
1.28799 -0.0165766
-1.09023 0.386398
