0.704688 0.0269699
0.33175 0.211406
1.05732 0.0995251
-0.465585 0.317197
1.01372 -0.139676
-0.578356 0.304116
0.835823 -0.173507
-0.151547 0.250747
1.21859 -0.045464
-1.12442 0.365578
-0.404482 -0.337327
0.433625 -0.121345
0.615413 0.130087
0.599862 0.184624
0.680856 0.179959
0.530968 0.204257
0.80956 0.15929
0.241749 0.242868
1.16105 0.0725246
-0.814723 0.348315
0.419032 -0.244417
0.50976 0.12571
0.761912 0.152928
0.340214 0.228574
1.06653 0.102064
-0.490416 0.319959
0.983248 -0.147125
-0.500613 0.294974
0.944116 -0.150184
-0.398081 0.283235
1.06138 -0.119424
-0.696559 0.318414
0.639141 -0.208968
0.21913 0.191742
1.12452 0.0657391
-0.704615 0.337355
0.64228 -0.211384
0.211082 0.192684
1.13031 0.0633245
-0.725305 0.339092
0.602597 -0.217592
0.274036 0.180779
1.07565 0.0822107
-0.537608 0.322694
0.918063 -0.161282
-0.341258 0.275419
1.11238 -0.102377
-0.83472 0.333714
0.358253 -0.250416
0.5699 0.107476
0.652775 0.17097
0.574408 0.195833
0.73391 0.172322
0.41825 0.220173
0.975267 0.125475
-0.206129 0.29258
1.2331 -0.0618387
-1.19057 0.369929
-0.614518 -0.357172
0.114143 -0.184355
0.797404 0.034243
0.144048 0.239221
1.21017 0.0432143
-1.00711 0.363052
-0.0569207 -0.302132
0.693332 -0.0170762
0.309931 0.208
1.07352 0.0929794
-0.520441 0.322056
0.942853 -0.156132
-0.400693 0.282856
1.05808 -0.120208
-0.687552 0.317424
0.655604 -0.206266
0.191991 0.196681
1.14508 0.0575973
-0.778083 0.343523
0.495944 -0.233425
0.42223 0.148783
0.899194 0.126669
-0.00529985 0.269758
1.26972 -0.00158996
-1.25865 0.380916
-0.836964 -0.377595
-0.358308 -0.251089
0.569173 -0.107492
0.438967 0.170752
0.900983 0.13169
-0.00478763 0.270295
1.27026 -0.00143629
-1.26043 0.381079
-0.843081 -0.378129
-0.373228 -0.252924
0.552057 -0.111968
0.461358 0.165617
0.867625 0.138408
0.0845254 0.260287
1.25029 0.0253576
-1.16314 0.375086
-0.518968 -0.348942
0.273999 -0.15569
0.739204 0.0821997
0.317208 0.221761
1.08089 0.0951625
-0.540495 0.324268
0.915279 -0.162149
-0.334977 0.274584
1.11749 -0.100493
-0.84879 0.335247
0.326625 -0.254637
0.596005 0.0979876
0.600676 0.178802
0.673665 0.180203
0.544848 0.2021
0.786496 0.163454
0.297448 0.235949
1.11208 0.0892343
-0.642188 0.333625
0.756258 -0.192656
0.0066474 0.226877
1.22682 0.00199422
-1.10511 0.368045
-0.341738 -0.331534
0.504967 -0.102522
0.54049 0.15149
0.742509 0.162147
0.3903 0.222753
1.00948 0.11709
-0.309593 0.302845
1.16866 -0.0928779
-1.00495 0.350598
-0.0632849 -0.301484
0.692909 -0.0189855
0.308842 0.207873
1.07434 0.0926526
-0.523225 0.322301
0.939031 -0.156967
-0.391459 0.281709
1.06717 -0.117438
-0.711841 0.320152
0.610748 -0.213552
0.26423 0.183224
1.08548 0.0792689
-0.570305 0.325644
0.870297 -0.171092
-0.231474 0.261089
1.18608 -0.0694423
-1.03893 0.355823
-0.155305 -0.311679
0.654553 -0.0465914
0.353592 0.196366
1.02133 0.106078
-0.354276 0.306398
1.13068 -0.106283
-0.896102 0.339205
0.215006 -0.268831
0.666451 0.0645017
0.442682 0.199935
0.925581 0.132805
-0.0665756 0.277674
1.27147 -0.0199727
-1.28326 0.381441
-0.924017 -0.384978
-0.580308 -0.277205
0.251335 -0.174092
0.737471 0.0754005
0.313992 0.221241
1.08321 0.0941976
-0.548495 0.324964
0.903778 -0.164549
-0.30809 0.271134
1.13825 -0.0924271
-0.906273 0.341474
0.191611 -0.271882
0.676718 0.0574833
0.416358 0.203015
0.96032 0.124907
-0.166192 0.288096
1.24943 -0.0498576
-1.23536 0.374828
-0.761721 -0.370607
-0.182913 -0.228516
0.724644 -0.0548738
0.209974 0.217393
1.15567 0.0629922
-0.806805 0.346701
0.435392 -0.242042
0.492566 0.130618
0.790948 0.14777
0.271933 0.237284
1.13376 0.0815798
-0.71799 0.340127
0.618413 -0.215397
0.249194 0.185524
1.09859 0.0747582
-0.614893 0.329576
0.800245 -0.184468
-0.0810176 0.240074
1.23088 -0.0243053
-1.14541 0.369265
-0.46749 -0.343623
0.350411 -0.140247
0.68785 0.105123
0.442731 0.206355
0.93194 0.132819
-0.0830967 0.279582
1.26991 -0.024929
-1.28269 0.380974
-0.922423 -0.384806
-0.576014 -0.276727
0.258764 -0.172804
0.733454 0.0776291
0.324493 0.220036
1.07262 0.0973479
-0.513377 0.321787
0.952808 -0.154013
-0.424993 0.285842
1.03298 -0.127498
-0.621352 0.309893
0.769383 -0.186406
-0.0151367 0.230815
1.23049 -0.00454101
-1.1243 0.369148
-0.400534 -0.337291
0.438111 -0.12016
0.611122 0.131433
0.608575 0.183337
0.664828 0.182572
0.563777 0.199449
0.754466 0.169133
0.372225 0.22634
1.03237 0.111668
-0.380428 0.30971
1.10709 -0.114128
-0.830051 0.332128
0.367551 -0.249015
0.561854 0.110265
0.668313 0.168556
0.543257 0.200494
0.787315 0.162977
0.295166 0.236195
1.11422 0.0885498
-0.649539 0.334267
0.743606 -0.194862
0.0310085 0.223082
1.22174 0.00930255
-1.08039 0.366521
-0.267621 -0.324117
0.575613 -0.0802863
0.455851 0.172684
0.881764 0.136755
0.0482439 0.264529
1.26127 0.0144732
-1.21265 0.378381
-0.680355 -0.363796
-0.0118323 -0.204107
0.795697 -0.00354969
0.110062 0.238709
1.22175 0.0330186
-1.05672 0.366525
-0.196807 -0.317017
0.628757 -0.059042
0.387489 0.188627
0.978421 0.116247
-0.223983 0.293526
1.22329 -0.0671949
-1.16221 0.366987
-0.524039 -0.348663
0.266873 -0.157212
0.743078 0.080062
0.307031 0.222923
1.09095 0.0921092
-0.574127 0.327285
0.865813 -0.172238
-0.221724 0.259744
1.19092 -0.0665173
-1.05212 0.357275
-0.192453 -0.315635
0.632512 -0.0577359
0.382165 0.189754
0.985284 0.114649
-0.244449 0.295585
1.21193 -0.0733346
-1.12961 0.363578
-0.422853 -0.338884
0.41079 -0.126856
0.636897 0.123237
0.555345 0.191069
0.759298 0.166603
0.359457 0.227789
1.0469 0.107837
-0.426553 0.314069
1.05934 -0.127966
-0.699055 0.317803
0.633654 -0.209716
0.228159 0.190096
1.11722 0.0684478
-0.678995 0.335165
0.689717 -0.203699
0.130308 0.206915
1.18314 0.0390924
-0.920666 0.354943
0.168268 -0.2762
0.684161 0.0504803
0.395174 0.205248
0.986621 0.118552
-0.244236 0.295986
1.21247 -0.0732707
-1.1314 0.363742
-0.42836 -0.339421
0.40369 -0.128508
0.643341 0.121107
0.541665 0.193002
0.782241 0.162499
0.305838 0.234672
1.10372 0.0917514
-0.613728 0.331116
0.80379 -0.184118
-0.088627 0.241137
1.23014 -0.0265881
-1.14513 0.369042
-0.466813 -0.343539
0.351381 -0.140044
0.6871 0.105414
0.444464 0.20613
0.929562 0.133339
-0.0763812 0.278869
1.2707 -0.0229144
-1.28347 0.38121
-0.924995 -0.38504
-0.582902 -0.277498
0.246818 -0.17487
0.739843 0.0740453
0.307731 0.221953
1.08938 0.0923192
-0.569116 0.326813
0.873363 -0.170735
-0.238603 0.262009
1.1823 -0.0715809
-1.02856 0.354691
-0.126429 -0.308569
0.669053 -0.0379288
0.335387 0.200716
1.04324 0.100616
-0.423066 0.312971
1.06239 -0.12692
-0.707067 0.318718
0.618796 -0.21212
0.251809 0.185639
1.09687 0.0755426
-0.608825 0.32906
0.810125 -0.182648
-0.101472 0.243038
1.22862 -0.0304415
-1.14376 0.368587
-0.462875 -0.343128
0.356918 -0.138862
0.682791 0.107075
0.45439 0.204837
0.915779 0.136317
-0.0377958 0.274734
1.27273 -0.0113387
-1.27913 0.38182
-0.908826 -0.383739
-0.54009 -0.272648
0.318976 -0.162027
0.695529 0.0956928
0.418428 0.208659
0.963544 0.125528
-0.174256 0.289063
1.24655 -0.0522769
-1.22773 0.373966
-0.736268 -0.368318
-0.127243 -0.22088
0.756453 -0.038173
0.160718 0.226936
1.19077 0.0482155
-0.936902 0.357232
0.128334 -0.28107
0.695872 0.0385001
0.360567 0.208762
1.02675 0.10817
-0.367731 0.308025
1.11871 -0.110319
-0.86243 0.335612
0.294313 -0.258729
0.620003 0.0882938
0.550128 0.186001
0.762303 0.165039
0.35149 0.228691
1.05573 0.105447
-0.454939 0.316718
1.02696 -0.136482
-0.61299 0.308088
0.782029 -0.183897
-0.0400946 0.234609
1.23236 -0.0120284
-1.13822 0.369707
-0.444048 -0.341465
0.382485 -0.133214
0.661973 0.114745
0.501254 0.198592
0.846835 0.150376
0.146395 0.25405
1.22405 0.0439185
-1.05369 0.367214
-0.187144 -0.316106
0.634862 -0.0561431
0.379587 0.190459
0.988738 0.113876
-0.254768 0.296621
1.20575 -0.0764305
-1.1118 0.361726
-0.368823 -0.333541
0.476017 -0.110647
0.572125 0.142805
0.684548 0.171637
0.515589 0.205364
0.833199 0.154677
0.182767 0.24996
1.20319 0.0548302
-0.971917 0.360958
0.0384858 -0.291575
0.706351 0.0115457
0.313041 0.211905
1.07471 0.0939123
-0.523099 0.322414
0.939329 -0.15693
-0.392204 0.281799
1.06645 -0.117661
-0.709889 0.319934
0.614414 -0.212967
0.258527 0.184324
1.09075 0.0775582
-0.588081 0.327226
0.843051 -0.176424
-0.171453 0.252915
1.21176 -0.0514359
-1.10715 0.363528
-0.352551 -0.332144
0.493847 -0.105765
0.552795 0.148154
0.720338 0.165839
0.439396 0.216102
0.945805 0.131819
-0.120547 0.283742
1.2634 -0.0361641
-1.27081 0.379019
-0.881907 -0.381242
-0.470106 -0.264572
0.426028 -0.141032
0.604868 0.127809
0.615597 0.18146
0.650916 0.184679
0.59151 0.195275
0.705437 0.177453
0.480756 0.211631
0.888054 0.144227
0.0401304 0.266416
1.26416 0.0120391
-1.22531 0.379248
-0.722681 -0.367592
-0.0987673 -0.216804
0.769539 -0.0296302
0.141304 0.230862
1.20291 0.0423912
-0.983392 0.360872
0.00698957 -0.295018
0.704914 0.00209687
0.306431 0.211474
1.08001 0.0919294
-0.541073 0.324004
0.914141 -0.162322
-0.332236 0.274242
1.11971 -0.0996709
-0.854918 0.335913
0.312673 -0.256475
0.606654 0.093802
0.578561 0.181996
0.71337 0.173568
0.461113 0.214011
0.916336 0.138334
-0.0372051 0.274901
1.27296 -0.0111615
-1.27977 0.381889
-0.911045 -0.383931
-0.545934 -0.273313
0.309425 -0.16378
0.702178 0.0928276
0.402552 0.210653
0.983786 0.120766
-0.234204 0.295136
1.21834 -0.0702612
-1.14837 0.365503
-0.480743 -0.34451
0.33193 -0.144223
0.701529 0.0995789
0.41058 0.210459
0.974453 0.123174
-0.206208 0.292336
1.23281 -0.0618623
-1.1896 0.369842
-0.611351 -0.356879
0.119871 -0.183405
0.796478 0.0359612
0.147833 0.238943
1.20835 0.0443499
-0.999793 0.362504
-0.0369178 -0.299938
0.698154 -0.0110753
0.306538 0.209446
1.07789 0.0919615
-0.534636 0.323368
0.923198 -0.160391
-0.353602 0.276959
1.10191 -0.106081
-0.805971 0.330573
0.421147 -0.241791
0.509897 0.126344
0.762351 0.152969
0.339319 0.228705
1.06751 0.101796
-0.493621 0.320254
0.979128 -0.148086
-0.490254 0.293738
0.95725 -0.147076
-0.429935 0.287175
1.02839 -0.12898
-0.609611 0.308518
0.788242 -0.182883
-0.0527383 0.236472
1.23258 -0.0158215
-1.14277 0.369774
-0.458524 -0.342831
0.362826 -0.137557
0.678143 0.108848
0.46502 0.203443
0.900702 0.139506
0.00373514 0.270211
1.27019 0.00112054
-1.25762 0.381057
-0.833192 -0.377286
-0.349178 -0.249958
0.579348 -0.104753
0.425346 0.173804
0.920518 0.127604
-0.0586902 0.276155
1.27133 -0.0176071
-1.28041 0.3814
-0.913828 -0.384123
-0.553237 -0.274148
0.297352 -0.165971
0.710244 0.0892055
0.382981 0.213073
1.00773 0.114894
-0.30683 0.302319
1.17052 -0.092049
-1.0102 0.351155
-0.0775514 -0.30306
0.68852 -0.0232654
0.313051 0.206556
1.06935 0.0939152
-0.507013 0.320806
0.96092 -0.152104
-0.444818 0.288276
1.01127 -0.133445
-0.565172 0.30338
0.856193 -0.169552
-0.195844 0.256858
1.20316 -0.0587531
-1.08539 0.360948
-0.288347 -0.325617
0.557982 -0.0865041
0.477615 0.167395
0.848033 0.143284
0.136461 0.25441
1.22834 0.0409384
-1.07141 0.368502
-0.238574 -0.321422
0.598893 -0.0715722
0.426285 0.179668
0.925261 0.127886
-0.0706668 0.277578
1.27059 -0.0212
-1.28135 0.381176
-0.917419 -0.384405
-0.562725 -0.275226
0.281451 -0.168817
0.720282 0.0844354
0.358107 0.216085
1.03655 0.107432
-0.396771 0.310964
1.09057 -0.119031
-0.784101 0.32717
0.46643 -0.23523
0.46019 0.139929
0.843445 0.138057
0.142098 0.253033
1.22476 0.0426295
-1.05744 0.367429
-0.198018 -0.317232
0.627873 -0.0594054
0.388681 0.188362
0.97686 0.116604
-0.219353 0.293058
1.2257 -0.065806
-1.16907 0.367709
-0.545699 -0.35072
0.232377 -0.16371
0.760691 0.0697132
0.259601 0.228207
1.13386 0.0778804
-0.722005 0.340157
0.61035 -0.216601
0.261861 0.183105
1.0871 0.0785584
-0.575958 0.326131
0.861713 -0.172787
-0.212357 0.258514
1.19538 -0.063707
-1.06422 0.358614
-0.226961 -0.319265
0.60862 -0.0680883
0.413327 0.182586
0.943412 0.123998
-0.122038 0.283023
1.26217 -0.0366113
-1.26692 0.378652
-0.868484 -0.380077
-0.436048 -0.260545
0.473262 -0.130814
0.555618 0.141978
0.709782 0.166686
0.461379 0.212935
0.914916 0.138414
-0.0334852 0.274475
1.2729 -0.0100455
-1.27845 0.381871
-0.906327 -0.383534
-0.533534 -0.271898
0.329579 -0.16006
0.687868 0.0988738
0.436446 0.20636
0.939681 0.130934
-0.105266 0.281904
1.26639 -0.0315799
-1.27682 0.379917
-0.902474 -0.383047
-0.523291 -0.270742
0.345891 -0.156987
0.675516 0.103767
0.464917 0.202655
0.900048 0.139475
0.00535327 0.270014
1.26997 0.00160598
-1.25636 0.380992
-0.828834 -0.376909
-0.338662 -0.24865
0.590781 -0.101599
0.409771 0.177234
0.942158 0.122931
-0.119794 0.282647
1.26256 -0.0359383
-1.26761 0.378767
-0.870789 -0.380282
-0.441865 -0.261237
0.465421 -0.132559
0.564177 0.139626
0.694012 0.169253
0.49494 0.208203
0.865251 0.148482
0.100358 0.259575
1.24547 0.0301075
-1.14158 0.373642
-0.450856 -0.342475
0.372946 -0.135257
0.670019 0.111884
0.483388 0.201006
0.873877 0.145016
0.0758915 0.262163
1.2541 0.0227674
-1.17911 0.37623
-0.570174 -0.353732
0.19113 -0.171052
0.777805 0.057339
0.210367 0.233341
1.17139 0.0631101
-0.857891 0.351416
0.321047 -0.257367
0.598333 0.0963141
0.595111 0.1795
0.683681 0.178533
0.524146 0.205104
0.820483 0.157244
0.214775 0.246145
1.18157 0.0644324
-0.890103 0.35447
0.245272 -0.267031
0.648747 0.0735816
0.484359 0.194624
0.866179 0.145308
0.0949355 0.259854
1.24724 0.0284806
-1.14936 0.374171
-0.475254 -0.344807
0.33898 -0.142576
0.696553 0.101694
0.422433 0.208966
0.959137 0.12673
-0.161191 0.287741
1.25137 -0.0483572
-1.24064 0.37541
-0.779451 -0.372192
-0.222752 -0.233835
0.696699 -0.0668257
0.25363 0.20901
1.11895 0.0760889
-0.676781 0.335685
0.694439 -0.203034
0.121822 0.208332
1.18755 0.0365466
-0.937855 0.356266
0.124867 -0.281356
0.696815 0.03746
0.357688 0.209045
1.02993 0.107306
-0.377745 0.308978
1.10921 -0.113323
-0.835811 0.332763
0.354752 -0.250743
0.573068 0.106426
0.646655 0.17192
0.586492 0.193997
0.712435 0.175948
0.465359 0.21373
0.910547 0.139608
-0.0211268 0.273164
1.27254 -0.00633803
-1.27344 0.381762
-0.888536 -0.382031
-0.487325 -0.266561
0.400959 -0.146197
0.628727 0.120288
0.566872 0.188618
0.738737 0.170062
0.406036 0.221621
0.99081 0.121811
-0.252574 0.297243
1.20793 -0.0757723
-1.11851 0.362379
-0.389112 -0.335553
0.452475 -0.116734
0.596639 0.135743
0.637373 0.178992
0.61025 0.191212
0.669846 0.183075
0.554905 0.200954
0.769867 0.166471
0.336698 0.23096
1.07225 0.10101
-0.508592 0.321674
0.959542 -0.152578
-0.441586 0.287862
1.01487 -0.132476
-0.574408 0.30446
0.842538 -0.172322
-0.16614 0.252761
1.21412 -0.0498419
-1.11356 0.364235
-0.371778 -0.334067
0.472426 -0.111533
0.576005 0.141728
0.677233 0.172802
0.5307 0.20317
0.80887 0.15921
0.24323 0.242661
1.15984 0.072969
-0.810339 0.347951
0.428643 -0.243102
0.49967 0.128593
0.779055 0.149901
0.300204 0.233716
1.10755 0.0900612
-0.627257 0.332264
0.781431 -0.188177
-0.0430658 0.234429
1.23183 -0.0129198
-1.1373 0.36955
-0.441272 -0.341189
0.386202 -0.132381
0.658806 0.115861
0.508226 0.197642
0.836031 0.152468
0.173941 0.250809
1.20845 0.0521824
-0.992314 0.362535
-0.0160265 -0.297694
0.701946 -0.00480795
0.305372 0.210584
1.08003 0.0916117
