1.23192 -0.0140618
-1.13874 0.369576
-0.44586 -0.341623
0.380069 -0.133758
0.664008 0.114021
0.496751 0.199202
0.853736 0.149025
0.128614 0.256121
1.23296 0.0385841
-1.08969 0.369889
-0.292512 -0.326908
0.553304 -0.0877536
0.483643 0.165991
0.838516 0.145093
0.16074 0.251555
1.21538 0.048222
-1.01979 0.364615
-0.0913576 -0.305938
0.682377 -0.0274073
0.320699 0.204713
1.06073 0.0962097
-0.478986 0.318218
0.997019 -0.143696
-0.535361 0.299106
0.897849 -0.160608
-0.289195 0.269355
1.15227 -0.0867586
-0.945567 0.34568
0.0939445 -0.28367
0.703974 0.0281834
0.334372 0.211192
1.05467 0.100312
-0.456936 0.3164
1.02409 -0.137081
-0.605354 0.307228
0.794193 -0.181606
-0.064646 0.238258
1.23241 -0.0193938
-1.14575 0.369722
-0.468126 -0.343726
0.349476 -0.140438
0.688575 0.104843
0.441053 0.206573
0.934234 0.132316
-0.0895949 0.28027
1.26903 -0.0268785
-1.2815 0.38071
-0.918423 -0.384449
-0.56535 -0.275527
0.277005 -0.169605
0.722971 0.0831014
0.35134 0.216891
1.04408 0.105402
-0.42073 0.313223
1.0654 -0.126219
-0.715338 0.319621
0.603229 -0.214602
0.27596 0.180969
1.07435 0.0827879
-0.533141 0.322306
0.924371 -0.159942
-0.356189 0.277311
1.09969 -0.106857
-0.799909 0.329908
0.434111 -0.239973
0.496194 0.130233
0.785541 0.148858
0.284953 0.235662
1.12198 0.0854859
-0.676904 0.336596
0.695116 -0.203071
0.120468 0.208535
1.18822 0.0361404
-0.940464 0.356465
0.118204 -0.282139
0.6983 0.0354611
0.352789 0.20949
1.03525 0.105837
-0.394589 0.310574
1.09259 -0.118377
-0.789639 0.327778
0.454837 -0.236892
0.473481 0.136451
0.822594 0.142044
0.19472 0.246778
1.1937 0.058416
-0.936457 0.358109
0.130376 -0.280937
0.695266 0.0391127
0.36236 0.20858
1.02475 0.108708
-0.361458 0.307426
1.12451 -0.108437
-0.87878 0.337354
0.256199 -0.263634
0.644473 0.0768598
0.495376 0.193342
0.849785 0.148613
0.137624 0.254936
1.22842 0.0412873
-1.07133 0.368526
-0.238323 -0.321399
0.599084 -0.071497
0.426041 0.179725
0.925609 0.127812
-0.0716408 0.277683
1.2705 -0.0214922
-1.28132 0.381149
-0.917349 -0.384396
-0.562538 -0.275205
0.281766 -0.168761
0.720089 0.0845299
0.35859 0.216027
1.03601 0.107577
-0.395053 0.310802
1.09231 -0.118516
-0.788907 0.327692
0.456369 -0.236672
0.471747 0.136911
0.825348 0.141524
0.187846 0.247604
1.1982 0.0563537
-0.953616 0.359461
0.0863243 -0.286085
0.703483 0.0258973
0.333055 0.211045
1.05575 0.0999164
-0.460533 0.316725
1.0198 -0.13816
-0.594143 0.305939
0.811731 -0.178243
-0.100713 0.243519
1.22932 -0.030214
-1.14593 0.368796
-0.46962 -0.343779
0.347462 -0.140886
0.690093 0.104239
0.437519 0.207028
0.939035 0.131256
-0.103246 0.281711
1.26679 -0.0309739
-1.27762 0.380036
-0.905211 -0.383287
-0.530458 -0.271563
0.334497 -0.159137
0.684219 0.100349
0.444931 0.205266
0.928116 0.133479
-0.0724807 0.278435
1.27108 -0.0217442
-1.28365 0.381324
-0.925525 -0.385094
-0.584328 -0.277657
0.244327 -0.175299
0.741127 0.0732981
0.30432 0.222338
1.09268 0.091296
-0.580243 0.327805
0.85645 -0.174073
-0.200982 0.256935
1.20038 -0.0602947
-1.07758 0.360115
-0.265546 -0.323275
0.578005 -0.0796637
0.452611 0.173401
0.886602 0.135783
0.0352959 0.265981
1.26424 0.0105888
-1.22702 0.379271
-0.728546 -0.368107
-0.111197 -0.218564
0.764126 -0.033359
0.149198 0.229238
1.19807 0.0447593
-0.964774 0.359422
0.0563174 -0.289432
0.706127 0.0168952
0.318833 0.211838
1.06952 0.0956499
-0.505778 0.320857
0.96272 -0.151734
-0.449296 0.288816
1.0062 -0.134789
-0.552211 0.301861
0.87495 -0.165663
-0.237415 0.262485
1.18357 -0.0712244
-1.03241 0.355072
-0.137138 -0.309722
0.663948 -0.0411413
0.3417 0.199185
1.03572 0.10251
-0.399298 0.310717
1.0875 -0.119789
-0.775516 0.326251
0.484257 -0.232655
0.439039 0.145277
0.875419 0.131712
0.0588091 0.262626
1.25778 0.0176427
-1.19719 0.377335
-0.62922 -0.359156
0.0865591 -0.188766
0.800744 0.0259677
0.128299 0.240223
1.21718 0.0384898
-1.03564 0.365154
-0.136424 -0.310693
0.663251 -0.0409273
0.34321 0.198975
1.03406 0.102963
-0.394043 0.310219
1.09284 -0.118213
-0.790236 0.327852
0.45359 -0.237071
0.474888 0.136077
0.820351 0.142466
0.2003 0.246105
1.18994 0.06009
-0.92224 0.356981
0.166243 -0.276672
0.684637 0.0498728
0.393655 0.205391
0.988441 0.118096
-0.249726 0.296532
1.20922 -0.0749179
-1.12203 0.362767
-0.399764 -0.336609
0.439656 -0.119929
0.609455 0.131897
0.611888 0.182836
0.658668 0.183566
0.576186 0.1976
0.732814 0.172856
0.421034 0.219844
0.971667 0.12631
-0.195482 0.2915
1.238 -0.0586446
-1.20435 0.3714
-0.659248 -0.361306
0.0302434 -0.197774
0.800945 0.00907302
0.110955 0.240284
1.22305 0.0332865
-1.0609 0.366914
-0.208794 -0.31827
0.620697 -0.0626382
0.39799 0.186209
0.964455 0.119397
-0.182844 0.289336
1.24253 -0.0548533
-1.21629 0.372759
-0.698351 -0.364887
-0.0476588 -0.209505
0.787315 -0.0142976
0.117892 0.236194
1.21674 0.0353675
-1.03726 0.365021
-0.141249 -0.311178
0.660891 -0.0423746
0.346139 0.198267
1.03053 0.103842
-0.382949 0.309159
1.10385 -0.114885
-0.820762 0.331155
0.388044 -0.246229
0.542962 0.116413
0.703682 0.162889
0.469652 0.211105
0.902302 0.140896
0.00108705 0.270691
1.27069 0.000326116
-1.26018 0.381207
-0.842085 -0.378055
-0.370806 -0.252626
0.554879 -0.111242
0.457712 0.166464
0.873164 0.137313
0.0699324 0.261949
1.2551 0.0209797
-1.18442 0.376531
-0.587444 -0.355325
0.161548 -0.176233
0.78723 0.0484644
0.180841 0.236169
1.19038 0.0542524
-0.929567 0.357115
0.147383 -0.27887
0.69072 0.0442148
0.376284 0.207216
1.00899 0.112885
-0.312401 0.302697
1.16606 -0.0937203
-0.997311 0.34982
-0.0426611 -0.299193
0.698259 -0.0127983
0.30461 0.209478
1.07958 0.0913831
-0.540293 0.323873
0.91519 -0.162088
-0.334689 0.274557
1.11773 -0.100407
-0.849465 0.33532
0.325092 -0.25484
0.597202 0.0975276
0.598218 0.179161
0.67815 0.179465
0.535622 0.203445
0.801797 0.160687
0.260656 0.240539
1.14542 0.0781969
-0.758587 0.343626
0.53799 -0.227576
0.367218 0.161397
0.972608 0.110165
-0.214188 0.291782
1.22756 -0.0642565
-1.1739 0.368267
-0.561007 -0.352171
0.207208 -0.168302
0.771588 0.0621625
0.228674 0.231477
1.15827 0.0686023
-0.809616 0.34748
0.429811 -0.242885
0.498482 0.128943
0.781065 0.149545
0.295457 0.23432
1.11211 0.0886371
-0.642857 0.333632
0.755061 -0.192857
0.00897895 0.226518
1.22641 0.00269368
-1.103 0.367922
-0.335345 -0.330901
0.51166 -0.100603
0.532882 0.153498
0.755949 0.159865
0.359821 0.226785
1.04552 0.107946
-0.422425 0.313657
1.06384 -0.126727
-0.711179 0.319151
0.611066 -0.213354
0.263884 0.18332
1.08583 0.0791653
-0.571475 0.325749
0.868532 -0.171443
-0.227529 0.26056
1.18808 -0.0682588
-1.04441 0.356425
-0.170695 -0.313324
0.645884 -0.0512085
0.364758 0.193765
1.0075 0.109427
-0.311644 0.302249
1.16628 -0.0934932
-0.997781 0.349884
-0.0439099 -0.299334
0.697966 -0.013173
0.304807 0.20939
1.07932 0.0914421
-0.539461 0.323796
0.916371 -0.161838
-0.337467 0.274911
1.11547 -0.10124
-0.843233 0.334642
0.339183 -0.25297
0.585967 0.101755
0.621055 0.17579
0.635797 0.186317
0.620384 0.190739
0.651912 0.186115
0.591131 0.195574
0.706364 0.177339
0.478809 0.211909
0.890948 0.143643
0.0323393 0.267284
1.26582 0.00970178
-1.23352 0.379746
-0.750453 -0.370056
-0.158507 -0.225136
0.73969 -0.047552
0.18645 0.221907
1.17324 0.055935
-0.871147 0.351971
0.289515 -0.261344
0.621309 0.0868546
0.54642 0.186393
0.768388 0.163926
0.337337 0.230517
1.0712 0.101201
-0.505261 0.321361
0.963956 -0.151578
-0.452473 0.289187
1.00256 -0.135742
-0.542924 0.300769
0.888095 -0.162877
-0.267076 0.266429
1.16657 -0.0801228
-0.985354 0.34997
-0.00932062 -0.295606
0.704272 -0.00279619
0.302805 0.211282
1.08291 0.0908414
-0.550945 0.324874
0.899919 -0.165283
-0.299078 0.269976
1.14475 -0.0897234
-0.924353 0.343425
0.147225 -0.277306
0.692349 0.0441674
0.373082 0.207705
1.01284 0.111924
-0.324255 0.303852
1.15665 -0.0972766
-0.970263 0.346996
0.0290211 -0.291079
0.707742 0.00870632
0.307448 0.212323
1.07999 0.0922345
-0.54069 0.323997
0.914712 -0.162207
-0.333585 0.274414
1.11862 -0.100076
-0.85192 0.335587
0.319511 -0.255576
0.601501 0.0958534
0.589328 0.18045
0.69422 0.176798
0.502081 0.208266
0.855346 0.150624
0.12636 0.256604
1.23425 0.037908
-1.09482 0.370275
-0.307795 -0.328445
0.538922 -0.0923386
0.50105 0.161677
0.810206 0.150315
0.231308 0.243062
1.16816 0.0693924
-0.841035 0.350447
0.360172 -0.25231
0.566076 0.108052
0.659433 0.169823
0.56103 0.19783
0.757174 0.168309
0.365672 0.227152
1.03995 0.109702
-0.404392 0.311985
1.08304 -0.121318
-0.763481 0.324912
0.508848 -0.229044
0.408459 0.152654
0.91908 0.122538
-0.0600542 0.275724
1.27067 -0.0180163
-1.27848 0.381202
-0.907102 -0.383543
-0.53551 -0.27213
0.326391 -0.160653
0.690204 0.0979172
0.430983 0.207061
0.947016 0.129295
-0.126281 0.284105
1.26178 -0.0378842
-1.26681 0.378534
-0.868183 -0.380042
-0.435281 -0.260455
0.474288 -0.130584
0.554487 0.142286
0.711848 0.166346
0.456926 0.213555
0.92126 0.137078
-0.0511302 0.276378
1.27272 -0.015339
-1.28307 0.381815
-0.922978 -0.384922
-0.577565 -0.276893
0.256092 -0.17327
0.734914 0.0768277
0.32069 0.220474
1.0765 0.096207
-0.526172 0.322949
0.935349 -0.157851
-0.382681 0.280605
1.07558 -0.114804
-0.734431 0.322675
0.567531 -0.220329
0.328743 0.170259
1.01896 0.098623
-0.354963 0.305687
1.12929 -0.106489
-0.891901 0.338787
0.225104 -0.26757
0.661489 0.0675312
0.454936 0.198447
0.908693 0.136481
-0.0195314 0.272608
1.27207 -0.00585943
-1.2713 0.381622
-0.881063 -0.38139
-0.468171 -0.264319
0.428823 -0.140451
0.602104 0.128647
0.621107 0.180631
0.640548 0.186332
0.61191 0.192164
0.667957 0.183573
0.558939 0.200387
0.763009 0.167682
0.352627 0.228903
1.05482 0.105788
-0.451912 0.316446
1.03053 -0.135574
-0.622367 0.309159
0.766883 -0.18671
-0.0100639 0.230065
1.22992 -0.00301916
-1.12081 0.368977
-0.38974 -0.336244
0.4511 -0.116922
0.598191 0.13533
0.634365 0.179457
0.616071 0.190309
0.658949 0.184821
0.576922 0.197685
0.73171 0.173077
0.423517 0.219513
0.9684 0.127055
-0.185863 0.29052
1.24216 -0.055759
-1.21589 0.372647
-0.697111 -0.364768
-0.0451177 -0.209133
0.788017 -0.0135353
0.117106 0.236405
1.21721 0.0351318
-1.03909 0.365162
-0.14644 -0.311728
0.658249 -0.043932
0.349459 0.197475
1.0265 0.104838
-0.370359 0.307951
1.11592 -0.111108
-0.854494 0.334776
0.312552 -0.256348
0.606888 0.0937655
0.578128 0.182066
0.714142 0.173438
0.459439 0.214243
0.918724 0.137832
-0.0438447 0.275617
1.27293 -0.0131534
-1.28163 0.381878
-0.91773 -0.384489
-0.563609 -0.275319
0.279963 -0.169083
0.721186 0.083989
0.355836 0.216356
1.03909 0.106751
-0.404836 0.311727
1.08228 -0.121451
-0.761304 0.324683
0.513266 -0.228391
0.40279 0.15398
0.926844 0.120837
-0.0818184 0.278053
1.26868 -0.0245455
-1.27792 0.380604
-0.905701 -0.383375
-0.531786 -0.27171
0.332374 -0.159536
0.685802 0.0997123
0.441258 0.205741
0.933149 0.132377
-0.0866974 0.279945
1.26942 -0.0260092
-1.28201 0.380827
-0.920156 -0.384604
-0.569967 -0.276047
0.269146 -0.17099
0.727595 0.0807437
0.339592 0.218278
1.05683 0.101878
-0.461757 0.317048
1.01854 -0.138527
-0.590921 0.305562
0.8167 -0.177276
-0.111074 0.24501
1.22774 -0.0333223
-1.1436 0.368321
-0.462619 -0.343079
0.357299 -0.138786
0.682487 0.10719
0.455085 0.204746
0.914803 0.136526
-0.0350838 0.274441
1.27272 -0.0105251
-1.27826 0.381815
-0.90571 -0.383478
-0.531912 -0.271713
0.332184 -0.159574
0.685942 0.0996552
0.440933 0.205782
0.933592 0.13228
-0.0879511 0.280078
1.26925 -0.0263853
-1.28177 0.380774
-0.91934 -0.384532
-0.567793 -0.275802
0.272853 -0.170338
0.725434 0.0818558
0.3451 0.21763
1.0509 0.10353
-0.442614 0.31527
1.041 -0.132784
-0.649938 0.3123
0.720913 -0.194981
0.0774163 0.216274
1.20788 0.0232249
-1.01935 0.362365
-0.0923396 -0.305805
0.682258 -0.0277019
0.320632 0.204677
1.06075 0.0961897
-0.479078 0.318225
0.996903 -0.143723
-0.535066 0.299071
0.898257 -0.16052
-0.290131 0.269477
1.15163 -0.0870394
-0.943793 0.345489
0.0984447 -0.283138
0.703294 0.0295334
0.337062 0.210988
1.05193 0.101119
-0.44807 0.31558
1.03451 -0.134421
-0.632706 0.310352
0.749909 -0.189812
0.0228796 0.224973
1.22424 0.00686387
-1.0914 0.367272
-0.300357 -0.327421
0.546279 -0.0901071
0.492104 0.163884
0.82485 0.147631
0.195103 0.247455
1.19416 0.0585308
-0.937908 0.358249
0.12671 -0.281372
0.69615 0.0380131
0.359538 0.208845
1.02787 0.107862
-0.371262 0.308361
1.11539 -0.111379
-0.853116 0.334617
0.315687 -0.255935
0.604544 0.0947061
0.583044 0.181363
0.705447 0.174913
0.478196 0.211634
0.891493 0.143459
0.030794 0.267448
1.26612 0.00923819
-1.23505 0.379836
-0.755642 -0.370514
-0.169906 -0.226692
0.732892 -0.0509718
0.197045 0.219868
1.16551 0.0591135
-0.842666 0.349653
0.355532 -0.2528
0.570236 0.10666
0.651422 0.171071
0.576979 0.195427
0.72936 0.173094
0.428342 0.218808
0.96194 0.128503
-0.166958 0.288582
1.24956 -0.0500875
-1.23604 0.374867
-0.764037 -0.370811
-0.188064 -0.229211
0.721274 -0.0564191
0.215251 0.216382
1.15152 0.0645752
-0.79181 0.345455
0.467706 -0.237543
0.456208 0.140312
0.848936 0.136862
0.127894 0.254681
1.23178 0.0383683
-1.08583 0.369534
-0.281102 -0.325749
0.563625 -0.0843306
0.470926 0.169088
0.858607 0.141278
0.109189 0.257582
1.24089 0.0327566
-1.12298 0.372267
-0.393247 -0.336894
0.446606 -0.117974
0.602786 0.133982
0.62529 0.180836
0.633454 0.187587
0.625818 0.190036
0.641729 0.187745
0.611202 0.192519
0.669524 0.183361
0.555794 0.200857
0.768387 0.166738
0.340152 0.230516
1.06853 0.102046
-0.496419 0.32056
0.975556 -0.148926
-0.481318 0.292667
0.968333 -0.144395
-0.457132 0.2905
0.997943 -0.13714
-0.531385 0.299383
0.904065 -0.159415
-0.303683 0.27122
1.14211 -0.091105
-0.917276 0.342632
0.16468 -0.275183
0.68685 0.0494039
0.388935 0.206055
0.994276 0.116681
-0.267338 0.298283
1.19823 -0.0802014
-1.09024 0.359468
-0.304614 -0.327073
0.543021 -0.0913843
0.495795 0.162906
0.818769 0.148738
0.210204 0.245631
1.18377 0.0630611
-0.898778 0.355131
0.224209 -0.269633
0.659989 0.0672626
0.457443 0.197997
0.905042 0.137233
-0.0095074 0.271512
1.27139 -0.00285222
-1.26584 0.381416
-0.861887 -0.379753
-0.419741 -0.258566
0.494778 -0.125922
0.53135 0.148433
0.753167 0.159405
0.36524 0.22595
1.03919 0.109572
-0.40231 0.311757
1.08516 -0.120693
-0.7693 0.325549
0.496997 -0.23079
0.423401 0.149099
0.898123 0.12702
-0.00225443 0.269437
1.26943 -0.000676328
-1.25671 0.380829
-0.830215 -0.377013
-0.341973 -0.249065
0.587211 -0.102592
0.414664 0.176163
0.935439 0.124399
-0.100665 0.280632
1.26644 -0.0301996
-1.27563 0.379933
-0.898208 -0.38269
-0.51218 -0.269463
0.363277 -0.153654
0.661587 0.108983
0.496206 0.198476
0.853768 0.148862
0.128375 0.25613
1.23306 0.0385126
-1.09009 0.369917
-0.293704 -0.327028
0.552206 -0.0881111
0.484985 0.165662
0.836367 0.145496
0.166182 0.25091
1.21225 0.0498545
-1.00751 0.363674
-0.0574232 -0.302252
0.693132 -0.017227
0.310169 0.207939
1.07325 0.0930507
-0.51957 0.321976
0.944042 -0.155871
-0.403573 0.283213
1.05519 -0.121072
-0.679876 0.316558
0.669433 -0.203963
0.16864 0.20083
1.16102 0.0505919
-0.836546 0.348305
