1.16012 0.065071
-0.415401 0.348037
1.15822 -0.12462
-0.600249 0.347467
0.951138 -0.180075
-0.175205 0.285341
1.25158 -0.0525614
-0.775646 0.375473
0.713684 -0.232694
0.207027 0.214105
1.16696 0.0621082
-0.435864 0.350088
1.14111 -0.130759
-0.563111 0.342334
0.993531 -0.168933
-0.254747 0.298059
1.22667 -0.076424
-0.731625 0.368002
0.779199 -0.219488
0.112646 0.23376
1.2198 0.0337939
-0.602914 0.36594
0.966085 -0.180874
-0.207527 0.289826
1.24245 -0.062258
-0.760312 0.372735
0.736853 -0.228094
0.174658 0.221056
1.1875 0.0523975
-0.498774 0.35625
1.0826 -0.149632
-0.43885 0.324779
1.11293 -0.131655
-0.494132 0.333879
1.0653 -0.14824
-0.396582 0.319589
1.14658 -0.118975
-0.565095 0.343975
0.992709 -0.169529
-0.253547 0.297813
1.2271 -0.0760642
-0.73241 0.368129
0.778062 -0.219723
0.114358 0.233419
1.21903 0.0343075
-0.600338 0.36571
0.969264 -0.180101
-0.21352 0.290779
1.24063 -0.0640561
-0.757132 0.372189
0.741614 -0.22714
0.16787 0.222484
1.19149 0.0503609
-0.511242 0.357446
1.06994 -0.153373
-0.412623 0.320982
1.1337 -0.123787
-0.537587 0.34011
1.02221 -0.161276
-0.31068 0.306663
1.20049 -0.093204
-0.678494 0.360147
0.853757 -0.203548
-0.00533911 0.256127
1.2561 -0.00160173
-0.737156 0.376829
0.77909 -0.221147
0.111174 0.233727
1.22013 0.0333521
-0.604241 0.366039
0.964422 -0.181272
-0.204392 0.289326
1.24337 -0.0613177
-0.761891 0.373012
0.734486 -0.228567
0.178015 0.220346
1.18549 0.0534046
-0.492514 0.355646
1.08882 -0.147754
-0.451834 0.326646
1.10208 -0.13555
-0.471579 0.330623
1.086 -0.141474
-0.438803 0.325799
1.114 -0.131641
-0.496728 0.334199
1.06279 -0.149018
-0.391485 0.318836
1.15025 -0.117446
-0.572826 0.345075
0.984132 -0.171848
-0.237216 0.29524
1.23334 -0.0711647
-0.744409 0.370002
0.760444 -0.223323
0.140575 0.228133
1.2064 0.0421725
-0.558757 0.361919
1.01849 -0.167627
-0.308677 0.305546
1.20074 -0.0926032
-0.678548 0.360221
0.85375 -0.203565
-0.00534306 0.256125
1.25609 -0.00160292
-0.737151 0.376828
0.779097 -0.221145
0.111164 0.233729
1.22014 0.0333491
-0.604256 0.366041
0.964403 -0.181277
-0.204358 0.289321
1.24338 -0.0613074
-0.761908 0.373015
0.734461 -0.228572
0.178051 0.220338
1.18547 0.0534154
-0.492447 0.35564
1.08889 -0.147734
-0.451973 0.326666
1.10196 -0.135592
-0.471335 0.330587
1.08621 -0.141401
-0.43925 0.325864
1.11363 -0.131775
-0.495964 0.334089
1.06351 -0.148789
-0.39295 0.319053
1.1492 -0.117885
-0.570619 0.344761
0.986595 -0.171186
-0.241892 0.295978
1.23162 -0.0725675
-0.741132 0.369485
0.76528 -0.22234
0.133442 0.229584
1.21 0.0400326
-0.570468 0.362999
1.00502 -0.17114
-0.282216 0.301507
1.2139 -0.0846648
-0.705563 0.364169
0.816568 -0.211669
0.0548695 0.24497
1.24166 0.0164609
-0.679427 0.372498
0.864714 -0.203828
-0.0263323 0.259414
1.25865 -0.00789969
-0.750524 0.377595
0.757981 -0.225157
0.142855 0.227394
1.20495 0.0428564
-0.554228 0.361484
1.0236 -0.166268
-0.318797 0.307079
1.19528 -0.0956392
-0.667215 0.358585
0.868892 -0.200165
-0.0306347 0.260668
1.25964 -0.00919041
-0.754539 0.377891
0.751628 -0.226362
0.152199 0.225488
1.20001 0.0456597
-0.53836 0.360002
1.04119 -0.161508
-0.353987 0.312356
1.17452 -0.106196
-0.62364 0.352356
0.924536 -0.187092
-0.127336 0.277361
1.25953 -0.0382007
-0.783244 0.377858
0.703039 -0.234973
0.221337 0.210912
1.15702 0.0664011
-0.40617 0.347107
1.16564 -0.121851
-0.616427 0.349691
0.931711 -0.184928
-0.139821 0.279513
1.25801 -0.0419463
-0.78279 0.377402
0.703367 -0.234837
0.220965 0.21101
1.1573 0.0662896
-0.406993 0.347191
1.16498 -0.122098
-0.615002 0.349495
0.933444 -0.184501
-0.142951 0.280033
1.25755 -0.0428852
-0.782474 0.377266
0.703774 -0.234742
0.220429 0.211132
1.15768 0.0661288
-0.408127 0.347305
1.16408 -0.122438
-0.61303 0.349224
0.935838 -0.183909
-0.14728 0.280751
1.25689 -0.0441841
-0.781936 0.377067
0.704502 -0.234581
0.219465 0.21135
1.15837 0.0658394
-0.410162 0.347511
1.16245 -0.123049
-0.609479 0.348736
0.940125 -0.182844
-0.155062 0.282037
1.25559 -0.0465185
-0.780672 0.376677
0.706283 -0.234202
0.21708 0.211885
1.16005 0.0651239
-0.415161 0.348015
1.15842 -0.124548
-0.60068 0.347526
0.950628 -0.180204
-0.174267 0.285188
1.25178 -0.0522801
-0.775935 0.375535
0.713251 -0.232781
0.207619 0.213975
1.16656 0.0622858
-0.43466 0.349968
1.14215 -0.130398
-0.565343 0.342644
0.991069 -0.169603
-0.250043 0.297321
1.22855 -0.0750129
-0.735274 0.368564
0.773874 -0.220582
0.120649 0.232162
1.21615 0.0361946
-0.59073 0.364845
0.980988 -0.177219
-0.235789 0.294296
1.23314 -0.0707368
-0.743435 0.369942
0.761977 -0.22303
0.138299 0.228593
1.20755 0.0414897
-0.562515 0.362266
1.0142 -0.168755
-0.300217 0.30426
1.20512 -0.0900651
-0.687602 0.361535
0.841458 -0.206281
0.0148621 0.252437
1.25219 0.00445863
-0.720332 0.375658
0.804893 -0.216099
0.0712624 0.241468
1.23588 0.0213787
-0.658765 0.370765
0.893396 -0.19763
-0.0756008 0.268019
1.26173 -0.0226802
-0.773844 0.378519
0.719802 -0.232153
0.19792 0.215941
1.17285 0.0593761
-0.453761 0.351855
1.12537 -0.136128
-0.529222 0.33761
1.02953 -0.158767
-0.324683 0.308858
1.1929 -0.0974048
-0.662708 0.357869
0.874769 -0.198812
-0.0405545 0.262431
1.26062 -0.0121663
-0.760249 0.378186
0.742409 -0.228075
0.165636 0.222723
1.19254 0.0496909
-0.514686 0.357763
1.06637 -0.154406
-0.405268 0.319911
1.13925 -0.12158
-0.549248 0.341774
1.00993 -0.164774
-0.286736 0.30298
1.21254 -0.0860208
-0.703301 0.363762
0.819666 -0.21099
0.0499717 0.2459
1.24315 0.0149915
-0.684981 0.372946
0.856827 -0.205494
-0.0130627 0.257048
1.25686 -0.00391882
-0.741587 0.377058
0.772112 -0.222476
0.121752 0.231634
1.21533 0.0365255
-0.588198 0.364598
0.984024 -0.176459
-0.241592 0.295207
1.231 -0.0724777
-0.739384 0.369301
0.767943 -0.221815
0.129475 0.230383
1.21194 0.0388425
-0.576843 0.363583
0.99756 -0.173053
-0.267691 0.299268
1.22044 -0.0803074
-0.718738 0.366133
0.797891 -0.215621
0.0840864 0.239367
1.23159 0.0252259
-0.643268 0.369477
0.914303 -0.192981
-0.112526 0.274291
1.26036 -0.0337578
-0.781123 0.378109
0.70694 -0.234337
0.215923 0.212082
1.1608 0.0647768
-0.417418 0.348239
1.15658 -0.125225
-0.596664 0.346973
0.955365 -0.178999
-0.182993 0.286609
1.24977 -0.0548979
-0.773027 0.374932
0.717604 -0.231908
0.201641 0.215281
1.17056 0.0604923
-0.44673 0.351167
1.13164 -0.134019
-0.542695 0.339493
1.01552 -0.162809
-0.297224 0.304657
1.20748 -0.0891671
-0.692978 0.362244
0.834004 -0.207893
0.0269876 0.250201
1.2494 0.00809627
-0.709004 0.37482
0.821864 -0.212701
0.0442918 0.246559
1.2444 0.0132875
-0.690101 0.37332
0.849458 -0.20703
-0.000766377 0.254837
1.25484 -0.000229913
-0.732306 0.376451
0.786551 -0.219692
0.0997794 0.235965
1.22501 0.0299338
-0.620791 0.367504
0.943585 -0.186237
-0.165625 0.283075
1.2529 -0.0496874
-0.776424 0.37587
0.712753 -0.232927
0.208254 0.213826
1.16612 0.0624763
-0.433341 0.349836
1.14327 -0.130002
-0.567783 0.342982
0.988367 -0.170335
-0.244891 0.29651
1.23054 -0.0734674
-0.739122 0.369162
0.768231 -0.221737
0.129067 0.230469
1.21214 0.0387202
-0.577505 0.363643
0.996781 -0.173251
-0.26618 0.299034
1.2211 -0.079854
-0.72004 0.366329
0.796026 -0.216012
0.0869657 0.238808
1.23049 0.0260897
-0.639422 0.369146
0.9194 -0.191827
-0.121653 0.27582
1.25954 -0.0364958
-0.781583 0.377862
0.705903 -0.234475
0.217396 0.211771
1.15978 0.0652187
-0.41439 0.347935
1.15904 -0.124317
-0.602039 0.347713
0.949017 -0.180612
-0.171309 0.284705
1.25242 -0.0513927
-0.776814 0.375727
0.711942 -0.233044
0.209408 0.213583
1.16535 0.0628223
-0.431012 0.349604
1.14526 -0.129304
-0.572074 0.343577
0.983581 -0.171622
-0.235797 0.295074
1.23391 -0.0707391
-0.745537 0.370174
0.758766 -0.223661
0.143041 0.22763
1.20512 0.0429123
-0.554641 0.361537
1.02315 -0.166392
-0.317906 0.306944
1.19577 -0.0953718
-0.668234 0.358732
0.867542 -0.20047
-0.0283623 0.260263
1.25938 -0.0085087
-0.753144 0.377813
0.753864 -0.225943
0.148914 0.226159
1.20177 0.0446742
-0.543992 0.36053
1.03501 -0.163198
-0.341567 0.310503
1.18217 -0.10247
-0.639744 0.35465
0.904451 -0.191923
-0.0917575 0.271335
1.26207 -0.0275273
-0.779641 0.378622
0.709999 -0.233892
0.2116 0.213
1.16375 0.06348
-0.426259 0.349124
1.14926 -0.127878
-0.58075 0.344777
0.97378 -0.174225
-0.217296 0.292134
1.24019 -0.0651889
-0.757079 0.372058
0.741572 -0.227124
0.167954 0.222472
1.19144 0.0503861
-0.511102 0.357433
1.07008 -0.153331
-0.41292 0.321025
1.13347 -0.123876
-0.537112 0.340042
1.0227 -0.161133
-0.311649 0.306811
1.19997 -0.0934948
-0.677425 0.359992
0.855197 -0.203227
-0.00772641 0.256559
1.25649 -0.00231792
-0.738972 0.376948
0.776261 -0.221691
0.115469 0.232878
1.21821 0.0346407
-0.597803 0.365464
0.972358 -0.179341
-0.219368 0.291707
1.23877 -0.0658105
-0.753824 0.371632
0.746557 -0.226147
0.160771 0.223967
1.19553 0.0482314
-0.524002 0.35866
1.05662 -0.157201
-0.385301 0.316987
1.15368 -0.11559
-0.579678 0.346105
0.976476 -0.173903
-0.22276 0.292943
1.23836 -0.066828
-0.753713 0.371508
0.746615 -0.226114
0.160708 0.223985
1.19557 0.0482124
-0.524127 0.358672
1.05649 -0.157238
-0.385033 0.316948
1.15387 -0.11551
-0.580074 0.346162
0.976027 -0.174022
-0.221914 0.292808
1.23864 -0.0665743
-0.75422 0.371591
0.745859 -0.226266
0.161798 0.223758
1.19496 0.0485393
-0.522187 0.358488
1.05854 -0.156656
-0.389217 0.317562
1.15092 -0.116765
-0.573853 0.345277
0.98304 -0.172156
-0.235159 0.294912
1.23408 -0.0705478
-0.745802 0.370225
0.758382 -0.223741
0.143602 0.227515
1.20483 0.0430806
-0.553699 0.361449
1.02421 -0.16611
-0.320013 0.307263
1.19461 -0.096004
-0.665815 0.358384
0.870744 -0.199744
-0.0337585 0.261223
1.25997 -0.0101275
-0.756403 0.377991
0.748631 -0.226921
0.156586 0.224589
1.19762 0.0469759
-0.530742 0.359285
1.04943 -0.159223
-0.370655 0.314829
1.1637 -0.111197
-0.600827 0.349111
0.952019 -0.180248
-0.177223 0.285606
1.25106 -0.0531669
-0.774825 0.375317
0.714928 -0.232447
0.205318 0.214478
1.16811 0.0615954
-0.439327 0.350432
1.13812 -0.131798
-0.556655 0.341437
1.00059 -0.166997
-0.268285 0.300176
1.221 -0.0804855
-0.720414 0.3663
0.795405 -0.216124
0.0879397 0.238622
1.23011 0.0263819
-0.638119 0.369034
0.921119 -0.191436
-0.124742 0.276336
1.25922 -0.0374227
-0.781619 0.377766
0.705745 -0.234486
0.21763 0.211724
1.15962 0.0652891
-0.413912 0.347887
1.15943 -0.124174
-0.602883 0.347829
0.948015 -0.180865
-0.16947 0.284404
1.25281 -0.0508409
-0.777334 0.375844
0.711171 -0.2332
0.210459 0.213351
1.16463 0.0631376
-0.42886 0.349389
1.14708 -0.128658
-0.57602 0.344123
0.979144 -0.172806
-0.227401 0.293743
1.23686 -0.0682204
-0.751027 0.371058
0.750612 -0.225308
0.154932 0.225184
1.19878 0.0464795
-0.5343 0.359634
1.04561 -0.16029
-0.36292 0.313683
1.1688 -0.108876
-0.611581 0.35064
0.939206 -0.183474
-0.153792 0.281762
1.25574 -0.0461376
-0.780721 0.376723
0.706245 -0.234216
0.217123 0.211874
1.16002 0.0651369
-0.415066 0.348005
1.1585 -0.12452
-0.600847 0.347549
0.95043 -0.180254
-0.173904 0.285129
1.25186 -0.0521711
-0.776046 0.375559
0.713086 -0.232814
0.207845 0.213926
1.16641 0.0623536
-0.4342 0.349922
1.14254 -0.13026
-0.566196 0.342762
0.990126 -0.169859
-0.248243 0.297038
1.22925 -0.074473
-0.736636 0.368775
0.77188 -0.220991
0.123631 0.231564
1.21475 0.0370893
-0.586092 0.364425
0.986571 -0.175828
-0.246481 0.295971
1.22914 -0.0739444
-0.735816 0.368743
0.773176 -0.220745
0.121675 0.231953
1.21567 0.0365024
-0.58913 0.3647
0.982919 -0.176739
-0.239481 0.294876
1.23179 -0.0718444
-0.740879 0.369537
0.765744 -0.222264
0.132736 0.229723
1.21034 0.0398207
-0.571602 0.363103
1.0037 -0.17148
-0.279639 0.30111
1.21509 -0.0838917
-0.707987 0.364528
0.813158 -0.212396
0.0602557 0.243947
1.23995 0.0180767
-0.673156 0.371986
0.873532 -0.201947
-0.0413118 0.26206
1.26018 -0.0123935
-0.759259 0.378055
0.743933 -0.227778
0.163443 0.22318
1.19379 0.0490328
-0.518628 0.358138
1.06227 -0.155588
-0.396838 0.31868
1.14545 -0.119051
-0.562316 0.343635
0.995816 -0.168695
-0.259509 0.298745
1.22467 -0.0778528
-0.727638 0.3674
0.784997 -0.218291
0.103867 0.235499
1.22363 0.03116
-0.615842 0.36709
0.949901 -0.184753
-0.177297 0.28497
1.25039 -0.053189
-0.77302 0.375118
0.717803 -0.231906
0.20133 0.215341
1.17075 0.0603989
-0.447332 0.351226
1.13111 -0.1342
-0.541549 0.339333
1.01673 -0.162465
-0.299578 0.305019
1.2063 -0.0898734
-0.690542 0.361889
0.837356 -0.207163
0.021555 0.251207
1.2507 0.0064665
-0.714198 0.375209
0.814123 -0.214259
0.0566655 0.244237
1.2407 0.0169996
-0.676283 0.372211
0.869116 -0.202885
-0.0337845 0.260735
1.25948 -0.0101354
-0.755052 0.377844
0.750729 -0.226516
0.153531 0.225219
1.19929 0.0460592
-0.536067 0.359787
1.04368 -0.16082
-0.359021 0.313105
1.17132 -0.107706
-0.616894 0.351396
0.932782 -0.185068
-0.142158 0.279834
1.2576 -0.0426473
-0.782374 0.377281
0.703961 -0.234712
0.22017 0.211188
1.15787 0.066051
-0.408669 0.34736
1.16365 -0.122601
-0.612087 0.349095
0.936979 -0.183626
-0.149348 0.281094
1.25656 -0.0448045
-0.781637 0.376967
0.704916 -0.234491
0.218912 0.211475
1.15876 0.0656737
-0.411323 0.347628
1.16152 -0.123397
-0.607445 0.348457
0.942568 -0.182234
-0.159512 0.28277
1.25478 -0.0478536
-0.779779 0.376435
0.707573 -0.233934
0.21534 0.212272
1.16126 0.0646021
-0.418784 0.348379
1.15546 -0.125635
-0.594234 0.346638
0.958212 -0.17827
-0.188258 0.287464
1.24848 -0.0564775
-0.771046 0.374544
0.720581 -0.231314
0.197526 0.216174
1.17326 0.0592577
-0.454926 0.351977
1.12432 -0.136478
-0.526992 0.337297
1.0318 -0.158098
-0.32918 0.309541
1.19035 -0.0987541
-0.657369 0.357104
0.881756 -0.197211
-0.0524534 0.264527
1.2615 -0.015736
-0.766257 0.37845
0.732585 -0.229877
0.179774 0.219775
1.18422 0.0539322
-0.488695 0.355267
1.09256 -0.146609
-0.459669 0.327769
1.09534 -0.137901
-0.457655 0.328603
1.09821 -0.137296
-0.463969 0.329463
1.09267 -0.139191
-0.452509 0.327801
1.10256 -0.135753
-0.472954 0.330768
1.08471 -0.141886
-0.43615 0.325414
1.11616 -0.130845
-0.50125 0.334849
1.05847 -0.150375
-0.382776 0.317542
1.15637 -0.114833
-0.58575 0.346912
0.969498 -0.175725
-0.209644 0.290849
1.2425 -0.0628933
-0.76109 0.372751
0.735567 -0.228327
0.176508 0.22067
1.1864 0.0529524
-0.495346 0.35592
1.08602 -0.148604
-0.445977 0.325805
1.10702 -0.133793
-0.481836 0.332106
1.07672 -0.144551
-0.419818 0.323017
1.12914 -0.125946
-0.52841 0.338743
1.0316 -0.158523
-0.329151 0.309481
1.19031 -0.0987452
-0.657259 0.357092
0.881904 -0.197178
-0.0527074 0.264571
1.26152 -0.0158122
-0.766375 0.378455
0.732391 -0.229913
0.180052 0.219717
1.18406 0.0540155
-0.488174 0.355217
1.09307 -0.146452
-0.460738 0.327921
1.09441 -0.138222
-0.455737 0.328324
1.09986 -0.136721
-0.467378 0.329958
1.08967 -0.140214
-0.446334 0.326901
1.10777 -0.1339
-0.48376 0.33233
1.0749 -0.145128
-0.416088 0.322471
1.13203 -0.124826
-0.534465 0.339609
1.02539 -0.160339
-0.316908 0.307617
1.19714 -0.0950724
-0.67154 0.359143
0.86308 -0.201462
-0.0208605 0.258924
1.25845 -0.00625816
-0.748312 0.377534
0.761566 -0.224493
0.137525 0.22847
1.20767 0.0412574
-0.563044 0.3623
