1.23753 0.0202759
-0.664343 0.371258
0.885771 -0.199303
-0.0623526 0.265731
1.26145 -0.0187058
-0.769101 0.378436
0.727769 -0.23073
0.186657 0.218331
1.18001 0.0559971
-0.475658 0.354002
1.10513 -0.142697
-0.486132 0.331538
1.07158 -0.14584
-0.408955 0.321474
1.13751 -0.122686
-0.545998 0.341252
1.01333 -0.163799
-0.293313 0.303998
1.20936 -0.0879938
-0.696807 0.362809
0.828715 -0.209042
0.0355121 0.248615
1.24723 0.0106536
-0.70048 0.374168
0.834429 -0.210144
0.0239574 0.250329
1.2497 0.00718723
-0.71073 0.374909
0.819258 -0.213219
0.0484793 0.245777
1.24319 0.0145438
-0.685535 0.372958
0.856003 -0.205661
-0.0116759 0.256801
1.25665 -0.00350276
-0.740591 0.376995
0.773672 -0.222177
0.119397 0.232102
1.21642 0.0358192
-0.591827 0.364926
0.979641 -0.177548
-0.233214 0.293892
1.23406 -0.0699643
-0.745171 0.370219
0.759411 -0.223551
0.142073 0.227823
1.20562 0.0426219
-0.55625 0.361686
1.02133 -0.166875
-0.314302 0.306399
1.19773 -0.0942907
-0.672315 0.35932
0.862111 -0.201695
-0.0192544 0.258633
1.25823 -0.00577633
-0.747221 0.377468
0.763294 -0.224166
0.134954 0.228988
1.20895 0.0404863
-0.567241 0.362686
1.00875 -0.170172
-0.289501 0.302624
1.21043 -0.0868504
-0.698511 0.36313
0.82642 -0.209553
0.0391799 0.247926
1.24624 0.011754
-0.696665 0.373871
0.839996 -0.208999
0.0148487 0.251999
1.25176 0.00445462
-0.719128 0.375527
0.806667 -0.215738
0.0684789 0.242
1.23684 0.0205437
-0.662212 0.371053
0.888676 -0.198664
-0.0673827 0.266603
1.26161 -0.0202148
-0.771036 0.378482
0.724537 -0.231311
0.191241 0.217361
1.17713 0.0573722
-0.466829 0.353139
1.11342 -0.140049
-0.503717 0.334025
1.05492 -0.151115
-0.37526 0.316476
1.16157 -0.112578
-0.596758 0.348472
0.95674 -0.179027
-0.185914 0.287022
1.249 -0.0557742
-0.77178 0.3747
0.719492 -0.231534
0.199031 0.215848
1.17227 0.0597092
-0.451938 0.351682
1.12701 -0.135581
-0.532747 0.338103
1.0259 -0.159824
-0.317546 0.30777
1.19685 -0.0952637
-0.670963 0.359056
0.863844 -0.201289
-0.0221389 0.259153
1.25861 -0.00664168
-0.749162 0.377584
0.760216 -0.224749
0.13953 0.228065
1.20665 0.0418591
-0.559743 0.361995
1.01735 -0.167923
-0.306427 0.305205
1.20192 -0.091928
-0.680996 0.360575
0.850444 -0.204299
0.00012055 0.255133
1.25513 3.61651e-05
-0.732859 0.37654
0.785749 -0.219858
0.101 0.235725
1.2245 0.0303
-0.61905 0.367351
0.945805 -0.185715
-0.169718 0.283742
1.25206 -0.0509153
-0.775327 0.375617
0.714372 -0.232598
0.206042 0.214312
1.16761 0.0618126
-0.43784 0.350284
1.13941 -0.131352
-0.559433 0.341823
0.997561 -0.16783
-0.262471 0.299268
1.22349 -0.0787415
-0.725357 0.367046
0.78829 -0.217607
0.0988522 0.236487
1.22574 0.0296557
-0.623021 0.367721
0.94075 -0.186906
-0.160419 0.282225
1.25392 -0.0481256
-0.777666 0.376175
0.710934 -0.2333
0.21073 0.21328
1.16443 0.0632189
-0.428275 0.34933
1.14757 -0.128482
-0.577088 0.344271
0.977938 -0.173126
-0.225124 0.293381
1.23763 -0.0675373
-0.752444 0.37129
0.7485 -0.225733
0.157989 0.22455
1.19709 0.0473966
-0.52894 0.359128
1.05137 -0.158682
-0.374605 0.315412
1.16105 -0.112382
-0.595222 0.348315
0.958596 -0.178567
-0.189365 0.287579
1.24813 -0.0568094
-0.770432 0.37444
0.721518 -0.23113
0.196223 0.216455
1.1741 0.0588669
-0.457499 0.35223
1.12199 -0.13725
-0.522009 0.336598
1.03686 -0.156603
-0.33918 0.311057
1.18451 -0.101754
-0.645122 0.355353
0.897552 -0.193537
-0.0796956 0.269266
1.26228 -0.0239087
-0.776592 0.378684
0.715279 -0.232978
0.204236 0.214584
1.1687 0.0612707
-0.441176 0.35061
1.13651 -0.132353
-0.553175 0.340953
1.00435 -0.165952
-0.275545 0.301305
1.21779 -0.0826635
-0.713971 0.365336
0.804606 -0.214191
0.0736788 0.241382
1.23541 0.0221036
-0.656759 0.370623
0.896157 -0.197028
-0.0804357 0.268847
1.26173 -0.0241307
-0.77529 0.378519
0.717336 -0.232587
0.201384 0.215201
1.17059 0.0604153
-0.446893 0.351177
1.13149 -0.134068
-0.542369 0.339448
1.01587 -0.162711
-0.297895 0.30476
1.20714 -0.0893684
-0.692287 0.362143
0.834956 -0.207686
0.0254467 0.250487
1.24977 0.00763402
-0.710496 0.374932
0.819647 -0.213149
0.0478475 0.245894
1.24338 0.0143543
-0.686228 0.373013
0.855013 -0.205868
-0.0100206 0.256504
1.25639 -0.00300617
-0.739383 0.376918
0.775562 -0.221815
0.116539 0.232669
1.21773 0.0349617
-0.596189 0.365319
0.974333 -0.178857
-0.223114 0.2923
1.23754 -0.0669342
-0.751596 0.371263
0.749877 -0.225479
0.155974 0.224963
1.1982 0.0467922
-0.532466 0.359461
1.04759 -0.15974
-0.366926 0.314277
1.16618 -0.110078
-0.606047 0.349853
0.945832 -0.181814
-0.165871 0.283749
1.25348 -0.0497613
-0.778108 0.376045
0.710048 -0.233433
0.211983 0.213014
1.16358 0.063595
-0.425725 0.349075
1.14971 -0.127717
-0.581732 0.344913
0.97266 -0.17452
-0.215193 0.291798
1.24086 -0.0645579
-0.758262 0.372258
0.7398 -0.227479
0.170487 0.22194
1.18997 0.0511461
-0.506479 0.35699
1.07482 -0.151944
-0.422699 0.322445
1.1259 -0.12681
-0.521234 0.337771
1.03892 -0.15637
-0.343654 0.311675
1.18177 -0.103096
-0.639327 0.35453
0.904917 -0.191798
-0.0925611 0.271475
1.26205 -0.0277683
-0.779818 0.378615
0.709688 -0.233945
0.212032 0.212906
1.16345 0.0636097
-0.425375 0.349036
1.15 -0.127612
-0.582357 0.344999
0.971946 -0.174707
-0.213854 0.291584
1.24128 -0.0641562
-0.759001 0.372383
0.738692 -0.2277
0.172068 0.221607
1.18904 0.0516203
-0.503576 0.356712
1.07776 -0.151073
-0.428806 0.323329
1.12107 -0.128642
-0.511113 0.33632
1.04896 -0.153334
-0.363683 0.314688
1.1692 -0.109105
-0.612827 0.350759
0.937647 -0.183848
-0.150948 0.281294
1.25623 -0.0452843
-0.781211 0.376869
0.70555 -0.234363
0.218056 0.211665
1.15936 0.0654167
-0.413116 0.347809
1.16008 -0.123935
-0.604293 0.348023
0.946337 -0.181288
-0.166396 0.283901
1.25344 -0.0499189
-0.778154 0.376033
0.709957 -0.233446
0.212111 0.212987
1.1635 0.0636334
-0.425463 0.349049
1.14993 -0.127639
-0.582207 0.344978
0.972117 -0.174662
-0.214175 0.291635
1.24118 -0.0642526
-0.758825 0.372353
0.738956 -0.227647
0.17169 0.221687
1.18926 0.0515071
-0.50427 0.356778
1.07706 -0.151281
-0.427348 0.323118
1.12223 -0.128204
-0.513543 0.336669
1.04657 -0.154063
-0.358901 0.313971
1.17228 -0.10767
-0.619334 0.351684
0.929752 -0.1858
-0.136683 0.278926
1.25838 -0.0410049
-0.782864 0.377513
0.703349 -0.234859
0.220971 0.211005
1.15729 0.0662912
-0.406971 0.347188
1.165 -0.122091
-0.615039 0.3495
0.933399 -0.184512
-0.14287 0.28002
1.25757 -0.0428609
-0.782483 0.37727
0.703763 -0.234745
0.220445 0.211129
1.15767 0.0661336
-0.408094 0.347302
1.16411 -0.122428
-0.613088 0.349232
0.935768 -0.183926
-0.147154 0.28073
1.25691 -0.0441461
-0.781953 0.377073
0.704478 -0.234586
0.219496 0.211343
1.15835 0.0658489
-0.410095 0.347504
1.16251 -0.123029
-0.609596 0.348752
0.939984 -0.182879
-0.154806 0.281995
1.25563 -0.0464417
-0.78072 0.37669
0.706214 -0.234216
0.217172 0.211864
1.15998 0.0651515
-0.414969 0.347995
1.15858 -0.124491
-0.60102 0.347573
0.950226 -0.180306
-0.173527 0.285068
1.25194 -0.0520582
-0.77616 0.375583
0.712916 -0.232848
0.208078 0.213875
1.16625 0.0624233
-0.433727 0.349875
1.14294 -0.130118
-0.567071 0.342883
0.989157 -0.170121
-0.246396 0.296747
1.22996 -0.0739188
-0.738014 0.368989
0.769858 -0.221404
0.126646 0.230957
1.21331 0.0379938
-0.581351 0.363994
0.992228 -0.174405
-0.257374 0.297668
1.2248 -0.0772121
-0.727369 0.367441
0.785468 -0.218211
0.103133 0.23564
1.22394 0.0309399
-0.616893 0.367182
0.948569 -0.185068
-0.17483 0.284571
1.25095 -0.052449
-0.773809 0.375285
0.716626 -0.232143
0.202949 0.214988
1.16968 0.0608848
-0.444083 0.350904
1.13397 -0.133225
-0.54771 0.340192
1.01021 -0.164313
-0.286883 0.303062
1.21253 -0.0860649
-0.703317 0.363759
0.819639 -0.210995
0.0500163 0.245892
1.24314 0.0150049
-0.684932 0.372942
0.856897 -0.20548
-0.0131801 0.257069
1.25688 -0.00395404
-0.741671 0.377063
0.77198 -0.222501
0.12195 0.231594
1.21523 0.0365851
-0.587891 0.36457
0.984393 -0.176367
-0.242301 0.295318
1.23074 -0.0726902
-0.738876 0.369221
0.768689 -0.221663
0.128366 0.230607
1.21248 0.0385098
-0.578611 0.363744
0.995474 -0.173583
-0.263649 0.298642
1.22218 -0.0790946
-0.722192 0.366654
0.792936 -0.216658
0.0917196 0.237881
1.22863 0.0275159
-0.632961 0.368588
0.927884 -0.189888
-0.136955 0.278365
1.25773 -0.0410865
-0.781168 0.37732
0.706074 -0.23435
0.217255 0.211822
1.1599 0.0651765
-0.414735 0.347971
1.15877 -0.124421
-0.601431 0.34763
0.949738 -0.180429
-0.172633 0.284922
1.25214 -0.0517898
-0.776428 0.375642
0.712517 -0.232928
0.208622 0.213755
1.16588 0.0625867
-0.432616 0.349764
1.14389 -0.129785
-0.569122 0.343167
0.986878 -0.170736
-0.242058 0.296063
1.23161 -0.0726174
-0.741173 0.369484
0.765213 -0.222352
0.133542 0.229564
1.20995 0.0400627
-0.570306 0.362984
1.00521 -0.171092
-0.282585 0.301563
1.21372 -0.0847754
-0.705213 0.364117
0.817059 -0.211564
0.0540928 0.245118
1.2419 0.0162278
-0.680316 0.37257
0.863456 -0.204095
-0.0242071 0.259037
1.25839 -0.00726212
-0.749168 0.377518
0.760139 -0.22475
0.139656 0.228042
1.20659 0.0418969
-0.559542 0.361976
1.01758 -0.167863
-0.306879 0.305274
1.20168 -0.0920637
-0.680507 0.360505
0.851106 -0.204152
-0.000971258 0.255332
1.25533 -0.000291377
-0.733732 0.376599
0.7844 -0.22012
0.103068 0.23532
1.22363 0.0309204
-0.61609 0.36709
0.949567 -0.184827
-0.176673 0.28487
1.25054 -0.0530018
-0.773225 0.375161
0.717496 -0.231968
0.201752 0.215249
1.17047 0.0605256
-0.446486 0.351142
1.13186 -0.133946
-0.543158 0.339557
1.01503 -0.162947
-0.296273 0.30451
1.20796 -0.0888818
-0.693953 0.362387
0.832659 -0.208186
0.0291612 0.249798
1.24886 0.00874836
-0.706874 0.374659
0.82502 -0.212062
0.0392134 0.247506
1.24581 0.011764
-0.695495 0.373744
0.841659 -0.208649
0.0121219 0.252498
1.25234 0.00363657
-0.721544 0.375701
0.803013 -0.216463
0.0742242 0.240904
1.23484 0.0222673
-0.655056 0.370453
0.898445 -0.196517
-0.0844413 0.269534
1.26169 -0.0253324
-0.776381 0.378507
0.715463 -0.232914
0.20401 0.214639
1.16886 0.0612029
-0.441646 0.350657
1.1361 -0.132494
-0.55229 0.34083
1.0053 -0.165687
-0.277385 0.301591
1.21695 -0.0832155
-0.712291 0.365086
0.806992 -0.213687
0.0699525 0.242098
1.23671 0.0209857
-0.661425 0.371015
0.889784 -0.198427
-0.069314 0.266935
1.26165 -0.0207942
-0.771732 0.378495
0.723369 -0.231519
0.192892 0.217011
1.17608 0.0578677
-0.463619 0.352825
1.11639 -0.139086
-0.51004 0.334916
1.04876 -0.153012
-0.362903 0.314629
1.16976 -0.108871
-0.614043 0.350928
0.936174 -0.184213
-0.148277 0.280852
1.25667 -0.0444832
-0.781618 0.377
0.704981 -0.234485
0.218816 0.211494
1.15883 0.0656448
-0.41152 0.347648
1.16136 -0.123456
-0.607099 0.348409
0.942983 -0.18213
-0.160269 0.282895
1.25464 -0.0480808
-0.779615 0.376392
0.707812 -0.233885
0.215017 0.212344
1.16149 0.0645052
-0.419455 0.348446
1.15491 -0.125836
-0.593035 0.346473
0.959614 -0.17791
-0.190854 0.287884
1.24782 -0.0572563
-0.770006 0.374345
0.722145 -0.231002
0.195355 0.216644
1.17466 0.0586066
-0.459211 0.352399
1.12044 -0.137763
-0.51868 0.336131
1.0402 -0.155604
-0.34582 0.31206
1.18051 -0.103746
-0.636708 0.354153
0.908216 -0.191012
-0.0983539 0.272465
1.26182 -0.0295062
-0.780926 0.378547
0.707718 -0.234278
0.214772 0.212315
1.16158 0.0644315
-0.419753 0.348473
1.15466 -0.125926
-0.592492 0.346398
0.960247 -0.177748
-0.192028 0.288074
1.24751 -0.0576085
-0.769522 0.374254
0.722872 -0.230857
0.194344 0.216862
1.17532 0.0583033
-0.461199 0.352595
1.11862 -0.13836
-0.514801 0.335586
1.04406 -0.15444
-0.353516 0.313219
1.17575 -0.106055
-0.626676 0.352724
0.920729 -0.188003
-0.120518 0.276219
1.26024 -0.0361555
-0.783185 0.378072
0.703356 -0.234955
0.220863 0.211007
1.15735 0.066259
-0.407141 0.347204
1.16486 -0.122142
-0.614742 0.349459
0.933761 -0.184422
-0.143524 0.280128
1.25747 -0.0430572
-0.78241 0.377241
0.70386 -0.234723
0.220317 0.211158
1.15776 0.0660951
-0.408365 0.347329
1.16389 -0.12251
-0.612616 0.349167
0.936339 -0.183785
-0.148189 0.280902
1.25675 -0.0444568
-0.781808 0.377024
0.704678 -0.234542
0.219229 0.211403
1.15854 0.0657688
-0.410657 0.347561
1.16206 -0.123197
-0.608613 0.348617
0.941167 -0.182584
-0.156958 0.28235
1.25525 -0.0470874
-0.780307 0.376575
0.706808 -0.234092
0.216372 0.212043
1.16054 0.0649116
-0.416637 0.348163
1.15722 -0.124991
-0.598061 0.347166
0.953721 -0.179418
-0.179961 0.286116
1.25049 -0.0539882
-0.774091 0.375148
0.716008 -0.232227
0.203838 0.214802
1.1691 0.0611514
-0.442317 0.350729
1.13552 -0.132695
-0.551044 0.340656
1.00664 -0.165313
-0.279974 0.301993
1.21577 -0.0839923
-0.709895 0.364731
0.810385 -0.212968
0.0646351 0.243116
1.23852 0.0193905
-0.667935 0.371556
0.880805 -0.20038
-0.0537804 0.264242
1.26106 -0.0161341
-0.765434 0.378318
0.73384 -0.22963
0.177997 0.220152
1.1853 0.053399
-0.492033 0.35559
1.08928 -0.14761
-0.452804 0.326785
1.10125 -0.135841
-0.46987 0.330375
1.08752 -0.140961
-0.44193 0.326256
1.11142 -0.132579
-0.491367 0.333427
1.06784 -0.14741
-0.401724 0.320352
1.14283 -0.120517
-0.55719 0.34285
1.00134 -0.167157
-0.270114 0.300403
1.22015 -0.0810343
-0.718664 0.366044
0.797918 -0.215599
0.0840602 0.239375
1.2316 0.0252181
-0.643312 0.369481
0.914246 -0.192993
-0.112424 0.274274
1.26037 -0.0337272
-0.781115 0.378111
0.706956 -0.234335
0.215899 0.212087
1.16081 0.0647698
-0.417466 0.348244
1.15654 -0.12524
-0.596578 0.346961
0.955465 -0.178974
-0.183178 0.28664
1.24973 -0.0549535
-0.77296 0.374919
0.717704 -0.231888
0.201503 0.215311
1.17065 0.0604508
-0.447007 0.351194
1.1314 -0.134102
-0.542169 0.339419
1.01608 -0.162651
-0.298306 0.304823
1.20694 -0.0894917
-0.691862 0.362082
0.835541 -0.207559
0.0244995 0.250662
1.25 0.00734985
-0.711406 0.375001
0.818292 -0.213422
0.050016 0.245488
1.24274 0.0150048
-0.683827 0.372821
0.858439 -0.205148
-0.0157582 0.257532
1.25726 -0.00472747
-0.743497 0.377178
0.769111 -0.223049
0.126265 0.230733
1.2132 0.0378796
-0.58115 0.363959
0.99245 -0.174345
-0.257798 0.297735
1.22463 -0.0773395
-0.727028 0.367389
0.785962 -0.218108
0.102381 0.235789
1.22426 0.0307144
-0.617976 0.367278
0.947194 -0.185393
-0.172287 0.284158
1.25151 -0.0516861
-0.774583 0.375452
0.715475 -0.232375
0.20453 0.214642
1.16863 0.0613591
-0.440898 0.350588
1.13676 -0.132269
-0.55371 0.341027
1.00377 -0.166113
-0.274429 0.301132
1.21829 -0.0823287
-0.714981 0.365487
0.803169 -0.214494
0.0759166 0.240951
1.23461 0.022775
-0.653916 0.370383
0.900016 -0.196175
-0.0872071 0.270005
1.26164 -0.0261621
-0.777069 0.378492
0.714271 -0.233121
0.205678 0.214281
1.16775 0.0617033
-0.438295 0.350324
1.13901 -0.131489
-0.558571 0.341703
0.998502 -0.167571
-0.264279 0.299551
1.22272 -0.0792837
-0.72384 0.366817
0.790477 -0.217152
0.0955079 0.237143
1.22711 0.0286524
-0.627725 0.368133
0.934691 -0.188317
-0.149329 0.280407
1.25588 -0.0447987
-0.779752 0.376763
0.707949 -0.233926
0.214763 0.212385
1.16165 0.0644289
-0.419944 0.348495
1.15451 -0.125983
-0.592158 0.346352
0.960636 -0.177647
-0.19275 0.288191
1.24732 -0.0578251
-0.769221 0.374197
0.723327 -0.230766
0.193712 0.216998
1.17572 0.0581137
-0.462438 0.352716
1.11748 -0.138732
-0.512375 0.335245
