1.23325 -0.0712418
-0.744232 0.369974
0.760705 -0.22327
0.14019 0.228212
1.20659 0.0420571
-0.559396 0.361978
1.01776 -0.167819
-0.30724 0.305328
1.20149 -0.0921721
-0.680114 0.360448
0.851638 -0.204034
-0.00184925 0.255491
1.25549 -0.000554775
-0.734429 0.376646
0.783322 -0.220329
0.104718 0.234997
1.22293 0.0314155
-0.613709 0.36688
0.952577 -0.184113
-0.182257 0.285773
1.24923 -0.054677
-0.771321 0.37477
0.72034 -0.231396
0.197825 0.216102
1.17305 0.0593474
-0.454314 0.351916
1.12487 -0.136294
-0.528172 0.337462
1.0306 -0.158452
-0.326802 0.30918
1.1917 -0.0980406
-0.660206 0.35751
0.878051 -0.198062
-0.0461335 0.263415
1.26107 -0.0138401
-0.763179 0.378322
0.737635 -0.228954
0.17253 0.221291
1.18855 0.0517589
-0.502151 0.356564
1.07919 -0.150645
-0.431769 0.323758
1.11869 -0.129531
-0.506147 0.335607
1.0538 -0.151844
-0.373398 0.316141
1.16277 -0.112019
-0.599264 0.348832
0.953803 -0.179779
-0.180493 0.286141
1.25031 -0.054148
-0.773738 0.375092
0.716555 -0.232121
0.203083 0.214966
1.1696 0.0609248
-0.443834 0.35088
1.13419 -0.13315
-0.548181 0.340258
1.00971 -0.164454
-0.285909 0.302912
1.21299 -0.0857727
-0.70426 0.363898
0.818317 -0.211278
0.052115 0.245495
1.24251 0.0156345
-0.682573 0.372752
0.860256 -0.204772
-0.0188157 0.258077
1.25769 -0.0056447
-0.7456 0.377306
0.765795 -0.22368
0.131233 0.229739
1.21079 0.0393699
-0.573255 0.363238
1.00175 -0.171977
-0.27584 0.300526
1.21683 -0.082752
-0.711494 0.365049
0.808202 -0.213448
0.0680419 0.242461
1.23737 0.0204126
-0.663775 0.37121
0.886553 -0.199133
-0.0637072 0.265966
1.2615 -0.0191122
-0.769637 0.37845
0.726875 -0.230891
0.187926 0.218063
1.17921 0.0563779
-0.473224 0.353764
1.10743 -0.141967
-0.491007 0.332229
1.06703 -0.147302
-0.399716 0.32011
1.14436 -0.119915
-0.56043 0.343308
0.997818 -0.168129
-0.263333 0.299345
1.22307 -0.0790001
-0.724481 0.36692
0.789561 -0.217344
0.0969093 0.236868
1.22654 0.0290728
-0.625761 0.367961
0.937226 -0.187728
-0.153961 0.281168
1.25509 -0.0461883
-0.778974 0.376528
0.709048 -0.233692
0.213285 0.212714
1.16267 0.0639854
-0.423009 0.348802
1.15197 -0.126903
-0.586647 0.345592
0.967022 -0.175994
-0.204638 0.290106
1.24404 -0.0613914
-0.763796 0.373213
0.731489 -0.229139
0.182277 0.219447
1.1829 0.054683
-0.484493 0.35487
1.09666 -0.145348
-0.468284 0.328999
1.08778 -0.140485
-0.442077 0.326334
1.11136 -0.132623
-0.491254 0.333408
1.06794 -0.147376
-0.401932 0.320383
1.14268 -0.12058
-0.556867 0.342804
1.00169 -0.16706
-0.270788 0.300508
1.21985 -0.0812363
-0.718072 0.365955
0.798765 -0.215422
0.0827508 0.239629
1.2321 0.0248252
-0.645044 0.369629
0.911939 -0.193513
-0.10831 0.273582
1.26068 -0.032493
-0.780732 0.378203
0.707707 -0.23422
0.214847 0.212312
1.16154 0.0644541
-0.419631 0.348461
1.15476 -0.125889
-0.592712 0.346429
0.95999 -0.177814
-0.191553 0.287997
1.24764 -0.0574658
-0.769719 0.374291
0.722576 -0.230916
0.194756 0.216773
1.17505 0.0584269
-0.460389 0.352515
1.11936 -0.138117
-0.516383 0.335808
1.04249 -0.154915
-0.350384 0.312748
1.1777 -0.105115
-0.630795 0.353311
0.915618 -0.189239
-0.11143 0.274685
1.26103 -0.033429
-0.782637 0.378308
0.704535 -0.234791
0.219202 0.211361
1.15851 0.0657607
-0.410589 0.347552
1.16211 -0.123177
-0.608727 0.348633
0.941029 -0.182618
-0.156708 0.282309
1.2553 -0.0470125
-0.780356 0.376589
0.706737 -0.234107
0.216468 0.212021
1.16048 0.0649405
-0.416437 0.348143
1.15738 -0.124931
-0.598416 0.347214
0.953302 -0.179525
-0.179189 0.285991
1.25067 -0.0537566
-0.774353 0.375201
0.715617 -0.232306
0.204376 0.214685
1.16874 0.0613129
-0.441231 0.350622
1.13647 -0.132369
-0.553085 0.34094
1.00445 -0.165925
-0.275731 0.301334
1.2177 -0.0827194
-0.713802 0.365311
0.804847 -0.214141
0.0733032 0.241454
1.23554 0.021991
-0.657233 0.370663
0.895512 -0.19717
-0.0793058 0.268654
1.26174 -0.0237917
-0.774965 0.378521
0.717893 -0.23249
0.200604 0.215368
1.1711 0.0601811
-0.448447 0.351331
1.13012 -0.134534
-0.539412 0.339035
1.01897 -0.161824
-0.30396 0.305692
1.20406 -0.0911881
-0.685927 0.361218
0.843673 -0.205778
0.0112594 0.253102
1.25296 0.00337781
-0.723529 0.375889
0.800046 -0.217059
0.0788609 0.240014
1.23317 0.0236583
-0.649128 0.369952
0.906447 -0.194739
-0.0985499 0.271934
1.26125 -0.029565
-0.779394 0.378375
0.710174 -0.233818
0.2114 0.213052
1.16389 0.0634199
-0.426693 0.349168
1.14889 -0.128008
-0.579962 0.344668
0.974676 -0.173989
-0.218982 0.292403
1.23965 -0.0656947
-0.756112 0.371896
0.74302 -0.226834
0.165879 0.222906
1.19264 0.0497638
-0.514862 0.357792
1.0662 -0.154458
-0.404921 0.31986
1.1395 -0.121476
-0.54979 0.341851
1.00935 -0.164937
-0.285614 0.302806
1.21307 -0.0856841
-0.704387 0.363922
0.818145 -0.211316
0.052386 0.245444
1.24242 0.0157158
-0.682266 0.372727
0.860692 -0.20468
-0.0195501 0.258208
1.25779 -0.00586504
-0.746097 0.377336
0.76501 -0.223829
0.132407 0.229503
1.21022 0.0397221
-0.571369 0.363065
1.00396 -0.171411
-0.280133 0.301187
1.21487 -0.0840399
-0.707527 0.36446
0.813806 -0.212258
0.059234 0.244142
1.24028 0.0177702
-0.67436 0.372085
0.871847 -0.202308
-0.038437 0.261554
1.25993 -0.0115311
-0.757694 0.377979
0.746468 -0.227308
0.159755 0.223941
1.19587 0.0479266
-0.52518 0.35876
1.05536 -0.157554
-0.382728 0.316609
1.15548 -0.114818
-0.583468 0.346644
0.972166 -0.17504
-0.214658 0.29165
1.24096 -0.0643973
-0.758388 0.372289
0.739621 -0.227516
0.17074 0.221886
1.18982 0.051222
-0.506014 0.356946
1.07529 -0.151804
-0.423678 0.322587
1.12513 -0.127104
-0.519621 0.33754
1.04053 -0.155886
-0.346867 0.31216
1.17981 -0.10406
-0.635211 0.353943
0.910101 -0.190563
-0.101676 0.27303
1.26166 -0.0305028
-0.781463 0.378498
0.706744 -0.234439
0.216125 0.212023
1.16064 0.0648375
-0.416962 0.348193
1.15695 -0.125088
-0.597475 0.347085
0.954411 -0.179243
-0.181233 0.286323
1.25019 -0.0543698
-0.773652 0.375058
0.716667 -0.232096
0.202932 0.215
1.1697 0.0608795
-0.44414 0.35091
1.13392 -0.133242
-0.547603 0.340177
1.01032 -0.164281
-0.287104 0.303096
1.21242 -0.0861312
-0.703102 0.363727
0.81994 -0.210931
0.0495384 0.245982
1.24328 0.0148615
-0.685465 0.372985
0.856137 -0.205639
-0.0119062 0.256841
1.25669 -0.00357187
-0.740755 0.377006
0.773416 -0.222226
0.119784 0.232025
1.21624 0.0359352
-0.591233 0.364873
0.98036 -0.17737
-0.234586 0.294108
1.23357 -0.0703759
-0.744252 0.370072
0.760771 -0.223275
0.140075 0.228231
1.20665 0.0420225
-0.559577 0.361994
1.01755 -0.167873
-0.306833 0.305266
1.20171 -0.0920499
-0.680555 0.360512
0.851041 -0.204167
-0.000863612 0.255312
1.25531 -0.000259084
-0.733646 0.376593
0.784533 -0.220094
0.102866 0.23536
1.22372 0.0308597
-0.616381 0.367116
0.949198 -0.184914
-0.175989 0.284759
1.25069 -0.0527968
-0.773445 0.375207
0.717168 -0.232033
0.202203 0.215151
1.17018 0.0606609
-0.445582 0.351053
1.13266 -0.133675
-0.544873 0.339797
1.01322 -0.163462
-0.29274 0.303966
1.2097 -0.087822
-0.697533 0.36291
0.827702 -0.20926
0.0371401 0.248311
1.24679 0.011142
-0.698801 0.374038
0.836883 -0.20964
0.0199498 0.251065
1.25063 0.00598495
-0.71449 0.375188
0.813643 -0.214347
0.0574371 0.244093
1.24046 0.0172311
-0.675395 0.372139
0.870365 -0.202618
-0.0359074 0.26111
1.25969 -0.0107722
-0.756276 0.377907
0.748758 -0.226883
0.156415 0.224627
1.19772 0.0469245
-0.531049 0.359315
1.0491 -0.159315
-0.369986 0.31473
1.16415 -0.110996
-0.601769 0.349245
0.950907 -0.180531
-0.175177 0.285272
1.25152 -0.0525532
-0.775476 0.375455
0.713956 -0.232643
0.206651 0.214187
1.16721 0.0619952
-0.436627 0.350164
1.14046 -0.130988
-0.561692 0.342137
0.995089 -0.168508
-0.25773 0.298527
1.22546 -0.0773189
-0.729245 0.367638
0.782659 -0.218774
0.107415 0.234798
1.22211 0.0322245
-0.610673 0.366632
0.956418 -0.183202
-0.189411 0.286925
1.24746 -0.0568233
-0.768599 0.374238
0.724419 -0.23058
0.192159 0.217326
1.17671 0.0576476
-0.46546 0.353013
1.11469 -0.139638
-0.506436 0.334408
1.05228 -0.151931
-0.36996 0.315685
1.16513 -0.110988
-0.604262 0.349538
0.947892 -0.181279
-0.169628 0.284368
1.25272 -0.0508884
-0.777117 0.375815
0.711513 -0.233135
0.209989 0.213454
1.16495 0.0629967
-0.429821 0.349485
1.14626 -0.128946
-0.574261 0.343879
0.981126 -0.172278
-0.231148 0.294338
1.23557 -0.0693443
-0.748629 0.37067
0.75418 -0.224589
0.149746 0.226254
1.20159 0.0449237
-0.543271 0.360476
1.03582 -0.162981
-0.343194 0.310746
1.18119 -0.102958
-0.637676 0.354356
0.907061 -0.191303
-0.0963387 0.272118
1.26191 -0.0289016
-0.780557 0.378573
0.708376 -0.234167
0.213857 0.212513
1.1622 0.064157
-0.421634 0.348661
1.15311 -0.12649
-0.589115 0.345933
0.96417 -0.176735
-0.199321 0.289251
1.24555 -0.0597963
-0.766329 0.373665
0.727679 -0.229899
0.187632 0.218304
1.17958 0.0562897
-0.474253 0.353873
1.10647 -0.142276
-0.488968 0.33194
1.06894 -0.146691
-0.403588 0.320682
1.14151 -0.121076
-0.554428 0.342453
1.00432 -0.166328
-0.275861 0.301297
1.21759 -0.0827582
-0.713531 0.365276
0.805238 -0.214059
0.0726921 0.241571
1.23576 0.0218076
-0.658002 0.370728
0.894464 -0.197401
-0.0774731 0.268339
1.26174 -0.0232419
-0.77442 0.378521
0.718822 -0.232326
0.199298 0.215647
1.17195 0.0597894
-0.451037 0.351587
1.12781 -0.135311
-0.534459 0.338343
1.02413 -0.160338
-0.314068 0.307239
1.19874 -0.0942203
-0.674888 0.359621
0.8586 -0.202466
-0.0133793 0.25758
1.25738 -0.00401379
-0.743127 0.377215
0.769753 -0.222938
0.12529 0.230926
1.21366 0.037587
-0.582677 0.364098
0.990634 -0.174803
-0.254294 0.29719
1.22606 -0.0762881
-0.729829 0.367818
0.781902 -0.218949
0.108544 0.234571
1.22161 0.0325631
-0.609003 0.366483
0.95851 -0.182701
-0.193317 0.287553
1.24644 -0.0579951
-0.766981 0.373933
0.726847 -0.230094
0.188769 0.218054
1.17886 0.0566306
-0.472044 0.353657
1.10855 -0.141613
-0.493383 0.332565
1.0648 -0.148015
-0.395184 0.319439
1.14765 -0.118555
-0.567369 0.344295
0.990197 -0.170211
-0.248749 0.297059
1.229 -0.0746247
-0.736097 0.368699
0.772676 -0.220829
0.12244 0.231803
1.21531 0.0367321
-0.587949 0.364594
0.984341 -0.176385
-0.242204 0.295302
1.23077 -0.0726613
-0.738944 0.369232
0.76859 -0.221683
0.128513 0.230577
1.21241 0.038554
-0.578377 0.363723
0.995751 -0.173513
-0.264185 0.298725
1.22195 -0.0792555
-0.721739 0.366586
0.793587 -0.216522
0.0907198 0.238076
1.22902 0.0272159
-0.634331 0.368707
0.926093 -0.190299
-0.133713 0.277828
1.25816 -0.0401139
-0.78138 0.377448
0.705839 -0.234414
0.217557 0.211752
1.15969 0.0652672
-0.414095 0.347906
1.15928 -0.124228
-0.602562 0.347785
0.948396 -0.180769
-0.170169 0.284519
1.25267 -0.0510506
-0.777139 0.3758
0.71146 -0.233142
0.210065 0.213438
1.1649 0.0630195
-0.429667 0.349469
1.14639 -0.1289
-0.574542 0.343918
0.98081 -0.172362
-0.230551 0.294243
1.23577 -0.0691652
-0.749017 0.370732
0.753603 -0.224705
0.150585 0.226081
1.20114 0.0451756
-0.541828 0.360341
1.03741 -0.162549
-0.34638 0.311222
1.17924 -0.103914
-0.633594 0.353773
0.912188 -0.190078
-0.105374 0.273656
1.26144 -0.0316122
-0.781973 0.378433
0.705803 -0.234592
0.217435 0.211741
1.15974 0.0652304
-0.414254 0.347921
1.15915 -0.124276
-0.602276 0.347746
0.948736 -0.180683
-0.170792 0.284621
1.25253 -0.0512377
-0.776962 0.37576
0.711722 -0.233089
0.209708 0.213517
1.16514 0.0629123
-0.430398 0.349543
1.14578 -0.12912
-0.573201 0.343733
0.982317 -0.17196
-0.233402 0.294695
1.23477 -0.0700207
-0.747146 0.370431
0.756382 -0.224144
0.146532 0.226914
1.2033 0.0439595
-0.548753 0.360989
1.02975 -0.164626
-0.331039 0.308924
1.18838 -0.0993117
-0.652778 0.356513
0.887782 -0.195833
-0.0628063 0.266335
1.262 -0.0188419
-0.770738 0.378599
0.725158 -0.231221
0.190339 0.217547
1.1777 0.0571018
-0.468562 0.353309
1.1118 -0.140569
-0.500286 0.333541
1.05823 -0.150086
-0.381912 0.317468
1.15702 -0.114574
-0.587151 0.347107
0.967886 -0.176145
-0.20663 0.290366
1.2434 -0.0619889
-0.762638 0.37302
0.733242 -0.228791
0.179801 0.219973
1.18441 0.0539403
-0.489173 0.355323
1.0921 -0.146752
-0.458713 0.327631
1.09617 -0.137614
-0.459366 0.328852
1.09673 -0.13781
-0.460914 0.32902
1.09533 -0.138274
-0.458006 0.3286
1.09785 -0.137402
-0.463214 0.329356
1.09333 -0.138964
-0.453878 0.328
1.10139 -0.136163
-0.470539 0.330418
1.08687 -0.141162
-0.440577 0.326061
1.11254 -0.132173
-0.493698 0.333763
1.06565 -0.148109
-0.397284 0.319695
1.14608 -0.119185
-0.564029 0.343823
0.993882 -0.169209
-0.25579 0.298165
1.22619 -0.0767371
-0.730642 0.367858
0.780637 -0.219192
0.110474 0.234191
1.22077 0.0331421
-0.606155 0.36623
0.962063 -0.181847
-0.199969 0.288619
1.24463 -0.0599907
-0.764012 0.37339
0.731304 -0.229204
0.182511 0.219391
1.18275 0.0547533
-0.484033 0.354825
1.09711 -0.14521
-0.46922 0.329132
1.08695 -0.140766
-0.440369 0.326085
1.11277 -0.132111
-0.494187 0.33383
1.06519 -0.148256
-0.396342 0.319556
1.14676 -0.118903
-0.565468 0.344028
0.992298 -0.169641
-0.252762 0.297689
1.22741 -0.0758286
-0.733023 0.368224
0.777169 -0.219907
0.115703 0.233151
1.21842 0.0347109
-0.598304 0.365527
0.971763 -0.179491
-0.218248 0.291529
1.23913 -0.0654743
-0.754472 0.37174
0.745589 -0.226342
0.162165 0.223677
1.19475 0.0486496
-0.521519 0.358425
1.05924 -0.156456
-0.390654 0.317773
1.1499 -0.117196
-0.571697 0.34497
0.985449 -0.171509
-0.239729 0.295635
1.23242 -0.0719188
-0.742657 0.369725
0.763032 -0.222797
0.136763 0.22891
1.20834 0.041029
-0.565052 0.362501
1.01129 -0.169516
-0.294491 0.303387
1.20799 -0.0883472
-0.69351 0.362397
0.833346 -0.208053
0.0280354 0.250004
1.24914 0.00841062
-0.707973 0.374742
0.823393 -0.212392
0.0418337 0.247018
1.24509 0.0125501
-0.692732 0.373528
0.845662 -0.20782
0.00552106 0.253699
1.25367 0.00165632
-0.727188 0.3761
0.794417 -0.218156
0.0876352 0.238325
1.22988 0.0262906
-0.637567 0.368963
0.921822 -0.19127
-0.126001 0.276547
1.25908 -0.0378004
-0.781618 0.377725
0.705705 -0.234485
0.217693 0.211712
1.15958 0.0653079
-0.413786 0.347875
1.15953 -0.124136
-0.603106 0.34786
0.947749 -0.180932
-0.168983 0.284325
1.25291 -0.050695
-0.777467 0.375874
0.710973 -0.23324
0.210729 0.213292
1.16444 0.0632187
-0.428306 0.349333
1.14754 -0.128492
-0.577033 0.344263
0.978 -0.17311
-0.225242 0.2934
1.23759 -0.0675725
-0.752372 0.371278
0.748608 -0.225712
0.157833 0.224582
1.19718 0.04735
-0.529213 0.359154
1.05108 -0.158764
-0.374011 0.315324
1.16145 -0.112203
-0.596069 0.348435
0.957607 -0.178821
-0.187532 0.287282
1.2486 -0.0562597
-0.771153 0.374579
0.720434 -0.231346
0.197726 0.21613
1.17313 0.0593178
-0.454527 0.351938
1.12468 -0.136358
-0.527762 0.337405
1.03102 -0.158328
-0.32763 0.309306
1.19123 -0.0982889
-0.659222 0.357369
0.879338 -0.197767
-0.0483254 0.263801
1.26123 -0.0144976
-0.764276 0.37837
0.73584 -0.229283
0.17511 0.220752
1.18702 0.0525331
-0.497391 0.356107
1.08397 -0.149217
-0.441705 0.325191
1.11058 -0.132512
-0.489231 0.333173
1.06989 -0.146769
-0.405904 0.320968
1.13973 -0.121771
-0.550663 0.34192
1.00837 -0.165199
-0.283684 0.30251
1.21399 -0.0851053
-0.706243 0.364196
0.815539 -0.211873
0.0565128 0.244662
1.24115 0.0169538
-0.677541 0.372345
0.867376 -0.203262
-0.030838 0.260213
1.25917 -0.0092514
-0.753303 0.37775
0.753538 -0.225991
0.149407 0.226062
1.20151 0.0448221
-0.543159 0.360452
1.03593 -0.162948
-0.343411 0.310779
1.18105 -0.103023
-0.637402 0.354316
0.907407 -0.191221
-0.096946 0.272222
1.26188 -0.0290838
-0.780669 0.378565
0.708176 -0.234201
0.214134 0.212453
1.16201 0.0642402
-0.421064 0.348604
1.15358 -0.126319
-0.59014 0.346074
0.962982 -0.177042
-0.19711 0.288895
1.24616 -0.059133
-0.767331 0.373847
0.72617 -0.230199
0.189745 0.217851
1.17825 0.0569235
-0.470171 0.353474
1.11031 -0.141051
-0.497113 0.333092
1.06126 -0.149134
-0.388032 0.318378
1.15275 -0.11641
-0.57813 0.345826
0.978167 -0.173439
-0.225931 0.29345
1.2373 -0.0677794
-0.751784 0.37119
0.749493 -0.225535
0.15655 0.224848
1.19789 0.0469651
-0.531467 0.359367
1.04866 -0.15944
-0.369105 0.314599
1.16474 -0.110731
-0.603005 0.349421
0.949445 -0.180901
-0.172491 0.284833
1.2521 -0.0517474
-0.77629 0.375631
0.712742 -0.232887
0.208312 0.213823
1.16609 0.0624935
-0.433248 0.349827
1.14335 -0.129974
-0.567956 0.343006
0.988174 -0.170387
-0.244524 0.296452
1.23068 -0.0733572
-0.739391 0.369204
0.767836 -0.221817
0.129654 0.230351
1.21186 0.0388961
-0.576568 0.363558
0.997884 -0.172971
-0.26832 0.299365
1.22017 -0.0804959
-0.718192 0.366051
0.798671 -0.215458
0.0828798 0.239601
1.23205 0.0248639
-0.644865 0.369614
0.912177 -0.19346
-0.108733 0.273653
1.26065 -0.03262
-0.780776 0.378194
0.707621 -0.234233
0.214966 0.212286
1.16145 0.0644899
-0.419385 0.348436
1.15496 -0.125816
-0.593152 0.346489
0.959478 -0.177945
-0.190602 0.287843
1.24788 -0.0571807
-0.770109 0.374364
0.72199 -0.231033
0.195571 0.216597
1.17452 0.0586713
-0.458787 0.352357
1.12082 -0.137636
-0.519506 0.336247
1.03937 -0.155852
-0.344175 0.311812
1.18151 -0.103253
-0.638814 0.354453
0.905562 -0.191644
-0.0936901 0.271668
1.26201 -0.028107
-0.780051 0.378604
0.709276 -0.234015
0.212605 0.212783
1.16306 0.0637815
-0.424202 0.348919
1.15098 -0.127261
-0.584481 0.345293
0.969512 -0.175344
-0.209294 0.290854
1.24267 -0.0627883
-0.761438 0.372801
0.735034 -0.228431
0.177266 0.22051
1.18594 0.0531797
-0.493932 0.355783
1.08742 -0.14818
-0.448904 0.326225
1.10456 -0.134671
-0.476726 0.331368
1.08137 -0.143018
-0.429323 0.324412
1.12166 -0.128797
-0.512736 0.336499
1.04731 -0.153821
-0.360367 0.314193
1.17134 -0.10811
-0.617358 0.351403
0.932159 -0.185207
-0.14102 0.279648
1.25777 -0.0423059
-0.782497 0.377332
0.703801 -0.234749
0.220382 0.21114
1.15772 0.0661146
-0.40822 0.347315
1.16401 -0.122466
-0.612868 0.349202
0.936034 -0.18386
-0.147636 0.28081
1.25683 -0.0442908
-0.781886 0.37705
0.704569 -0.234566
0.219374 0.211371
1.15843 0.0658122
-0.410352 0.34753
1.1623 -0.123106
-0.609146 0.348691
0.940526 -0.182744
-0.155791 0.282158
1.25546 -0.0467373
-0.780535 0.376638
0.70648 -0.23416
0.216814 0.211944
1.16024 0.0650441
-0.415716 0.348071
1.15797 -0.124715
-0.599696 0.347391
0.951792 -0.179909
-0.176408 0.285538
1.25131 -0.0529224
-0.775266 0.375392
0.714251 -0.23258
0.20625 0.214275
1.16748 0.061875
-0.437442 0.350245
1.13975 -0.131232
-0.560176 0.341926
0.99675 -0.168053
-0.260914 0.299025
1.22414 -0.0782741
-0.726649 0.367242
0.786422 -0.217995
0.101699 0.235927
1.22455 0.0305098
-0.618964 0.367365
0.945937 -0.185689
-0.169965 0.283781
1.252 -0.0509895
-0.775255 0.375601
0.714478 -0.232577
0.205896 0.214344
1.16771 0.0617688
-0.438136 0.350313
1.13915 -0.131441
-0.558881 0.341746
0.998164 -0.167664
-0.263628 0.299449
1.223 -0.0790885
-0.724388 0.3669
0.789688 -0.217316
0.0967165 0.236906
1.22662 0.0290149
-0.626033 0.367985
0.936877 -0.18781
-0.153321 0.281063
1.2552 -0.0459963
-0.77909 0.376561
0.708883 -0.233727
0.213507 0.212665
1.16252 0.064052
-0.422549 0.348756
1.15235 -0.126765
-0.587476 0.345706
0.966065 -0.176243
-0.202853 0.28982
1.24456 -0.060856
-0.764666 0.373367
0.730182 -0.2294
0.184118 0.219055
1.18176 0.0552355
-0.48099 0.35453
1.10004 -0.144297
-0.475401 0.330013
1.08141 -0.14262
-0.429003 0.324422
1.12197 -0.128701
-0.513409 0.336592
1.04664 -0.154023
-0.359035 0.313993
1.1722 -0.10771
-0.61916 0.351659
0.929963 -0.185748
-0.137063 0.278989
1.25832 -0.041119
-0.782837 0.377497
0.703381 -0.234851
0.22093 0.211014
1.15732 0.0662791
-0.407057 0.347197
1.16493 -0.122117
-0.61489 0.34948
0.933581 -0.184467
-0.143198 0.280074
1.25752 -0.0429594
-0.782447 0.377255
0.703811 -0.234734
0.220382 0.211143
1.15772 0.0661145
-0.408228 0.347315
1.164 -0.122468
-0.612855 0.3492
0.93605 -0.183856
-0.147665 0.280815
1.25683 -0.0442996
-0.781882 0.377049
0.704575 -0.234565
0.219366 0.211373
1.15844 0.0658099
-0.410369 0.347532
1.16229 -0.123111
-0.609118 0.348687
0.94056 -0.182735
-0.155854 0.282168
1.25545 -0.0467562
-0.780522 0.376635
0.706498 -0.234157
0.21679 0.211949
1.16025 0.0650371
-0.415765 0.348075
1.15793 -0.124729
-0.599609 0.347379
0.951895 -0.179883
-0.176597 0.285568
1.25126 -0.0529791
-0.775205 0.375379
0.714342 -0.232562
0.206126 0.214303
1.16757 0.0618377
-0.437694 0.35027
1.13954 -0.131308
-0.559706 0.341861
0.997263 -0.167912
-0.261899 0.299179
1.22373 -0.0785697
-0.725833 0.367119
0.787602 -0.21775
0.0999018 0.236281
1.2253 0.0299706
-0.621531 0.367591
0.942659 -0.186459
-0.163927 0.282798
1.25324 -0.049178
-0.776846 0.375972
0.712133 -0.233054
0.209099 0.21364
1.16554 0.0627299
-0.431615 0.349663
1.14474 -0.129484
-0.570965 0.343423
0.984822 -0.171289
-0.238151 0.295447
1.23306 -0.0714454
-0.743923 0.369918
0.761154 -0.223177
0.139533 0.228346
1.20693 0.0418598
-0.560488 0.362079
1.01652 -0.168146
-0.304786 0.304955
1.20277 -0.0914357
-0.682761 0.360831
0.848053 -0.204828
0.00405909 0.254416
1.2544 0.00121773
-0.729647 0.376319
0.790696 -0.218894
0.0933856 0.237209
1.22762 0.0280157
-0.629729 0.368285
0.93207 -0.188919
-0.144549 0.279621
1.25664 -0.0433647
-0.780415 0.376991
0.707038 -0.234125
0.215982 0.212111
1.1608 0.0647946
-0.417404 0.34824
1.15659 -0.125221
-0.596694 0.346977
0.95533 -0.179008
-0.182929 0.286599
1.24979 -0.0548786
-0.773051 0.374937
0.717569 -0.231915
0.201689 0.215271
1.17052 0.0605068
-0.446633 0.351157
1.13173 -0.13399
-0.54288 0.339519
1.01533 -0.162864
-0.296844 0.304598
1.20767 -0.0890532
-0.693368 0.362301
0.833466 -0.20801
0.0278568 0.25004
1.24919 0.00835703
-0.708156 0.374756
0.823123 -0.212447
0.0422695 0.246937
1.24497 0.0126808
-0.692268 0.373491
0.846332 -0.207681
0.00441302 0.2539
1.25388 0.00132391
-0.728108 0.376164
0.793008 -0.218432
0.0898201 0.237902
1.22903 0.026946
-0.634615 0.368708
0.925699 -0.190384
-0.132995 0.27771
1.25825 -0.0398986
-0.78142 0.377476
0.705797 -0.234426
0.21761 0.211739
1.15965 0.0652829
-0.413983 0.347895
1.15937 -0.124195
-0.602759 0.347812
0.948162 -0.180828
-0.16974 0.284449
1.25276 -0.050922
-0.777259 0.375827
0.711282 -0.233178
0.210307 0.213385
1.16473 0.0630922
-0.42917 0.34942
1.14681 -0.128751
-0.575452 0.344044
0.979785 -0.172636
-0.228612 0.293936
1.23645 -0.0685836
-0.750262 0.370934
0.751752 -0.225079
0.153277 0.225526
1.19968 0.0459832
-0.537178 0.359905
1.04249 -0.161153
-0.356614 0.312747
1.17286 -0.106984
-0.620134 0.351857
0.928834 -0.18604
-0.135046 0.27865
1.25859 -0.0405138
-0.782965 0.377577
0.70324 -0.234889
0.22111 0.210972
1.15719 0.066333
-0.406673 0.347158
1.16524 -0.122002
-0.615556 0.349571
0.932771 -0.184667
-0.141734 0.279831
1.25773 -0.0425203
-0.782604 0.37732
0.703604 -0.234781
0.220654 0.211081
1.15752 0.0661962
-0.407653 0.347257
1.16446 -0.122296
-0.613856 0.349338
0.934837 -0.184157
-0.145468 0.280451
1.25717 -0.0436404
-0.782175 0.377152
0.704174 -0.234653
0.2199 0.211252
1.15806 0.06597
-0.409245 0.347418
1.16319 -0.122773
-0.611083 0.348957
0.938193 -0.183325
-0.151551 0.281458
1.25619 -0.0454652
-0.781289 0.376858
0.705404 -0.234387
0.218259 0.211621
1.15922 0.0654778
-0.412693 0.347766
1.16042 -0.123808
-0.605037 0.348126
0.945449 -0.181511
-0.164772 0.283635
1.25377 -0.0494316
-0.778564 0.376131
0.709352 -0.233569
0.212932 0.212806
1.16293 0.0638797
-0.423771 0.348879
1.15134 -0.127131
-0.585272 0.345402
0.968604 -0.175582
-0.207595 0.290581
1.24318 -0.0622784
-0.762314 0.372953
0.733718 -0.228694
0.17913 0.220115
1.18482 0.053739
-0.490437 0.355446
1.09086 -0.147131
-0.456115 0.327259
1.09841 -0.136834
-0.464 0.329524
1.0927 -0.1392
-0.452589 0.32781
1.10249 -0.135777
-0.472806 0.330747
1.08485 -0.141842
-0.436422 0.325454
1.11594 -0.130927
-0.500789 0.334783
1.05891 -0.150237
-0.383667 0.317674
1.15575 -0.1151
-0.584445 0.346726
0.970993 -0.175333
-0.212443 0.291298
1.24165 -0.063733
-0.759604 0.372496
0.737798 -0.227881
0.173339 0.221339
1.18829 0.0520016
-0.501231 0.356486
1.08013 -0.150369
-0.433721 0.324039
1.11711 -0.130116
-0.502854 0.335134
1.05699 -0.150856
-0.379797 0.317096
1.15843 -0.113939
-0.590083 0.347528
0.964509 -0.177025
-0.200331 0.289353
1.24521 -0.0600993
-0.765694 0.373562
0.728646 -0.229708
0.186275 0.218594
1.18043 0.0558824
-0.476863 0.354128
1.10399 -0.143059
-0.483732 0.331197
1.0738 -0.145119
-0.413473 0.32214
1.13408 -0.124042
-0.538804 0.340225
1.02088 -0.161641
-0.308067 0.306265
1.20187 -0.0924201
-0.681359 0.360561
0.849885 -0.204408
0.00105716 0.254966
1.25496 0.000317149
-0.732112 0.376489
0.786903 -0.219634
0.0992287 0.236071
1.22524 0.0297686
-0.621566 0.367572
0.942594 -0.18647
-0.1638 0.282778
1.25326 -0.0491402
-0.776879 0.375979
0.712084 -0.233064
0.209166 0.213625
1.1655 0.0627499
-0.431479 0.34965
1.14486 -0.129444
-0.571215 0.343458
0.984542 -0.171365
-0.23762 0.295363
1.23325 -0.071286
-0.74429 0.369976
0.760611 -0.223287
0.140331 0.228183
1.20652 0.0420992
-0.559164 0.361956
1.01803 -0.167749
-0.307763 0.305408
1.20122 -0.092329
-0.679546 0.360365
0.852405 -0.203864
-0.0031172 0.255721
1.25571 -0.000935161
-0.735426 0.376713
0.781777 -0.220628
0.10708 0.234533
1.22192 0.0321239
-0.610275 0.366576
0.956897 -0.183082
-0.1903 0.287069
1.24723 -0.0570901
-0.768241 0.37417
0.724956 -0.230472
0.19141 0.217487
1.17719 0.057423
-0.466919 0.353156
1.11334 -0.140076
-0.503556 0.334002
1.05508 -0.151067
-0.375571 0.316523
1.16136 -0.112671
-0.596313 0.348409
0.95726 -0.178894
-0.186876 0.287178
1.24876 -0.0560629
-0.771413 0.374629
0.720042 -0.231424
0.198269 0.216013
1.17277 0.0594806
-0.453451 0.351831
1.12565 -0.136035
-0.529837 0.337696
1.0289 -0.158951
-0.323441 0.308669
1.19359 -0.0970324
-0.664164 0.358078
0.872853 -0.199249
-0.037309 0.261856
1.26032 -0.0111927
-0.758453 0.378097
0.745322 -0.227536
0.16141 0.223596
1.19494 0.0484229
-0.522242 0.358481
1.05847 -0.156673
-0.389069 0.317541
1.15103 -0.116721
-0.574074 0.345309
0.982791 -0.172222
-0.234688 0.294837
1.23425 -0.0704065
-0.746119 0.370275
0.757912 -0.223836
0.14429 0.227374
1.20447 0.0432871
-0.552541 0.361342
1.02551 -0.165762
-0.322599 0.307653
1.19318 -0.0967798
-0.662814 0.357953
0.874697 -0.198844
-0.0404493 0.262409
1.26061 -0.0121348
-0.760184 0.378183
0.742514 -0.228055
0.165484 0.222754
1.19263 0.0496453
-0.51496 0.357789
1.06609 -0.154488
-0.404685 0.319826
1.13968 -0.121405
-0.550162 0.341904
1.00896 -0.165049
-0.284844 0.302687
1.21344 -0.0854532
-0.705127 0.364031
0.817107 -0.211538
0.0540321 0.245132
1.24192 0.0162096
-0.680394 0.372576
0.863347 -0.204118
-0.0240226 0.259004
1.25837 -0.00720677
-0.749049 0.377511
0.760329 -0.224715
0.139376 0.228099
1.20673 0.0418127
-0.560006 0.362019
1.01705 -0.168002
-0.305836 0.305116
1.20223 -0.0917509
-0.681634 0.360668
0.849581 -0.20449
0.00154305 0.254874
1.25487 0.000462914
-0.731711 0.376462
0.787521 -0.219513
0.0982783 0.236256
1.22563 0.0294835
-0.622907 0.36769
0.940875 -0.186872
-0.160642 0.282262
1.25388 -0.0481926
-0.777618 0.376163
0.711004 -0.233285
0.210635 0.213301
1.1645 0.0631906
-0.428468 0.349349
1.14741 -0.128541
-0.576734 0.344222
0.978337 -0.17302
-0.225879 0.293501
1.23738 -0.0677636
-0.751978 0.371213
0.749195 -0.225593
0.156984 0.224758
1.19765 0.0470953
-0.530707 0.359295
1.04948 -0.159212
-0.370761 0.314844
1.16363 -0.111228
-0.600676 0.34909
0.952197 -0.180203
-0.177551 0.285659
1.25098 -0.0532652
-0.774718 0.375295
0.715088 -0.232415
0.205099 0.214526
1.16825 0.0615297
-0.43977 0.350476
1.13774 -0.131931
-0.555826 0.341322
1.00148 -0.166748
-0.270016 0.300445
1.22025 -0.0810049
-0.718904 0.366074
0.797568 -0.215671
0.0846024 0.23927
1.2314 0.0253807
-0.642592 0.369419
0.915202 -0.192778
-0.114132 0.274561
1.26023 -0.0342395
-0.781243 0.37807
0.706696 -0.234373
0.216267 0.212009
1.16056 0.06488
-0.41671 0.348168
1.15716 -0.125013
-0.597924 0.347147
0.953882 -0.179377
-0.180258 0.286165
1.25042 -0.0540773
-0.773989 0.375127
0.716161 -0.232197
0.203628 0.214848
1.16924 0.0610883
-0.44274 0.350771
1.13515 -0.132822
-0.550245 0.340545
1.0075 -0.165074
-0.281632 0.30225
1.215 -0.0844896
-0.708341 0.3645
0.812579 -0.212502
0.0611844 0.243774
1.23966 0.0183553
-0.672066 0.371897
0.875057 -0.20162
-0.0439166 0.262517
1.2604 -0.013175
-0.760632 0.378119
0.741702 -0.228189
0.166676 0.222511
1.19195 0.0500028
-0.512821 0.357585
1.0683 -0.153846
-0.409242 0.320491
1.13626 -0.122773
-0.542978 0.340879
1.01657 -0.162893
-0.299654 0.304972
1.2062 -0.0898962
-0.690306 0.36186
0.837685 -0.207092
0.0210202 0.251306
1.25082 0.00630607
-0.714698 0.375246
0.813373 -0.214409
0.0578573 0.244012
1.24033 0.0173572
-0.674902 0.372099
0.871056 -0.202471
-0.0370836 0.261317
1.2598 -0.0111251
-0.756943 0.377941
0.747683 -0.227083
0.157984 0.224305
1.19685 0.0473953
-0.528299 0.359055
1.05204 -0.15849
-0.375968 0.315613
1.16013 -0.11279
-0.593274 0.348038
0.960867 -0.177982
-0.193575 0.28826
1.24704 -0.0580724
-0.768697 0.374113
0.724127 -0.230609
0.192594 0.217238
1.17644 0.0577783
-0.464625 0.352931
1.11547 -0.139387
-0.508081 0.33464
1.05068 -0.152424
-0.366743 0.315204
1.16725 -0.110023
-0.60875 0.350176
0.942541 -0.182625
-0.159847 0.282762
1.25466 -0.0479542
-0.779532 0.376397
0.707959 -0.23386
0.214814 0.212388
1.16163 0.0644441
-0.419875 0.348489
1.15456 -0.125962
-0.592283 0.346369
0.96049 -0.177685
-0.19248 0.288147
1.24739 -0.057744
-0.769334 0.374218
0.723156 -0.2308
0.19395 0.216947
1.17557 0.058185
-0.461972 0.352671
1.11791 -0.138592
-0.513287 0.335373
1.04556 -0.153986
-0.356508 0.313669
1.17386 -0.106952
-0.622697 0.352158
0.925632 -0.186809
-0.129283 0.27769
1.2593 -0.0387848
-0.783216 0.377791
0.703021 -0.234965
0.221373 0.210906
1.157 0.0664119
-0.406101 0.3471
1.16569 -0.12183
-0.616547 0.349707
0.931564 -0.184964
-0.139556 0.279469
1.25805 -0.041867
-0.782813 0.377414
0.703337 -0.234844
0.221004 0.211001
1.15727 0.0663013
-0.40691 0.347182
1.16505 -0.122073
-0.615145 0.349515
0.93327 -0.184544
-0.142637 0.279981
1.2576 -0.042791
-0.782508 0.37728
0.703729 -0.234753
0.220489 0.211119
1.15764 0.0661468
-0.408 0.347292
1.16418 -0.1224
-0.613251 0.349255
0.93557 -0.183975
-0.146795 0.280671
1.25697 -0.0440386
-0.782002 0.37709
0.704411 -0.234601
0.219586 0.211323
1.15828 0.0658757
-0.409907 0.347485
1.16266 -0.122972
-0.609925 0.348798
0.939588 -0.182977
-0.154086 0.281876
1.25576 -0.0462259
-0.780852 0.376728
0.706026 -0.234256
0.217425 0.211808
1.15981 0.0652275
-0.414439 0.347942
1.15901 -0.124332
-0.601956 0.347702
0.949115 -0.180587
-0.171489 0.284735
1.25239 -0.0514467
-0.776763 0.375716
0.712019 -0.233029
0.209303 0.213606
1.16542 0.0627908
-0.431227 0.349625
1.14507 -0.129368
-0.57168 0.343522
0.984023 -0.171504
-0.236634 0.295207
1.23361 -0.0709903
-0.744967 0.370083
0.75961 -0.22349
0.141802 0.227883
1.20576 0.0425405
-0.556714 0.361729
1.02081 -0.167014
-0.313262 0.306242
1.1983 -0.0939786
-0.673481 0.359489
0.860554 -0.202044
-0.0166532 0.258166
1.25786 -0.00499597
-0.745432 0.377358
0.766122 -0.22363
0.130733 0.229837
1.21104 0.03922
-0.57405 0.363311
1.00082 -0.172215
-0.274029 0.300247
1.21765 -0.0822087
-0.713137 0.365294
0.805873 -0.213941
0.0716852 0.241762
1.23611 0.0215055
-0.659257 0.370833
0.892751 -0.197777
-0.0744822 0.267825
1.26172 -0.0223447
-0.773484 0.378517
0.720411 -0.232045
0.197063 0.216123
1.17341 0.0591189
-0.455452 0.352022
1.12384 -0.136635
-0.525958 0.337153
1.03286 -0.157788
-0.331261 0.309857
1.18915 -0.0993783
-0.654864 0.356745
0.885014 -0.196459
-0.0580336 0.265504
1.2618 -0.0174101
-0.768762 0.37854
0.728446 -0.230629
0.185675 0.218534
1.18061 0.0557024
-0.477525 0.354183
1.10335 -0.143257
-0.482378 0.331005
1.07505 -0.144713
-0.416014 0.322514
1.13214 -0.124804
-0.534719 0.339642
1.02513 -0.160416
-0.316386 0.307538
1.19743 -0.0949157
-0.672132 0.359228
0.862291 -0.20164
-0.0195394 0.258687
1.25827 -0.00586181
-0.747422 0.37748
0.762977 -0.224227
0.135427 0.228893
1.20872 0.0406281
-0.566472 0.362616
1.00964 -0.169942
-0.291242 0.302891
1.20959 -0.0873726
-0.696782 0.362876
0.82882 -0.209035
0.0353283 0.248646
1.24727 0.0105985
-0.700661 0.374182
0.834163 -0.210198
0.0243903 0.250249
1.24959 0.00731708
-0.710319 0.374878
0.819871 -0.213096
0.0474977 0.245961
1.24348 0.0142493
-0.686616 0.373044
0.854458 -0.205985
-0.00909244 0.256337
1.25625 -0.00272773
-0.738698 0.376874
0.776631 -0.221609
0.114918 0.232989
1.21846 0.0344755
-0.598641 0.365539
0.971331 -0.179592
-0.217425 0.291399
1.2394 -0.0652274
-0.754947 0.37182
0.74488 -0.226484
0.163184 0.223464
1.19417 0.0489553
-0.519696 0.358252
1.06116 -0.155909
-0.394573 0.318348
1.14709 -0.118372
-0.565771 0.344127
0.992021 -0.169731
-0.252247 0.297606
1.22761 -0.0756742
-0.733416 0.368284
0.776596 -0.220025
0.116564 0.232979
1.21803 0.0349692
-0.596995 0.36541
0.973366 -0.179099
-0.221284 0.29201
1.23815 -0.0663853
-0.752692 0.371444
0.748244 -0.225808
0.158337 0.224473
1.1969 0.047501
-0.528314 0.359069
1.05204 -0.158494
-0.375965 0.315612
1.16013 -0.112789
-0.593276 0.348038
0.960864 -0.177983
-0.193569 0.288259
1.24704 -0.0580707
-0.7687 0.374113
0.724124 -0.23061
0.192599 0.217237
1.17643 0.0577797
-0.464616 0.35293
1.11548 -0.139385
-0.508099 0.334643
1.05066 -0.15243
-0.366709 0.315199
1.16728 -0.110013
-0.608798 0.350183
0.942484 -0.182639
-0.159744 0.282745
1.25468 -0.0479231
-0.779554 0.376403
0.707927 -0.233866
0.214857 0.212378
1.1616 0.0644571
-0.419784 0.348479
1.15464 -0.125935
-0.592446 0.346392
0.960301 -0.177734
-0.192129 0.28809
1.24749 -0.0576387
-0.769481 0.374246
0.722935 -0.230844
0.194257 0.216881
1.17537 0.058277
-0.46137 0.352611
1.11846 -0.138411
-0.514465 0.335539
1.0444 -0.15434
-0.354181 0.313319
1.17533 -0.106254
-0.625797 0.352599
0.921815 -0.187739
-0.122457 0.276545
1.26005 -0.0367371
-0.783234 0.378015
0.703214 -0.23497
0.221069 0.210964
1.15721 0.0663208
-0.406716 0.347162
1.1652 -0.122015
-0.615479 0.34956
0.932864 -0.184644
-0.141903 0.279859
1.25771 -0.0425709
-0.782586 0.377313
0.703627 -0.234776
0.220624 0.211088
1.15755 0.0661872
-0.407716 0.347264
