0.991369 -0.169522
-0.250615 0.297411
1.22832 -0.0751844
-0.734837 0.368497
0.774512 -0.220451
0.119692 0.232354
1.21659 0.0359077
-0.592206 0.364978
0.9792 -0.177662
-0.232378 0.29376
1.23436 -0.0697134
-0.745724 0.370308
0.758594 -0.223717
0.143272 0.227578
1.205 0.0429817
-0.554242 0.3615
1.0236 -0.166272
-0.318799 0.307079
1.19528 -0.0956397
-0.667211 0.358585
0.868897 -0.200163
-0.0306432 0.260669
1.25964 -0.00919297
-0.754544 0.377891
0.75162 -0.226363
0.152211 0.225486
1.2 0.0456634
-0.538339 0.36
1.04121 -0.161502
-0.354033 0.312363
1.17449 -0.10621
-0.623579 0.352347
0.924611 -0.187074
-0.127471 0.277383
1.25951 -0.0382412
-0.783243 0.377853
0.703037 -0.234973
0.22134 0.210911
1.15702 0.066402
-0.406164 0.347106
1.16564 -0.121849
-0.616437 0.349692
0.931698 -0.184931
-0.139798 0.279509
1.25801 -0.0419393
-0.782792 0.377403
0.703364 -0.234838
0.220969 0.211009
1.1573 0.0662907
-0.406985 0.34719
1.16499 -0.122096
-0.615015 0.349497
0.933429 -0.184505
-0.142922 0.280029
1.25756 -0.0428767
-0.782477 0.377268
0.70377 -0.234743
0.220435 0.211131
1.15768 0.0661305
-0.408116 0.347304
1.16409 -0.122435
-0.61305 0.349227
0.935813 -0.183915
-0.147236 0.280744
1.2569 -0.0441709
-0.781942 0.377069
0.704493 -0.234582
0.219476 0.211348
1.15836 0.0658427
-0.410139 0.347508
1.16247 -0.123042
-0.60952 0.348742
0.940075 -0.182856
-0.154972 0.282023
1.2556 -0.0464916
-0.780689 0.376681
0.706259 -0.234207
0.217112 0.211878
1.16003 0.0651336
-0.415093 0.348008
1.15848 -0.124528
-0.600799 0.347543
0.950487 -0.18024
-0.174008 0.285146
1.25184 -0.0522024
-0.776015 0.375552
0.713133 -0.232804
0.207781 0.21394
1.16645 0.0623342
-0.434332 0.349935
1.14243 -0.1303
-0.565952 0.342728
0.990396 -0.169786
-0.248759 0.297119
1.22905 -0.0746277
-0.736247 0.368715
0.772449 -0.220874
0.122781 0.231735
1.21515 0.0368342
-0.58742 0.364546
0.984978 -0.176226
-0.243425 0.295493
1.23031 -0.0730274
-0.738062 0.369094
0.769884 -0.221419
0.126587 0.230965
1.21334 0.0379762
-0.581433 0.364002
0.99213 -0.17443
-0.257185 0.297639
1.22488 -0.0771555
-0.727521 0.367464
0.785248 -0.218256
0.103467 0.235574
1.2238 0.0310402
-0.616411 0.36714
0.949181 -0.184923
-0.175962 0.284754
1.2507 -0.0527887
-0.773451 0.375209
0.717159 -0.232035
0.202216 0.215148
1.17017 0.0606648
-0.445556 0.35105
1.13268 -0.133667
-0.544923 0.339803
1.01317 -0.163477
-0.292639 0.303951
1.20975 -0.0877916
-0.697635 0.362925
0.827561 -0.20929
0.037366 0.248268
1.24673 0.0112098
-0.698566 0.37402
0.837225 -0.20957
0.0193895 0.251168
1.25075 0.00581686
-0.715007 0.375226
0.812867 -0.214502
0.0586693 0.24386
1.24007 0.0176008
-0.673961 0.372022
0.872377 -0.202188
-0.0393334 0.261713
1.26001 -0.0118
-0.758191 0.378003
0.745664 -0.227457
0.160926 0.223699
1.19521 0.0482777
-0.523109 0.358564
1.05756 -0.156933
-0.387202 0.317267
1.15235 -0.116161
-0.57686 0.345705
0.97966 -0.173058
-0.228765 0.293898
1.23633 -0.0686296
-0.749996 0.370899
0.752157 -0.224999
0.152688 0.225647
1.2 0.0458063
-0.538199 0.360001
1.04138 -0.16146
-0.354371 0.312413
1.17428 -0.106311
-0.623129 0.352283
0.925165 -0.186939
-0.128461 0.277549
1.2594 -0.0385383
-0.783227 0.377819
0.70303 -0.234968
0.221355 0.210909
1.15701 0.0664066
-0.406135 0.347103
1.16566 -0.121841
-0.616487 0.349699
0.931637 -0.184946
-0.139688 0.279491
1.25803 -0.0419064
-0.782802 0.377408
0.703352 -0.23484
0.220985 0.211006
1.15729 0.0662956
-0.406951 0.347186
1.16502 -0.122085
-0.615075 0.349505
0.933356 -0.184523
-0.142791 0.280007
1.25758 -0.0428372
-0.782492 0.377274
0.703751 -0.234747
0.22046 0.211125
1.15766 0.0661381
-0.408062 0.347299
1.16413 -0.122419
-0.613143 0.34924
0.935701 -0.183943
-0.147032 0.28071
1.25693 -0.0441097
-0.78197 0.377079
0.704455 -0.234591
0.219527 0.211336
1.15833 0.065858
-0.410031 0.347498
1.16256 -0.123009
-0.609709 0.348768
0.939849 -0.182913
-0.15456 0.281955
1.25568 -0.046368
-0.780765 0.376703
0.706149 -0.23423
0.217259 0.211845
1.15992 0.0651776
-0.414787 0.347977
1.15872 -0.124436
-0.601342 0.347617
0.949844 -0.180402
-0.172827 0.284953
1.2521 -0.0518481
-0.77637 0.375629
0.712603 -0.232911
0.208505 0.213781
1.16596 0.0625515
-0.432856 0.349788
1.14369 -0.129857
-0.568679 0.343106
0.98737 -0.170604
-0.242994 0.296211
1.23126 -0.0728982
-0.740501 0.369378
0.766203 -0.22215
0.132076 0.229861
1.21067 0.0396229
-0.572677 0.363202
1.00245 -0.171803
-0.277192 0.300734
1.21621 -0.0831577
-0.710254 0.364864
0.809957 -0.213076
0.0652896 0.242987
1.2383 0.0195869
-0.667134 0.371489
0.881915 -0.20014
-0.0556917 0.264575
1.26116 -0.0167075
-0.766292 0.378349
0.732425 -0.229888
0.180022 0.219727
1.18408 0.0540066
-0.48824 0.355224
1.09301 -0.146472
-0.460604 0.327902
1.09453 -0.138181
-0.455979 0.328359
1.09965 -0.136794
-0.466949 0.329895
1.09005 -0.140085
-0.447114 0.327015
1.10711 -0.134134
-0.482404 0.332134
1.07615 -0.144721
-0.418628 0.322845
1.13007 -0.125588
-0.530353 0.339021
1.02962 -0.159106
-0.325233 0.308886
1.19253 -0.0975699
-0.661914 0.357759
0.875816 -0.198574
-0.0423327 0.262745
1.26077 -0.0126998
-0.761204 0.378232
0.740857 -0.228361
0.167883 0.222257
1.19125 0.050365
-0.510629 0.357376
1.07056 -0.153189
-0.413897 0.321168
1.13273 -0.124169
-0.535544 0.339818
1.02433 -0.160663
-0.314839 0.307299
1.19826 -0.0944517
-0.673869 0.359479
0.859969 -0.202161
-0.0156627 0.257991
1.25772 -0.0046988
-0.744747 0.377316
0.767203 -0.223424
0.129115 0.230161
1.21182 0.0387344
-0.576633 0.363547
0.997791 -0.17299
-0.268135 0.299337
1.22025 -0.0804405
-0.718355 0.366075
0.798438 -0.215506
0.0832394 0.239531
1.23191 0.0249718
-0.64439 0.369573
0.91281 -0.193317
-0.109862 0.273843
1.26057 -0.0329587
-0.780889 0.37817
0.707403 -0.234267
0.215272 0.212221
1.16124 0.0645816
-0.418756 0.348373
1.15548 -0.125627
-0.594276 0.346644
0.958164 -0.178283
-0.188168 0.287449
1.2485 -0.0564504
-0.771081 0.37455
0.720528 -0.231324
0.197599 0.216158
1.17321 0.0592798
-0.45478 0.351962
1.12446 -0.136434
-0.527274 0.337337
1.03152 -0.158182
-0.328612 0.309455
1.19067 -0.0985837
-0.65805 0.357201
0.880869 -0.197415
-0.050938 0.264261
1.26141 -0.0152814
-0.765543 0.378422
0.733761 -0.229663
0.178091 0.220128
1.18524 0.0534274
-0.491846 0.355572
1.08947 -0.147554
-0.453189 0.32684
1.10092 -0.135957
-0.46919 0.330277
1.08812 -0.140757
-0.443172 0.326437
1.1104 -0.132952
-0.489228 0.333119
1.06984 -0.146769
-0.405782 0.320952
1.13983 -0.121734
-0.550862 0.341948
1.00815 -0.165258
-0.283272 0.302446
1.21418 -0.0849817
-0.706635 0.364254
0.814987 -0.211991
0.0573849 0.244496
1.24087 0.0172155
-0.676529 0.372262
0.868801 -0.202959
-0.033256 0.26064
1.25942 -0.0099768
-0.75474 0.377827
0.751231 -0.226422
0.152795 0.225369
1.19969 0.0458384
-0.53734 0.359907
1.0423 -0.161202
-0.356228 0.31269
1.1731 -0.106868
-0.620652 0.35193
0.928201 -0.186196
-0.133908 0.27846
1.25874 -0.0401724
-0.78303 0.377621
0.703172 -0.234909
0.221196 0.210952
1.15713 0.0663587
-0.406489 0.347139
1.16538 -0.121947
-0.615875 0.349615
0.932383 -0.184762
-0.141034 0.279715
1.25784 -0.0423102
-0.782675 0.377351
0.703513 -0.234802
0.220774 0.211054
1.15744 0.0662321
-0.407399 0.347232
1.16466 -0.12222
-0.614297 0.349398
0.934301 -0.184289
-0.1445 0.28029
1.25732 -0.04335
-0.782295 0.377197
0.704013 -0.234688
0.220114 0.211204
1.15791 0.0660342
-0.408794 0.347373
1.16355 -0.122638
-0.611869 0.349065
0.937242 -0.183561
-0.149826 0.281173
1.25648 -0.0449478
-0.781564 0.376944
0.705017 -0.234469
0.218776 0.211505
1.15886 0.0656329
-0.411608 0.347657
1.16129 -0.123483
-0.606944 0.348388
0.943168 -0.182083
-0.160607 0.282951
1.25458 -0.048182
-0.779541 0.376373
0.707921 -0.233862
0.21487 0.212376
1.16159 0.0644611
-0.41976 0.348477
1.15466 -0.125928
-0.592489 0.346398
0.96025 -0.177747
-0.192034 0.288075
1.24751 -0.0576103
-0.76952 0.374253
0.722876 -0.230856
0.194339 0.216863
1.17532 0.0583017
-0.461209 0.352596
1.11861 -0.138363
-0.51478 0.335583
1.04408 -0.154434
-0.353558 0.313225
1.17572 -0.106067
-0.626621 0.352717
0.920797 -0.187986
-0.12064 0.276239
1.26023 -0.0361919
-0.783189 0.378069
0.703346 -0.234957
0.220878 0.211004
1.15734 0.0662635
-0.407111 0.347201
1.16489 -0.122133
-0.614795 0.349467
0.933697 -0.184438
-0.143407 0.280109
1.25749 -0.043022
-0.782423 0.377246
0.703842 -0.234727
0.22034 0.211153
1.15775 0.066102
-0.408316 0.347324
1.16393 -0.122495
-0.612701 0.349179
0.936236 -0.18381
-0.148002 0.280871
1.25678 -0.0444006
-0.781834 0.377033
0.704641 -0.23455
0.219279 0.211392
1.1585 0.0657836
-0.410553 0.34755
1.16214 -0.123166
-0.608795 0.348642
0.940948 -0.182638
-0.156561 0.282285
1.25532 -0.0469682
-0.780385 0.376597
0.706695 -0.234116
0.216524 0.212009
1.16044 0.0649573
-0.41632 0.348131
1.15748 -0.124896
-0.598624 0.347243
0.953057 -0.179587
-0.178736 0.285917
1.25078 -0.0536209
-0.774505 0.375233
0.715389 -0.232351
0.204689 0.214617
1.16853 0.0614066
-0.440601 0.350559
1.13702 -0.13218
-0.554268 0.341105
1.00317 -0.16628
-0.273268 0.300951
1.21881 -0.0819803
-0.716024 0.365643
0.801683 -0.214807
0.0782277 0.240505
1.23377 0.0234683
-0.650948 0.370132
0.904025 -0.195284
-0.0942725 0.271208
1.26143 -0.0282818
-0.778612 0.378429
0.711569 -0.233584
0.209454 0.213471
1.16521 0.0628361
-0.430657 0.349564
1.14555 -0.129197
-0.572716 0.343666
0.982862 -0.171815
-0.234434 0.294859
1.2344 -0.0703303
-0.746457 0.370321
0.757404 -0.223937
0.145037 0.227221
1.20408 0.043511
-0.551284 0.361225
1.02692 -0.165385
-0.325405 0.308076
1.1916 -0.0976216
-0.659519 0.35748
0.879018 -0.197856
-0.0477952 0.263705
1.26119 -0.0143386
-0.764006 0.378358
0.736282 -0.229202
0.174475 0.220885
1.1874 0.0523426
-0.498565 0.35622
1.0828 -0.14957
-0.439261 0.324839
1.11259 -0.131778
-0.49343 0.333778
1.06596 -0.148029
-0.397922 0.319787
1.14561 -0.119377
-0.563045 0.343683
0.994962 -0.168913
-0.257858 0.298489
1.22535 -0.0773575
-0.728985 0.367605
0.783044 -0.218695
0.106831 0.234913
1.22236 0.0320493
-0.611529 0.366708
0.955344 -0.183459
-0.187408 0.286603
1.24797 -0.0562225
-0.769392 0.374391
0.723231 -0.230818
0.193814 0.216969
1.17565 0.0581442
-0.462221 0.352695
1.11768 -0.138666
-0.512799 0.335304
1.04605 -0.15384
-0.357472 0.313814
1.17325 -0.107242
-0.621406 0.351975
0.927215 -0.186422
-0.132122 0.278164
1.25896 -0.0396366
-0.783122 0.377689
0.70308 -0.234937
0.221309 0.210924
1.15705 0.0663927
-0.406245 0.347115
1.16558 -0.121873
-0.616298 0.349673
0.931867 -0.184889
-0.140104 0.27956
1.25797 -0.0420311
-0.782764 0.37739
0.7034 -0.234829
0.220923 0.21102
1.15733 0.0662768
-0.407083 0.3472
1.16491 -0.122125
-0.614845 0.349473
0.933636 -0.184453
-0.143297 0.280091
1.2575 -0.0429891
-0.782435 0.377251
0.703826 -0.234731
0.220362 0.211148
1.15773 0.0661085
-0.40827 0.34732
1.16397 -0.122481
-0.612781 0.34919
0.936139 -0.183834
-0.147826 0.280842
1.2568 -0.0443479
-0.781859 0.377041
0.704607 -0.234558
0.219324 0.211382
1.15847 0.0657973
-0.410457 0.347541
1.16222 -0.123137
-0.608964 0.348665
0.940745 -0.182689
-0.156191 0.282224
1.25539 -0.0468572
-0.780457 0.376617
0.706591 -0.234137
0.216664 0.211977
1.16034 0.0649993
-0.416028 0.348102
1.15771 -0.124808
-0.599143 0.347314
0.952445 -0.179743
-0.17761 0.285734
1.25103 -0.053283
-0.774877 0.37531
0.714832 -0.232463
0.205453 0.21445
1.16802 0.0616359
-0.439056 0.350405
1.13836 -0.131717
-0.557162 0.341507
1.00004 -0.167149
-0.267226 0.300011
1.22146 -0.0801678
-0.721328 0.366438
0.794092 -0.216398
0.0899613 0.238228
1.22933 0.0269884
-0.635376 0.368798
0.924724 -0.190613
-0.131239 0.277417
1.25847 -0.0393718
-0.781496 0.377541
0.705731 -0.234449
0.217689 0.211719
1.15959 0.0653067
-0.413812 0.347878
1.15951 -0.124144
-0.603061 0.347854
0.947803 -0.180918
-0.169082 0.284341
1.25289 -0.0507245
-0.777441 0.375868
0.711013 -0.233232
0.210675 0.213304
1.16448 0.0632024
-0.428417 0.349344
1.14745 -0.128525
-0.576829 0.344235
0.97823 -0.173049
-0.225676 0.293469
1.23745 -0.0677027
-0.752104 0.371234
0.749008 -0.225631
0.157255 0.224702
1.1975 0.0471765
-0.530231 0.35925
1.04999 -0.159069
-0.371798 0.314997
1.16294 -0.111539
-0.599212 0.348882
0.953922 -0.179764
-0.180727 0.286176
1.25025 -0.054218
-0.77365 0.375074
0.716686 -0.232095
0.202902 0.215006
1.16972 0.0608707
-0.444197 0.350916
1.13387 -0.133259
-0.547495 0.340162
1.01044 -0.164248
-0.287328 0.303131
1.21232 -0.0861984
-0.702884 0.363695
0.820244 -0.210865
0.0490537 0.246073
1.24343 0.0147161
-0.686004 0.373028
0.855366 -0.205801
-0.0106176 0.25661
1.25649 -0.00318529
-0.739818 0.376946
0.774883 -0.221945
0.117567 0.232465
1.21726 0.0352702
-0.594625 0.365178
0.976241 -0.178388
-0.226739 0.292872
1.23632 -0.0680217
-0.74936 0.370896
0.753203 -0.224808
0.151147 0.225961
1.20083 0.045344
-0.54085 0.360249
1.03848 -0.162255
-0.348536 0.311543
1.17792 -0.104561
-0.630802 0.353376
0.915673 -0.189241
-0.111544 0.274702
1.26102 -0.0334631
-0.78264 0.378305
0.704527 -0.234792
0.219214 0.211358
1.1585 0.0657642
-0.410565 0.347549
1.16213 -0.123169
-0.608769 0.348639
0.940979 -0.182631
-0.156617 0.282294
1.25531 -0.046985
-0.780374 0.376594
0.706711 -0.234112
0.216503 0.212013
1.16045 0.0649509
-0.416364 0.348136
1.15744 -0.124909
-0.598545 0.347232
0.95315 -0.179564
-0.178909 0.285945
1.25074 -0.0536726
-0.774447 0.375221
0.715476 -0.232334
0.20457 0.214643
1.16861 0.061371
-0.440841 0.350583
1.13681 -0.132252
-0.553819 0.341042
1.00366 -0.166146
-0.274204 0.301097
1.21839 -0.0822611
-0.715184 0.365517
0.80288 -0.214555
0.0763664 0.240864
1.23445 0.0229099
-0.653341 0.370335
0.900795 -0.196002
-0.0885766 0.270238
1.26161 -0.026573
-0.777393 0.378482
0.713708 -0.233218
0.206465 0.214112
1.16722 0.0619395
-0.436708 0.350167
1.14038 -0.131012
-0.561528 0.342114
0.995269 -0.168459
-0.258074 0.298581
1.22532 -0.0774223
-0.728967 0.367595
0.783063 -0.21869
0.106803 0.234919
1.22237 0.0320409
-0.61157 0.366711
0.955292 -0.183471
-0.187311 0.286587
1.24799 -0.0561934
-0.76943 0.374398
0.723174 -0.230829
0.193893 0.216952
1.1756 0.0581679
-0.462066 0.352679
1.11782 -0.13862
-0.513102 0.335347
1.04575 -0.153931
-0.356873 0.313724
1.17363 -0.107062
-0.622208 0.352089
0.926231 -0.186663
-0.130357 0.277869
1.25918 -0.0391071
-0.783187 0.377753
0.703034 -0.234956
0.221362 0.21091
1.15701 0.0664087
-0.406127 0.347103
1.16567 -0.121838
-0.616501 0.349701
0.931619 -0.18495
-0.139656 0.279486
1.25803 -0.0418969
-0.782804 0.377409
0.703348 -0.234841
0.22099 0.211005
1.15728 0.066297
-0.406941 0.347185
1.16502 -0.122082
-0.615092 0.349507
0.933335 -0.184528
-0.142753 0.28
1.25758 -0.0428259
-0.782496 0.377275
0.703746 -0.234749
0.220467 0.211124
1.15766 0.0661402
-0.408047 0.347297
1.16414 -0.122414
-0.613169 0.349243
0.935669 -0.183951
-0.146975 0.280701
1.25694 -0.0440924
-0.781977 0.377082
0.704444 -0.234593
0.219541 0.211333
1.15832 0.0658624
-0.410001 0.347495
1.16258 -0.123
-0.609761 0.348775
0.939785 -0.182928
-0.154444 0.281936
1.2557 -0.0463333
-0.780786 0.376709
0.706119 -0.234236
0.217299 0.211836
1.15989 0.0651898
-0.414702 0.347968
1.15879 -0.12441
-0.601492 0.347638
0.949665 -0.180448
-0.172499 0.2849
1.25217 -0.0517496
-0.776467 0.37565
0.712459 -0.23294
0.208703 0.213738
1.16582 0.0626109
-0.432452 0.349747
1.14403 -0.129736
-0.569424 0.343209
0.986541 -0.170827
-0.241417 0.295962
1.23185 -0.072425
-0.74163 0.369556
0.764538 -0.222489
0.13454 0.229362
1.20945 0.040362
-0.568685 0.362835
1.00709 -0.170606
-0.286263 0.302128
1.21199 -0.0858789
-0.701681 0.363596
0.822004 -0.210504
0.0462361 0.246601
1.24425 0.0138708
-0.689102 0.373275
0.850927 -0.206731
-0.0032152 0.255278
1.25527 -0.000964559
-0.734229 0.37658
0.783579 -0.220269
0.104335 0.235074
1.2231 0.0313006
-0.614268 0.36693
0.951872 -0.184281
-0.180946 0.285561
1.24955 -0.0542838
-0.771785 0.374864
0.719646 -0.231536
0.198785 0.215894
1.17243 0.0596354
-0.452408 0.351728
1.12659 -0.135722
-0.531843 0.337976
1.02683 -0.159553
-0.31938 0.30805
1.19585 -0.0958139
-0.668867 0.358754
0.866632 -0.20066
-0.0268162 0.25999
1.2592 -0.00804487
-0.752184 0.37776
0.755401 -0.225655
0.146651 0.22662
1.20296 0.0439954
-0.547836 0.360889
1.03075 -0.164351
-0.333045 0.309226
1.18721 -0.0999135
-0.65034 0.356164
0.890928 -0.195102
-0.0682304 0.267278
1.26216 -0.0204691
-0.772815 0.378647
0.72168 -0.231844
0.195251 0.216504
1.17457 0.0585754
-0.458997 0.352371
1.12062 -0.137699
-0.519078 0.336187
1.0398 -0.155723
-0.345029 0.31194
1.18099 -0.103509
-0.637722 0.354297
0.906939 -0.191317
-0.0961082 0.272082
1.26192 -0.0288325
-0.780522 0.378576
0.70844 -0.234157
0.213767 0.212532
1.16227 0.06413
-0.421819 0.34868
1.15296 -0.126546
-0.588782 0.345887
0.964555 -0.176635
-0.200039 0.289367
1.24535 -0.0600116
-0.765997 0.373605
0.728179 -0.229799
0.186932 0.218454
1.18002 0.0560797
-0.4756 0.354005
1.10519 -0.14268
-0.486268 0.331557
1.07145 -0.14588
-0.408697 0.321436
1.1377 -0.122609
-0.546406 0.34131
1.01289 -0.163922
-0.292473 0.303868
1.20977 -0.0877418
-0.69765 0.362932
0.827545 -0.209295
0.0373917 0.248263
1.24673 0.0112175
-0.698539 0.374018
0.837265 -0.209562
0.0193246 0.251179
1.25077 0.00579739
-0.715067 0.375231
0.812778 -0.21452
0.0588117 0.243833
1.24003 0.0176435
-0.673794 0.372009
0.87261 -0.202138
-0.0397308 0.261783
1.26005 -0.0119192
-0.758408 0.378014
0.745313 -0.227522
0.161437 0.223594
1.19493 0.0484312
-0.522201 0.358478
1.05851 -0.15666
-0.389159 0.317554
1.15096 -0.116748
-0.57394 0.345289
0.982942 -0.172182
-0.234974 0.294882
1.23415 -0.0704921
-0.745927 0.370245
0.758196 -0.223778
0.143874 0.227459
1.20469 0.0431621
-0.553242 0.361407
1.02472 -0.165973
-0.321035 0.307417
1.19405 -0.0963104
-0.664634 0.358214
0.872302 -0.19939
-0.0363921 0.261691
1.26023 -0.0109176
-0.757926 0.37807
0.746174 -0.227378
0.16017 0.223852
1.19563 0.0480509
-0.524439 0.35869
1.05615 -0.157332
-0.384329 0.316845
1.15437 -0.115299
-0.581114 0.34631
0.974846 -0.174334
-0.219692 0.292454
1.23936 -0.0659077
-0.75553 0.371809
0.743901 -0.226659
0.164613 0.22317
1.19336 0.049384
-0.517143 0.358009
1.06383 -0.155143
-0.400047 0.319149
1.14311 -0.120014
-0.557378 0.342932
1.0012 -0.167213
-0.269844 0.300359
1.22026 -0.0809533
-0.718894 0.366078
0.797589 -0.215668
0.0845689 0.239277
1.23141 0.0253707
-0.642636 0.369423
0.915144 -0.192791
-0.114028 0.274543
1.26024 -0.0342084
-0.781235 0.378072
0.706711 -0.234371
0.216245 0.212013
1.16057 0.0648736
-0.416754 0.348172
1.15712 -0.125026
-0.597846 0.347136
0.953975 -0.179354
-0.180428 0.286192
1.25038 -0.0541283
-0.773931 0.375115
0.716249 -0.232179
0.203507 0.214875
1.16932 0.0610522
-0.442982 0.350795
1.13494 -0.132895
-0.549789 0.340482
1.00799 -0.164937
-0.282578 0.302396
1.21456 -0.0847735
-0.707447 0.364368
0.813839 -0.212234
0.059198 0.244152
1.2403 0.0177594
-0.674411 0.372089
0.871776 -0.202323
-0.0383161 0.261533
1.25992 -0.0114948
-0.757627 0.377975
0.746576 -0.227288
0.159598 0.223973
1.19595 0.0478793
-0.525458 0.358786
1.05507 -0.157637
-0.382126 0.316521
1.1559 -0.114638
-0.584349 0.34677
0.971159 -0.175305
-0.212769 0.291348
1.24155 -0.0638308
-0.759421 0.372465
0.738072 -0.227826
0.172948 0.221422
1.18852 0.0518844
-0.501952 0.356556
1.0794 -0.150586
-0.43221 0.323821
1.11833 -0.129663
-0.505403 0.3355
1.05452 -0.151621
-0.374846 0.316357
1.1618 -0.112454
-0.597204 0.348539
0.956222 -0.179161
-0.184957 0.286867
1.24924 -0.0554872
-0.772138 0.374771
0.718954 -0.231641
0.199774 0.215686
1.17179 0.0599322
-0.450457 0.351536
1.12833 -0.135137
-0.535585 0.3385
1.02296 -0.160676
-0.311774 0.306889
1.19997 -0.0935322
-0.677441 0.35999
0.85517 -0.203232
-0.0076802 0.256551
1.25649 -0.00230406
-0.738937 0.376946
0.776315 -0.221681
0.115388 0.232894
1.21825 0.0346164
-0.597926 0.365475
0.972207 -0.179378
-0.219084 0.291662
1.23886 -0.0657252
-0.753989 0.371659
0.746309 -0.226197
0.161128 0.223893
1.19533 0.0483384
-0.523368 0.3586
1.05729 -0.15701
-0.386669 0.317188
1.15272 -0.116001
-0.57765 0.345817
0.978769 -0.173295
-0.227083 0.293631
1.23691 -0.068125
-0.751059 0.371072
0.750574 -0.225318
0.154984 0.225172
1.19875 0.0464953
-0.534207 0.359625
1.04571 -0.160262
-0.363123 0.313713
1.16867 -0.108937
-0.611302 0.350601
0.939541 -0.183391
-0.154402 0.281862
1.25564 -0.0463205
-0.780611 0.376692
0.706402 -0.234183
0.216912 0.211921
1.16016 0.0650736
-0.415507 0.348049
1.15814 -0.124652
-0.600065 0.347442
0.951355 -0.18002
-0.175604 0.285407
1.25149 -0.0526811
-0.775521 0.375446
0.713871 -0.232656
0.206772 0.214161
1.16713 0.0620315
-0.436383 0.350139
1.14067 -0.130915
-0.562145 0.3422
0.994592 -0.168644
-0.256777 0.298377
1.22585 -0.0770332
-0.730011 0.367755
0.781548 -0.219003
0.109098 0.234464
1.22137 0.0327295
-0.608194 0.366411
0.959522 -0.182458
-0.195208 0.287856
1.24594 -0.0585624
-0.766165 0.373782
0.728073 -0.229849
0.187052 0.218422
1.17993 0.0561155
-0.475355 0.35398
1.10542 -0.142606
-0.48676 0.331627
1.071 -0.146028
-0.407768 0.321299
1.1384 -0.12233
-0.547873 0.341519
1.01134 -0.164362
-0.289446 0.303401
1.21124 -0.0868338
-0.700658 0.363373
0.82336 -0.210197
0.0440894 0.247008
1.24487 0.0132268
-0.691444 0.373461
0.847557 -0.207433
0.00237834 0.254267
1.25426 0.000713502
-0.729774 0.376278
0.790451 -0.218932
0.0937736 0.237135
1.22746 0.0281321
-0.629198 0.368239
0.932759 -0.18876
-0.145803 0.279828
1.25644 -0.0437408
-0.780256 0.376933
0.707254 -0.234077
0.215694 0.212176
1.161 0.0647083
-0.418004 0.3483
1.1561 -0.125401
-0.595625 0.34683
0.956584 -0.178687
-0.185246 0.286975
1.24923 -0.0555739
-0.7722 0.374768
0.718846 -0.23166
0.199926 0.215654
1.17169 0.0599779
-0.450155 0.351506
1.1286 -0.135047
-0.536163 0.338581
1.02236 -0.160849
-0.310596 0.306709
1.20059 -0.0931789
-0.678741 0.360177
0.853419 -0.203622
-0.0047787 0.256026
1.256 -0.00143361
-0.736725 0.3768
0.77976 -0.221017
0.110154 0.233928
1.22058 0.0330461
-0.605753 0.366174
0.962543 -0.181726
-0.200865 0.288763
1.24438 -0.0602594
-0.763594 0.373315
0.731931 -0.229078
0.181626 0.219579
1.18329 0.0544878
-0.485712 0.354988
1.09548 -0.145714
-0.465798 0.328644
1.08998 -0.13974
-0.4466 0.326994
1.1076 -0.13398
-0.483429 0.332279
1.0752 -0.145029
-0.416701 0.322561
1.13156 -0.12501
-0.533475 0.339467
1.02641 -0.160043
-0.318916 0.307924
1.19605 -0.0956747
-0.669252 0.358814
0.866125 -0.200776
-0.0259661 0.259838
1.2591 -0.00778984
-0.751645 0.377729
0.756262 -0.225493
0.145381 0.226879
1.20363 0.0436143
-0.549982 0.361089
1.02836 -0.164995
-0.328273 0.308508
1.18997 -0.098482
-0.65611 0.356991
0.883463 -0.196833
-0.0553895 0.265039
1.26166 -0.0166169
-0.767592 0.378499
0.730381 -0.230278
0.18292 0.219114
1.18231 0.0548759
-0.482764 0.354693
1.09833 -0.144829
-0.471781 0.329498
1.08466 -0.141534
-0.435677 0.325399
1.1166 -0.130703
-0.502185 0.334981
1.05757 -0.150655
-0.38096 0.317272
1.15763 -0.114288
-0.5884 0.347288
0.966452 -0.17652
-0.203952 0.289936
1.24418 -0.0611857
-0.763966 0.373254
0.731245 -0.22919
0.182619 0.219374
1.18269 0.0547857
-0.483843 0.354807
1.09729 -0.145153
-0.469609 0.329188
1.0866 -0.140883
-0.439657 0.325981
1.11335 -0.131897
-0.495406 0.334006
1.06404 -0.148622
-0.394012 0.319211
1.14844 -0.118204
-0.569012 0.344532
0.988381 -0.170704
-0.245289 0.296514
1.23033 -0.0735867
-0.738672 0.369099
0.7689 -0.221602
0.128071 0.23067
1.21263 0.0384214
-0.57909 0.363788
0.994908 -0.173727
-0.262553 0.298472
1.22264 -0.0787659
-0.723112 0.366793
0.791613 -0.216934
0.0937506 0.237484
1.22782 0.0281252
-0.630159 0.368345
0.931534 -0.189048
-0.143578 0.27946
1.25678 -0.0430735
-0.78053 0.377035
0.706886 -0.234159
0.216185 0.212066
1.16066 0.0648555
-0.41698 0.348197
1.15694 -0.125094
-0.597449 0.347081
0.954441 -0.179235
-0.181289 0.286332
1.25018 -0.0543866
-0.773632 0.375054
0.716696 -0.23209
0.202891 0.215009
1.16973 0.0608673
-0.444222 0.350918
1.13385 -0.133267
-0.547449 0.340156
1.01049 -0.164235
-0.287423 0.303146
1.21227 -0.0862269
-0.702792 0.363682
0.820374 -0.210838
0.0488478 0.246112
1.24349 0.0146543
-0.686233 0.373046
0.855039 -0.20587
-0.0100711 0.256512
1.2564 -0.00302134
-0.739417 0.37692
0.775509 -0.221825
0.116619 0.232653
1.21769 0.0349858
-0.596067 0.365308
0.974483 -0.17882
-0.223398 0.292345
1.23745 -0.0670194
-0.751423 0.371234
0.750134 -0.225427
0.155603 0.22504
1.19841 0.0466808
-0.533116 0.359522
1.04689 -0.159935
-0.365507 0.314066
1.16711 -0.109652
-0.608016 0.350133
0.943482 -0.182405
-0.161579 0.283045
1.25433 -0.0484736
-0.779141 0.376298
0.708531 -0.233742
0.21404 0.212559
1.16216 0.064212
-0.421478 0.348649
1.15324 -0.126443
-0.589406 0.345972
0.963833 -0.176822
-0.198693 0.28915
1.24572 -0.059608
-0.766616 0.373717
0.727246 -0.229985
0.188239 0.218174
1.1792 0.0564717
-0.473083 0.353759
1.10757 -0.141925
-0.491309 0.332271
1.06675 -0.147393
-0.39914 0.320025
1.14478 -0.119742
-0.561316 0.343434
0.996851 -0.168395
-0.261477 0.299055
1.22385 -0.0784431
-0.726027 0.367154
0.787327 -0.217808
0.100319 0.236198
1.22513 0.0300957
-0.620937 0.367538
0.94342 -0.186281
-0.165326 0.283026
1.25296 -0.0495978
-0.776497 0.375888
0.712645 -0.232949
0.208402 0.213793
1.16602 0.0625205
-0.43304 0.349806
1.14353 -0.129912
-0.568338 0.343059
0.98775 -0.170501
-0.243716 0.296325
1.23099 -0.0731149
-0.739978 0.369296
0.766971 -0.221994
0.130937 0.230091
1.21123 0.039281
-0.574512 0.36337
1.0003 -0.172353
-0.273013 0.30009
1.2181 -0.0819039
-0.714049 0.36543
0.804578 -0.214215
0.0737053 0.241373
1.2354 0.0221116
-0.656716 0.370619
0.896215 -0.197015
-0.0805366 0.268865
1.26173 -0.024161
-0.775319 0.378519
0.717287 -0.232596
0.201453 0.215186
1.17054 0.060436
-0.446755 0.351163
1.13161 -0.134027
-0.542632 0.339484
1.01559 -0.162789
-0.297355 0.304677
1.20741 -0.0892066
-0.692842 0.362224
0.834191 -0.207853
0.0266854 0.250257
1.24947 0.00800561
-0.709298 0.374842
0.821428 -0.212789
0.0449921 0.246428
1.2442 0.0134976
-0.689344 0.373261
0.850546 -0.206803
-0.00257419 0.255164
1.25516 -0.000772258
-0.733732 0.376547
0.784348 -0.22012
0.103158 0.235305
1.2236 0.0309473
-0.615966 0.36708
0.949724 -0.18479
-0.176963 0.284917
1.25047 -0.0530888
-0.773131 0.375141
0.717636 -0.231939
0.201558 0.215291
1.1706 0.0604675
-0.446874 0.351181
1.13152 -0.134062
-0.542421 0.339455
1.01581 -0.162726
-0.297788 0.304744
1.2072 -0.0893363
-0.692397 0.36216
0.834805 -0.207719
0.0256925 0.250441
1.24972 0.00770774
-0.710259 0.374915
0.82 -0.213078
0.0472831 0.246
1.24354 0.0141849
-0.686848 0.373062
0.854127 -0.206054
-0.00853973 0.256238
1.25616 -0.00256192
-0.738287 0.376847
0.777272 -0.221486
0.113947 0.233182
1.2189 0.034184
-0.600103 0.36567
0.969533 -0.180031
-0.214025 0.29086
1.24047 -0.0642076
-0.756857 0.372142
0.742026 -0.227057
0.167279 0.222608
1.19183 0.0501838
-0.512314 0.357548
1.06884 -0.153694
-0.410346 0.320651
1.13543 -0.123104
-0.541221 0.340629
1.01842 -0.162366
-0.303254 0.305525
1.20437 -0.0909763
-0.686522 0.36131
0.842867 -0.205956
0.0125771 0.25286
1.25269 0.00377312
-0.722371 0.375806
0.801804 -0.216711
0.0761108 0.240541
1.23417 0.0228332
-0.652657 0.370251
0.901693 -0.195797
-0.0901531 0.270508
1.26157 -0.0270459
-0.777754 0.37847
0.713079 -0.233326
0.207345 0.213924
1.16663 0.0622034
-0.434931 0.34999
1.14191 -0.130479
-0.564829 0.342572
0.991638 -0.169449
-0.251129 0.297491
1.22812 -0.0753387
-0.734443 0.368436
0.775089 -0.220333
0.118828 0.232527
1.21699 0.0356484
-0.593535 0.365098
0.977586 -0.178061
-0.229302 0.293276
1.23544 -0.0687907
-0.747729 0.370631
0.755623 -0.224319
0.147619 0.226687
1.20272 0.0442857
-0.546893 0.360815
1.03181 -0.164068
-0.335171 0.309544
1.18597 -0.100551
-0.64773 0.355791
0.894282 -0.194319
-0.0740324 0.268284
1.26226 -0.0222097
-0.774828 0.378677
0.718283 -0.232448
0.200029 0.215485
1.17147 0.0600086
-0.449573 0.351442
1.12911 -0.134872
-0.53726 0.338734
1.02122 -0.161178
-0.30836 0.306366
1.20177 -0.0925081
-0.681189 0.360532
0.850111 -0.204357
0.000685295 0.255033
1.25503 0.000205588
-0.732413 0.37651
0.786439 -0.219724
0.0999416 0.235932
1.22494 0.0299825
-0.620555 0.367483
0.943885 -0.186167
-0.166178 0.283166
1.25279 -0.0498535
-0.776281 0.375837
0.712962 -0.232884
0.207968 0.213889
1.16631 0.0623905
-0.433923 0.349894
1.14278 -0.130177
-0.566706 0.342833
0.989561 -0.170012
-0.247167 0.296868
1.22967 -0.07415
-0.737441 0.3689
0.770698 -0.221232
0.125394 0.23121
1.21391 0.0376182
-0.583327 0.364174
0.989877 -0.174998
-0.252841 0.296963
1.22664 -0.0758522
-0.730968 0.367993
0.780247 -0.21929
0.111045 0.234074
1.22051 0.0333135
-0.605296 0.366153
0.963132 -0.181589
-0.201974 0.28894
1.24407 -0.0605921
-0.763065 0.37322
0.732726 -0.228919
0.180505 0.219818
1.18398 0.0541515
-0.487832 0.355193
1.09342 -0.146349
-0.461463 0.328025
1.09378 -0.138439
-0.454433 0.328135
1.10097 -0.13633
-0.469688 0.330292
1.08762 -0.140906
-0.442127 0.326287
1.11126 -0.132638
-0.491035 0.333379
1.06815 -0.147311
-0.402354 0.320446
1.14237 -0.120706
-0.556211 0.34271
1.0024 -0.166863
-0.272154 0.300721
1.21925 -0.0816463
-0.716863 0.365774
0.800492 -0.215059
0.0800744 0.240148
1.23309 0.0240223
-0.648552 0.369928
0.907246 -0.194566
-0.0999712 0.272174
1.26118 -0.0299914
-0.779625 0.378354
0.709758 -0.233887
0.21198 0.212927
1.1635 0.0635941
-0.425507 0.349049
1.14989 -0.127652
-0.582118 0.344966
0.972219 -0.174635
-0.214366 0.291666
1.24112 -0.0643099
-0.75872 0.372335
0.739114 -0.227616
0.171466 0.221734
1.18939 0.0514398
-0.504683 0.356818
1.07664 -0.151405
-0.42648 0.322993
1.12292 -0.127944
-0.514985 0.336876
1.04514 -0.154496
-0.356056 0.313543
1.17409 -0.106817
-0.623153 0.352227
0.925076 -0.186946
-0.128288 0.277523
1.25942 -0.0384863
-0.783237 0.377826
0.70302 -0.234971
0.221368 0.210906
1.157 0.0664105
-0.406107 0.3471
1.16568 -0.121832
-0.616536 0.349705
0.931577 -0.184961
-0.139581 0.279473
1.25804 -0.0418743
-0.782811 0.377413
0.70334 -0.234843
0.221001 0.211002
1.15728 0.0663003
-0.406917 0.347183
1.16504 -0.122075
-0.615133 0.349513
0.933285 -0.18454
-0.142663 0.279986
1.2576 -0.042799
-0.782505 0.377279
0.703733 -0.234752
0.220484 0.21112
1.15765 0.0661453
-0.408011 0.347294
1.16417 -0.122403
-0.613232 0.349252
0.935593 -0.18397
-0.146838 0.280678
1.25696 -0.0440513
-0.781996 0.377088
0.704419 -0.234599
0.219575 0.211326
1.15829 0.0658725
-0.409929 0.347487
1.16264 -0.122979
-0.609886 0.348792
0.939635 -0.182966
-0.154171 0.28189
1.25574 -0.0462512
-0.780836 0.376723
0.706048 -0.234251
0.217395 0.211814
1.15983 0.0652186
-0.414502 0.347948
1.15896 -0.12435
-0.601846 0.347687
0.949246 -0.180554
-0.171728 0.284774
1.25233 -0.0515185
-0.776693 0.3757
0.712123 -0.233008
0.209161 0.213637
1.16551 0.0627484
-0.431515 0.349654
1.14483 -0.129455
-0.571149 0.343448
0.984616 -0.171345
-0.237761 0.295385
1.2332 -0.0713283
-0.744193 0.36996
0.760755 -0.223258
0.14012 0.228226
1.20663 0.0420359
-0.559514 0.361989
1.01763 -0.167854
-0.306975 0.305288
1.20163 -0.0920925
-0.680401 0.360489
0.851249 -0.20412
-0.00120749 0.255375
1.25537 -0.000362246
-0.73392 0.376612
0.78411 -0.220176
0.103513 0.235233
1.22345 0.031054
-0.615449 0.367034
0.950378 -0.184635
-0.178176 0.285114
1.25019 -0.0534528
-0.772731 0.375058
0.718232 -0.231819
0.200737 0.21547
1.17114 0.0602211
-0.448517 0.351343
1.13006 -0.134555
-0.539292 0.339018
1.0191 -0.161788
-0.304206 0.30573
1.20393 -0.0912617
-0.685665 0.36118
0.844029 -0.2057
0.0106761 0.253209
1.25308 0.00320283
-0.724037 0.375925
0.799272 -0.217211
0.080069 0.239782
1.23273 0.0240207
-0.647564 0.369819
0.908546 -0.194269
-0.102271 0.272564
1.26106 -0.0306814
-0.779977 0.378318
0.709117 -0.233993
0.212875 0.212735
1.16289 0.0638625
-0.423676 0.348866
1.15141 -0.127103
-0.585434 0.345424
0.968418 -0.17563
-0.207247 0.290525
1.24328 -0.062174
-0.762491 0.372984
0.733452 -0.228747
0.179506 0.220036
1.18459 0.0538517
-0.48973 0.355377
1.09156 -0.146919
-0.457569 0.327468
1.09716 -0.137271
-0.461409 0.329148
1.09496 -0.138423
-0.457253 0.328488
1.0985 -0.137176
-0.464547 0.32955
1.09217 -0.139364
-0.451473 0.32765
1.10344 -0.135442
-0.474778 0.331032
1.08308 -0.142433
-0.432794 0.324923
1.11888 -0.129838
-0.506924 0.335664
1.053 -0.152077
-0.371757 0.315899
1.16387 -0.111527
-0.601592 0.349162
0.951058 -0.180478
-0.175439 0.285317
1.25146 -0.0526318
-0.7754 0.375438
0.714068 -0.23262
0.206498 0.21422
1.16732 0.0619493
-0.436938 0.350195
1.14019 -0.131081
-0.561114 0.342057
0.995722 -0.168334
-0.258944 0.298717
1.22496 -0.0776831
-0.728262 0.367488
0.784086 -0.218479
0.105252 0.235226
1.22304 0.0315756
-0.613834 0.366912
0.952441 -0.18415
-0.182008 0.285732
1.24929 -0.0546024
-0.771408 0.374788
0.720211 -0.231422
0.198003 0.216063
1.17294 0.059401
-0.453959 0.351881
1.12519 -0.136188
-0.528856 0.337558
1.0299 -0.158657
-0.325421 0.30897
1.19248 -0.0976264
-0.661839 0.357744
0.875911 -0.198552
-0.0424928 0.262773
1.26079 -0.0127479
-0.76129 0.378236
0.740717 -0.228387
0.168084 0.222215
1.19114 0.0504253
-0.510264 0.357341
1.07093 -0.153079
-0.41467 0.32128
1.13213 -0.124401
-0.534301 0.33964
1.02562 -0.16029
-0.317366 0.307685
1.19689 -0.0952097
-0.671014 0.359067
0.863782 -0.201304
-0.0220347 0.259134
1.2586 -0.00661042
-0.749093 0.37758
0.760326 -0.224728
0.139367 0.228098
1.20673 0.0418101
-0.560013 0.36202
1.01704 -0.168004
-0.305819 0.305113
1.20224 -0.0917458
-0.681652 0.360671
0.849556 -0.204496
0.00158378 0.254867
1.25486 0.000475133
-0.731677 0.376459
0.787572 -0.219503
0.0981996 0.236272
1.22566 0.0294599
-0.623018 0.367699
0.940732 -0.186905
-0.160381 0.28222
1.25393 -0.0481142
-0.777676 0.376178
0.710919 -0.233303
0.210751 0.213276
1.16442 0.0632252
-0.428231 0.349325
1.14761 -0.128469
-0.577167 0.344282
0.977848 -0.17315
-0.224956 0.293354
1.23769 -0.0674867
-0.752548 0.371307
0.748346 -0.225764
0.158213 0.224504
