# xdot = m - |x|, m=-3, x0=0, dt=1.000e-03, nsteps=2000
# t	x
1.0000000000e-03	-3.001497503886e-03
2.0000000000e-03	-6.005980062365e-03
3.0000000000e-03	-9.013432816645e-03
4.0000000000e-03	-1.202384100366e-02
5.0000000000e-03	-1.503718995744e-02
6.0000000000e-03	-1.805346511044e-02
7.0000000000e-03	-2.107265199488e-02
8.0000000000e-03	-2.409473624411e-02
9.0000000000e-03	-2.711970359391e-02
1.0000000000e-02	-3.014753988383e-02
1.1000000000e-02	-3.317823105852e-02
1.2000000000e-02	-3.621176316899e-02
1.3000000000e-02	-3.924812237397e-02
1.4000000000e-02	-4.228729494118e-02
1.5000000000e-02	-4.532926724865e-02
1.6000000000e-02	-4.837402578593e-02
1.7000000000e-02	-5.142155715548e-02
1.8000000000e-02	-5.447184807385e-02
1.9000000000e-02	-5.752488537297e-02
2.0000000000e-02	-6.058065600144e-02
2.1000000000e-02	-6.363914702575e-02
2.2000000000e-02	-6.670034563154e-02
2.3000000000e-02	-6.976423912482e-02
2.4000000000e-02	-7.283081493322e-02
2.5000000000e-02	-7.590006060723e-02
2.6000000000e-02	-7.897196382140e-02
2.7000000000e-02	-8.204651237554e-02
2.8000000000e-02	-8.512369419596e-02
2.9000000000e-02	-8.820349733665e-02
3.0000000000e-02	-9.128590998049e-02
3.1000000000e-02	-9.437092044041e-02
3.2000000000e-02	-9.745851716059e-02
3.3000000000e-02	-1.005486887177e-01
3.4000000000e-02	-1.036414238218e-01
3.5000000000e-02	-1.067367113181e-01
3.6000000000e-02	-1.098345401872e-01
3.7000000000e-02	-1.129348995473e-01
3.8000000000e-02	-1.160377786544e-01
3.9000000000e-02	-1.191431669040e-01
4.0000000000e-02	-1.222510538322e-01
4.1000000000e-02	-1.253614291166e-01
4.2000000000e-02	-1.284742825774e-01
4.3000000000e-02	-1.315896041788e-01
4.4000000000e-02	-1.347073840300e-01
4.5000000000e-02	-1.378276123862e-01
4.6000000000e-02	-1.409502796496e-01
4.7000000000e-02	-1.440753763710e-01
4.8000000000e-02	-1.472028932501e-01
4.9000000000e-02	-1.503328211374e-01
5.0000000000e-02	-1.534651510348e-01
5.1000000000e-02	-1.565998740965e-01
5.2000000000e-02	-1.597369816307e-01
5.3000000000e-02	-1.628764651001e-01
5.4000000000e-02	-1.660183161231e-01
5.5000000000e-02	-1.691625264750e-01
5.6000000000e-02	-1.723090880891e-01
5.7000000000e-02	-1.754579930571e-01
5.8000000000e-02	-1.786092336312e-01
5.9000000000e-02	-1.817628022242e-01
6.0000000000e-02	-1.849186914110e-01
6.1000000000e-02	-1.880768939294e-01
6.2000000000e-02	-1.912374026813e-01
6.3000000000e-02	-1.944002107337e-01
6.4000000000e-02	-1.975653113195e-01
6.5000000000e-02	-2.007326978389e-01
6.6000000000e-02	-2.039023638599e-01
6.7000000000e-02	-2.070743031196e-01
6.8000000000e-02	-2.102485095254e-01
6.9000000000e-02	-2.134249771553e-01
7.0000000000e-02	-2.166037002598e-01
7.1000000000e-02	-2.197846732622e-01
7.2000000000e-02	-2.229678907596e-01
7.3000000000e-02	-2.261533475246e-01
7.4000000000e-02	-2.293410385052e-01
7.5000000000e-02	-2.325309588266e-01
7.6000000000e-02	-2.357231037920e-01
7.7000000000e-02	-2.389174688832e-01
7.8000000000e-02	-2.421140497621e-01
7.9000000000e-02	-2.453128422711e-01
8.0000000000e-02	-2.485138424347e-01
8.1000000000e-02	-2.517170464598e-01
8.2000000000e-02	-2.549224507372e-01
8.3000000000e-02	-2.581300518422e-01
8.4000000000e-02	-2.613398465357e-01
8.5000000000e-02	-2.645518317652e-01
8.6000000000e-02	-2.677660046657e-01
8.7000000000e-02	-2.709823625605e-01
8.8000000000e-02	-2.742009029624e-01
8.9000000000e-02	-2.774216235745e-01
9.0000000000e-02	-2.806445222913e-01
9.1000000000e-02	-2.838695971994e-01
9.2000000000e-02	-2.870968465785e-01
9.3000000000e-02	-2.903262689028e-01
9.4000000000e-02	-2.935578628410e-01
9.5000000000e-02	-2.967916272585e-01
9.6000000000e-02	-3.000275612171e-01
9.7000000000e-02	-3.032656639768e-01
9.8000000000e-02	-3.065059349964e-01
9.9000000000e-02	-3.097483739346e-01
1.0000000000e-01	-3.129929806508e-01
1.0100000000e-01	-3.162397552061e-01
1.0200000000e-01	-3.194886978645e-01
1.0300000000e-01	-3.227398090932e-01
1.0400000000e-01	-3.259930895645e-01
1.0500000000e-01	-3.292485401560e-01
1.0600000000e-01	-3.325061619517e-01
1.0700000000e-01	-3.357659562434e-01
1.0800000000e-01	-3.390279245311e-01
1.0900000000e-01	-3.422920685244e-01
1.1000000000e-01	-3.455583901431e-01
1.1100000000e-01	-3.488268915185e-01
1.1200000000e-01	-3.520975749943e-01
1.1300000000e-01	-3.553704431276e-01
1.1400000000e-01	-3.586454986895e-01
1.1500000000e-01	-3.619227446667e-01
1.1600000000e-01	-3.652021842623e-01
1.1700000000e-01	-3.684838208964e-01
1.1800000000e-01	-3.717676582077e-01
1.1900000000e-01	-3.750537000542e-01
1.2000000000e-01	-3.783419505142e-01
1.2100000000e-01	-3.816324138873e-01
1.2200000000e-01	-3.849250946956e-01
1.2300000000e-01	-3.882199976847e-01
1.2400000000e-01	-3.915171278247e-01
1.2500000000e-01	-3.948164903109e-01
1.2600000000e-01	-3.981180905657e-01
1.2700000000e-01	-4.014219342387e-01
1.2800000000e-01	-4.047280272085e-01
1.2900000000e-01	-4.080363755833e-01
1.3000000000e-01	-4.113469857023e-01
1.3100000000e-01	-4.146598641366e-01
1.3200000000e-01	-4.179750176903e-01
1.3300000000e-01	-4.212924534019e-01
1.3400000000e-01	-4.246121785449e-01
1.3500000000e-01	-4.279342006294e-01
1.3600000000e-01	-4.312585274030e-01
1.3700000000e-01	-4.345851668520e-01
1.3800000000e-01	-4.379141272026e-01
1.3900000000e-01	-4.412454169218e-01
1.4000000000e-01	-4.445790447191e-01
1.4100000000e-01	-4.479150195471e-01
1.4200000000e-01	-4.512533506032e-01
1.4300000000e-01	-4.545940473306e-01
1.4400000000e-01	-4.579371194191e-01
1.4500000000e-01	-4.612825768074e-01
1.4600000000e-01	-4.646304296830e-01
1.4700000000e-01	-4.679806884847e-01
1.4800000000e-01	-4.713333639030e-01
1.4900000000e-01	-4.746884668818e-01
1.5000000000e-01	-4.780460086196e-01
1.5100000000e-01	-4.814060005707e-01
1.5200000000e-01	-4.847684544468e-01
1.5300000000e-01	-4.881333822182e-01
1.5400000000e-01	-4.915007961149e-01
1.5500000000e-01	-4.948707086285e-01
1.5600000000e-01	-4.982431325129e-01
1.5700000000e-01	-5.016180807865e-01
1.5800000000e-01	-5.049955667331e-01
1.5900000000e-01	-5.083756039032e-01
1.6000000000e-01	-5.117582061160e-01
1.6100000000e-01	-5.151433874605e-01
1.6200000000e-01	-5.185311622970e-01
1.6300000000e-01	-5.219215452586e-01
1.6400000000e-01	-5.253145512531e-01
1.6500000000e-01	-5.287101954638e-01
1.6600000000e-01	-5.321084933519e-01
1.6700000000e-01	-5.355094606574e-01
1.6800000000e-01	-5.389131134012e-01
1.6900000000e-01	-5.423194678863e-01
1.7000000000e-01	-5.457285406999e-01
1.7100000000e-01	-5.491403487147e-01
1.7200000000e-01	-5.525549090906e-01
1.7300000000e-01	-5.559722392767e-01
1.7400000000e-01	-5.593923570129e-01
1.7500000000e-01	-5.628152803314e-01
1.7600000000e-01	-5.662410275589e-01
1.7700000000e-01	-5.696696173181e-01
1.7800000000e-01	-5.731010685297e-01
1.7900000000e-01	-5.765354004141e-01
1.8000000000e-01	-5.799726324935e-01
1.8100000000e-01	-5.834127845936e-01
1.8200000000e-01	-5.868558768456e-01
1.8300000000e-01	-5.903019296882e-01
1.8400000000e-01	-5.937509638696e-01
1.8500000000e-01	-5.972030004493e-01
1.8600000000e-01	-6.006580608006e-01
1.8700000000e-01	-6.041161666121e-01
1.8800000000e-01	-6.075773398904e-01
1.8900000000e-01	-6.110416029618e-01
1.9000000000e-01	-6.145089784745e-01
1.9100000000e-01	-6.179794894010e-01
1.9200000000e-01	-6.214531590402e-01
1.9300000000e-01	-6.249300110197e-01
1.9400000000e-01	-6.284100692982e-01
1.9500000000e-01	-6.318933581674e-01
1.9600000000e-01	-6.353799022550e-01
1.9700000000e-01	-6.388697265265e-01
1.9800000000e-01	-6.423628562881e-01
1.9900000000e-01	-6.458593171890e-01
2.0000000000e-01	-6.493591352236e-01
2.0100000000e-01	-6.528623367346e-01
2.0200000000e-01	-6.563689484152e-01
2.0300000000e-01	-6.598789973117e-01
2.0400000000e-01	-6.633925108266e-01
2.0500000000e-01	-6.669095167208e-01
2.0600000000e-01	-6.704300431163e-01
2.0700000000e-01	-6.739541184997e-01
2.0800000000e-01	-6.774817717242e-01
2.0900000000e-01	-6.810130320128e-01
2.1000000000e-01	-6.845479289615e-01
2.1100000000e-01	-6.880864925416e-01
2.1200000000e-01	-6.916287531035e-01
2.1300000000e-01	-6.951747413790e-01
2.1400000000e-01	-6.987244884849e-01
2.1500000000e-01	-7.022780259260e-01
2.1600000000e-01	-7.058353855983e-01
2.1700000000e-01	-7.093965997919e-01
2.1800000000e-01	-7.129617011952e-01
2.1900000000e-01	-7.165307228972e-01
2.2000000000e-01	-7.201036983916e-01
2.2100000000e-01	-7.236806615799e-01
2.2200000000e-01	-7.272616467752e-01
2.2300000000e-01	-7.308466887054e-01
2.2400000000e-01	-7.344358225171e-01
2.2500000000e-01	-7.380290837793e-01
2.2600000000e-01	-7.416265084869e-01
2.2700000000e-01	-7.452281330648e-01
2.2800000000e-01	-7.488339943713e-01
2.2900000000e-01	-7.524441297025e-01
2.3000000000e-01	-7.560585767962e-01
2.3100000000e-01	-7.596773738355e-01
2.3200000000e-01	-7.633005594536e-01
2.3300000000e-01	-7.669281727373e-01
2.3400000000e-01	-7.705602532319e-01
2.3500000000e-01	-7.741968409448e-01
2.3600000000e-01	-7.778379763505e-01
2.3700000000e-01	-7.814837003948e-01
2.3800000000e-01	-7.851340544991e-01
2.3900000000e-01	-7.887890805656e-01
2.4000000000e-01	-7.924488209813e-01
2.4100000000e-01	-7.961133186232e-01
2.4200000000e-01	-7.997826168628e-01
2.4300000000e-01	-8.034567595715e-01
2.4400000000e-01	-8.071357911249e-01
2.4500000000e-01	-8.108197564086e-01
2.4600000000e-01	-8.145087008228e-01
2.4700000000e-01	-8.182026702877e-01
2.4800000000e-01	-8.219017112490e-01
2.4900000000e-01	-8.256058706829e-01
2.5000000000e-01	-8.293151961023e-01
2.5100000000e-01	-8.330297355615e-01
2.5200000000e-01	-8.367495376628e-01
2.5300000000e-01	-8.404746515614e-01
2.5400000000e-01	-8.442051269719e-01
2.5500000000e-01	-8.479410141743e-01
2.5600000000e-01	-8.516823640195e-01
2.5700000000e-01	-8.554292279360e-01
2.5800000000e-01	-8.591816579361e-01
2.5900000000e-01	-8.629397066220e-01
2.6000000000e-01	-8.667034271928e-01
2.6100000000e-01	-8.704728734507e-01
2.6200000000e-01	-8.742480998076e-01
2.6300000000e-01	-8.780291612924e-01
2.6400000000e-01	-8.818161135578e-01
2.6500000000e-01	-8.856090128871e-01
2.6600000000e-01	-8.894079162016e-01
2.6700000000e-01	-8.932128810680e-01
2.6800000000e-01	-8.970239657055e-01
2.6900000000e-01	-9.008412289939e-01
2.7000000000e-01	-9.046647304806e-01
2.7100000000e-01	-9.084945303892e-01
2.7200000000e-01	-9.123306896267e-01
2.7300000000e-01	-9.161732697923e-01
2.7400000000e-01	-9.200223331850e-01
2.7500000000e-01	-9.238779428126e-01
2.7600000000e-01	-9.277401623997e-01
2.7700000000e-01	-9.316090563968e-01
2.7800000000e-01	-9.354846899888e-01
2.7900000000e-01	-9.393671291042e-01
2.8000000000e-01	-9.432564404241e-01
2.8100000000e-01	-9.471526913917e-01
2.8200000000e-01	-9.510559502215e-01
2.8300000000e-01	-9.549662859094e-01
2.8400000000e-01	-9.588837682419e-01
2.8500000000e-01	-9.628084678064e-01
2.8600000000e-01	-9.667404560017e-01
2.8700000000e-01	-9.706798050476e-01
2.8800000000e-01	-9.746265879959e-01
2.8900000000e-01	-9.785808787414e-01
2.9000000000e-01	-9.825427520321e-01
2.9100000000e-01	-9.865122834807e-01
2.9200000000e-01	-9.904895495760e-01
2.9300000000e-01	-9.944746276944e-01
2.9400000000e-01	-9.984675961113e-01
2.9500000000e-01	-1.002468534013e+00
2.9600000000e-01	-1.006477521511e+00
2.9700000000e-01	-1.010494639649e+00
2.9800000000e-01	-1.014519970421e+00
2.9900000000e-01	-1.018553596784e+00
3.0000000000e-01	-1.022595602666e+00
3.0100000000e-01	-1.026646072984e+00
3.0200000000e-01	-1.030705093656e+00
3.0300000000e-01	-1.034772751616e+00
3.0400000000e-01	-1.038849134824e+00
3.0500000000e-01	-1.042934332286e+00
3.0600000000e-01	-1.047028434066e+00
3.0700000000e-01	-1.051131531299e+00
3.0800000000e-01	-1.055243716210e+00
3.0900000000e-01	-1.059365082124e+00
3.1000000000e-01	-1.063495723491e+00
3.1100000000e-01	-1.067635735890e+00
3.1200000000e-01	-1.071785216055e+00
3.1300000000e-01	-1.075944261888e+00
3.1400000000e-01	-1.080112972476e+00
3.1500000000e-01	-1.084291448108e+00
3.1600000000e-01	-1.088479790293e+00
3.1700000000e-01	-1.092678101778e+00
3.1800000000e-01	-1.096886486569e+00
3.1900000000e-01	-1.101105049942e+00
3.2000000000e-01	-1.105333898473e+00
3.2100000000e-01	-1.109573140048e+00
3.2200000000e-01	-1.113822883887e+00
3.2300000000e-01	-1.118083240563e+00
3.2400000000e-01	-1.122354322026e+00
3.2500000000e-01	-1.126636241618e+00
3.2600000000e-01	-1.130929114099e+00
3.2700000000e-01	-1.135233055668e+00
3.2800000000e-01	-1.139548183983e+00
3.2900000000e-01	-1.143874618188e+00
3.3000000000e-01	-1.148212478931e+00
3.3100000000e-01	-1.152561888392e+00
3.3200000000e-01	-1.156922970305e+00
3.3300000000e-01	-1.161295849984e+00
3.3400000000e-01	-1.165680654345e+00
3.3500000000e-01	-1.170077511936e+00
3.3600000000e-01	-1.174486552959e+00
3.3700000000e-01	-1.178907909302e+00
3.3800000000e-01	-1.183341714559e+00
3.3900000000e-01	-1.187788104065e+00
3.4000000000e-01	-1.192247214920e+00
3.4100000000e-01	-1.196719186019e+00
3.4200000000e-01	-1.201204158081e+00
3.4300000000e-01	-1.205702273683e+00
3.4400000000e-01	-1.210213677284e+00
3.4500000000e-01	-1.214738515264e+00
3.4600000000e-01	-1.219276935951e+00
3.4700000000e-01	-1.223829089656e+00
3.4800000000e-01	-1.228395128704e+00
3.4900000000e-01	-1.232975207474e+00
3.5000000000e-01	-1.237569482428e+00
3.5100000000e-01	-1.242178112149e+00
3.5200000000e-01	-1.246801257380e+00
3.5300000000e-01	-1.251439081057e+00
3.5400000000e-01	-1.256091748351e+00
3.5500000000e-01	-1.260759426704e+00
3.5600000000e-01	-1.265442285871e+00
3.5700000000e-01	-1.270140497960e+00
3.5800000000e-01	-1.274854237474e+00
3.5900000000e-01	-1.279583681353e+00
3.6000000000e-01	-1.284329009018e+00
3.6100000000e-01	-1.289090402417e+00
3.6200000000e-01	-1.293868046065e+00
3.6300000000e-01	-1.298662127099e+00
3.6400000000e-01	-1.303472835320e+00
3.6500000000e-01	-1.308300363240e+00
3.6600000000e-01	-1.313144906140e+00
3.6700000000e-01	-1.318006662111e+00
3.6800000000e-01	-1.322885832113e+00
3.6900000000e-01	-1.327782620027e+00
3.7000000000e-01	-1.332697232707e+00
3.7100000000e-01	-1.337629880041e+00
3.7200000000e-01	-1.342580775001e+00
3.7300000000e-01	-1.347550133708e+00
3.7400000000e-01	-1.352538175490e+00
3.7500000000e-01	-1.357545122940e+00
3.7600000000e-01	-1.362571201986e+00
3.7700000000e-01	-1.367616641948e+00
3.7800000000e-01	-1.372681675606e+00
3.7900000000e-01	-1.377766539272e+00
3.8000000000e-01	-1.382871472853e+00
3.8100000000e-01	-1.387996719924e+00
3.8200000000e-01	-1.393142527802e+00
3.8300000000e-01	-1.398309147619e+00
3.8400000000e-01	-1.403496834398e+00
3.8500000000e-01	-1.408705847132e+00
3.8600000000e-01	-1.413936448862e+00
3.8700000000e-01	-1.419188906760e+00
3.8800000000e-01	-1.424463492216e+00
3.8900000000e-01	-1.429760480920e+00
3.9000000000e-01	-1.435080152950e+00
3.9100000000e-01	-1.440422792867e+00
3.9200000000e-01	-1.445788689805e+00
3.9300000000e-01	-1.451178137566e+00
3.9400000000e-01	-1.456591434718e+00
3.9500000000e-01	-1.462028884697e+00
3.9600000000e-01	-1.467490795908e+00
3.9700000000e-01	-1.472977481832e+00
3.9800000000e-01	-1.478489261133e+00
3.9900000000e-01	-1.484026457770e+00
4.0000000000e-01	-1.489589401111e+00
4.0100000000e-01	-1.495178426052e+00
4.0200000000e-01	-1.500793873135e+00
4.0300000000e-01	-1.506436088672e+00
4.0400000000e-01	-1.512105424873e+00
4.0500000000e-01	-1.517802239976e+00
4.0600000000e-01	-1.523526898382e+00
4.0700000000e-01	-1.529279770791e+00
4.0800000000e-01	-1.535061234344e+00
4.0900000000e-01	-1.540871672771e+00
4.1000000000e-01	-1.546711476536e+00
4.1100000000e-01	-1.552581042993e+00
4.1200000000e-01	-1.558480776547e+00
4.1300000000e-01	-1.564411088811e+00
4.1400000000e-01	-1.570372398776e+00
4.1500000000e-01	-1.576365132984e+00
4.1600000000e-01	-1.582389725703e+00
4.1700000000e-01	-1.588446619109e+00
4.1800000000e-01	-1.594536263476e+00
4.1900000000e-01	-1.600659117364e+00
4.2000000000e-01	-1.606815647822e+00
4.2100000000e-01	-1.613006330590e+00
4.2200000000e-01	-1.619231650309e+00
4.2300000000e-01	-1.625492100740e+00
4.2400000000e-01	-1.631788184984e+00
4.2500000000e-01	-1.638120415715e+00
4.2600000000e-01	-1.644489315413e+00
4.2700000000e-01	-1.650895416612e+00
4.2800000000e-01	-1.657339262151e+00
4.2900000000e-01	-1.663821405430e+00
4.3000000000e-01	-1.670342410681e+00
4.3100000000e-01	-1.676902853242e+00
4.3200000000e-01	-1.683503319842e+00
4.3300000000e-01	-1.690144408894e+00
4.3400000000e-01	-1.696826730798e+00
4.3500000000e-01	-1.703550908253e+00
4.3600000000e-01	-1.710317576581e+00
4.3700000000e-01	-1.717127384055e+00
4.3800000000e-01	-1.723980992249e+00
4.3900000000e-01	-1.730879076388e+00
4.4000000000e-01	-1.737822325719e+00
4.4100000000e-01	-1.744811443883e+00
4.4200000000e-01	-1.751847149313e+00
4.4300000000e-01	-1.758930175635e+00
4.4400000000e-01	-1.766061272085e+00
4.4500000000e-01	-1.773241203945e+00
4.4600000000e-01	-1.780470752985e+00
4.4700000000e-01	-1.787750717930e+00
4.4800000000e-01	-1.795081914934e+00
4.4900000000e-01	-1.802465178076e+00
4.5000000000e-01	-1.809901359876e+00
4.5100000000e-01	-1.817391331818e+00
4.5200000000e-01	-1.824935984905e+00
4.5300000000e-01	-1.832536230225e+00
4.5400000000e-01	-1.840192999538e+00
4.5500000000e-01	-1.847907245891e+00
4.5600000000e-01	-1.855679944246e+00
4.5700000000e-01	-1.863512092136e+00
4.5800000000e-01	-1.871404710348e+00
4.5900000000e-01	-1.879358843624e+00
4.6000000000e-01	-1.887375561393e+00
4.6100000000e-01	-1.895455958532e+00
4.6200000000e-01	-1.903601156150e+00
4.6300000000e-01	-1.911812302408e+00
4.6400000000e-01	-1.920090573367e+00
4.6500000000e-01	-1.928437173869e+00
4.6600000000e-01	-1.936853338454e+00
4.6700000000e-01	-1.945340332311e+00
4.6800000000e-01	-1.953899452268e+00
4.6900000000e-01	-1.962532027821e+00
4.7000000000e-01	-1.971239422203e+00
4.7100000000e-01	-1.980023033500e+00
4.7200000000e-01	-1.988884295805e+00
4.7300000000e-01	-1.997824680430e+00
4.7400000000e-01	-2.006845697154e+00
4.7500000000e-01	-2.015948895541e+00
4.7600000000e-01	-2.025135866292e+00
4.7700000000e-01	-2.034408242676e+00
4.7800000000e-01	-2.043767702002e+00
4.7900000000e-01	-2.053215967170e+00
4.8000000000e-01	-2.062754808277e+00
4.8100000000e-01	-2.072386044302e+00
4.8200000000e-01	-2.082111544861e+00
4.8300000000e-01	-2.091933232038e+00
4.8400000000e-01	-2.101853082301e+00
4.8500000000e-01	-2.111873128503e+00
4.8600000000e-01	-2.121995461972e+00
4.8700000000e-01	-2.132222234703e+00
4.8800000000e-01	-2.142555661642e+00
4.8900000000e-01	-2.152998023081e+00
4.9000000000e-01	-2.163551667168e+00
4.9100000000e-01	-2.174219012531e+00
4.9200000000e-01	-2.185002551029e+00
4.9300000000e-01	-2.195904850637e+00
4.9400000000e-01	-2.206928558470e+00
4.9500000000e-01	-2.218076403952e+00
4.9600000000e-01	-2.229351202151e+00
4.9700000000e-01	-2.240755857267e+00
4.9800000000e-01	-2.252293366307e+00
4.9900000000e-01	-2.263966822946e+00
5.0000000000e-01	-2.275779421576e+00
5.0100000000e-01	-2.287734461576e+00
5.0200000000e-01	-2.299835351800e+00
5.0300000000e-01	-2.312085615304e+00
5.0400000000e-01	-2.324488894320e+00
5.0500000000e-01	-2.337048955506e+00
5.0600000000e-01	-2.349769695476e+00
5.0700000000e-01	-2.362655146631e+00
5.0800000000e-01	-2.375709483322e+00
5.0900000000e-01	-2.388937028349e+00
5.1000000000e-01	-2.402342259833e+00
5.1100000000e-01	-2.415929818482e+00
5.1200000000e-01	-2.429704515272e+00
5.1300000000e-01	-2.443671339580e+00
5.1400000000e-01	-2.457835467799e+00
5.1500000000e-01	-2.472202272460e+00
5.1600000000e-01	-2.486777331914e+00
5.1700000000e-01	-2.501566440595e+00
5.1800000000e-01	-2.516575619923e+00
5.1900000000e-01	-2.531811129885e+00
5.2000000000e-01	-2.547279481344e+00
5.2100000000e-01	-2.562987449139e+00
5.2200000000e-01	-2.578942086025e+00
5.2300000000e-01	-2.595150737530e+00
5.2400000000e-01	-2.611621057791e+00
5.2500000000e-01	-2.628361026450e+00
5.2600000000e-01	-2.645378966696e+00
5.2700000000e-01	-2.662683564546e+00
5.2800000000e-01	-2.680283889465e+00
5.2900000000e-01	-2.698189416435e+00
5.3000000000e-01	-2.716410049598e+00
5.3100000000e-01	-2.734956147614e+00
5.3200000000e-01	-2.753838550861e+00
5.3300000000e-01	-2.773068610663e+00
5.3400000000e-01	-2.792658220715e+00
5.3500000000e-01	-2.812619850899e+00
5.3600000000e-01	-2.832966583717e+00
5.3700000000e-01	-2.853712153579e+00
5.3800000000e-01	-2.874870989222e+00
5.3900000000e-01	-2.896458259545e+00
5.4000000000e-01	-2.918489923199e+00
5.4100000000e-01	-2.940982782312e+00
5.4200000000e-01	-2.963954540736e+00
5.4300000000e-01	-2.987423867293e+00
5.4400000000e-01	-3.011410464541e+00
5.4500000000e-01	-3.035935143610e+00
5.4600000000e-01	-3.061019905781e+00
5.4700000000e-01	-3.086688031529e+00
5.4800000000e-01	-3.112964177834e+00
5.4900000000e-01	-3.139874484720e+00
5.5000000000e-01	-3.167446692026e+00
5.5100000000e-01	-3.195710267642e+00
5.5200000000e-01	-3.224696548520e+00
5.5300000000e-01	-3.254438896029e+00
5.5400000000e-01	-3.284972867376e+00
5.5500000000e-01	-3.316336405130e+00
5.5600000000e-01	-3.348570047127e+00
5.5700000000e-01	-3.381717159403e+00
5.5800000000e-01	-3.415824195215e+00
5.5900000000e-01	-3.450940983660e+00
5.6000000000e-01	-3.487121051981e+00
5.6100000000e-01	-3.524421986311e+00
5.6200000000e-01	-3.562905836383e+00
5.6300000000e-01	-3.602639570699e+00
5.6400000000e-01	-3.643695589750e+00
5.6500000000e-01	-3.686152306257e+00
5.6600000000e-01	-3.730094803026e+00
5.6700000000e-01	-3.775615580992e+00
5.6800000000e-01	-3.822815412441e+00
5.6900000000e-01	-3.871804317356e+00
5.7000000000e-01	-3.922702684430e+00
5.7100000000e-01	-3.975642562822e+00
5.7200000000e-01	-4.030769156232e+00
5.7300000000e-01	-4.088242557862e+00
5.7400000000e-01	-4.148239773570e+00
5.7500000000e-01	-4.210957091532e+00
5.7600000000e-01	-4.276612870831e+00
5.7700000000e-01	-4.345450839420e+00
5.7800000000e-01	-4.417744015203e+00
5.7900000000e-01	-4.493799394351e+00
5.8000000000e-01	-4.573963590826e+00
5.8100000000e-01	-4.658629663988e+00
5.8200000000e-01	-4.748245441879e+00
5.8300000000e-01	-4.843323743548e+00
5.8400000000e-01	-4.944455034725e+00
5.8500000000e-01	-5.052323232448e+00
5.8600000000e-01	-5.167725628688e+00
5.8700000000e-01	-5.291598264941e+00
5.8800000000e-01	-5.425048612895e+00
5.8900000000e-01	-5.569398185098e+00
5.9000000000e-01	-5.726238850722e+00
5.9100000000e-01	-5.897508390674e+00
5.9200000000e-01	-6.085593576341e+00
5.9300000000e-01	-6.293473465221e+00
5.9400000000e-01	-6.524922878934e+00
5.9500000000e-01	-6.784808415363e+00
5.9600000000e-01	-7.079531230422e+00
5.9700000000e-01	-7.417711156077e+00
5.9800000000e-01	-7.811284803171e+00
5.9900000000e-01	-8.277350537651e+00
6.0000000000e-01	-8.841445974008e+00
6.0100000000e-01	-9.543790278815e+00
6.0200000000e-01	-1.045229079480e+01
6.0300000000e-01	-1.169312809036e+01
