# xdot = m - |x|, m=-3, x0=0.8, dt=1.000e-03, nsteps=2000
# t	x
1.0000000000e-03	7.989496291975e-01
2.0000000000e-03	7.978945075110e-01
3.0000000000e-03	7.968346210458e-01
4.0000000000e-03	7.957699559403e-01
5.0000000000e-03	7.947004983668e-01
6.0000000000e-03	7.936262345321e-01
7.0000000000e-03	7.925471506784e-01
8.0000000000e-03	7.914632330843e-01
9.0000000000e-03	7.903744680655e-01
1.0000000000e-02	7.892808419755e-01
1.1000000000e-02	7.881823412067e-01
1.2000000000e-02	7.870789521912e-01
1.3000000000e-02	7.859706614014e-01
1.4000000000e-02	7.848574553512e-01
1.5000000000e-02	7.837393205966e-01
1.6000000000e-02	7.826162437367e-01
1.7000000000e-02	7.814882114144e-01
1.8000000000e-02	7.803552103175e-01
1.9000000000e-02	7.792172271794e-01
2.0000000000e-02	7.780742487800e-01
2.1000000000e-02	7.769262619465e-01
2.2000000000e-02	7.757732535547e-01
2.3000000000e-02	7.746152105291e-01
2.4000000000e-02	7.734521198445e-01
2.5000000000e-02	7.722839685265e-01
2.6000000000e-02	7.711107436526e-01
2.7000000000e-02	7.699324323529e-01
2.8000000000e-02	7.687490218110e-01
2.9000000000e-02	7.675604992651e-01
3.0000000000e-02	7.663668520088e-01
3.1000000000e-02	7.651680673919e-01
3.2000000000e-02	7.639641328213e-01
3.3000000000e-02	7.627550357622e-01
3.4000000000e-02	7.615407637385e-01
3.5000000000e-02	7.603213043341e-01
3.6000000000e-02	7.590966451937e-01
3.7000000000e-02	7.578667740238e-01
3.8000000000e-02	7.566316785932e-01
3.9000000000e-02	7.553913467347e-01
4.0000000000e-02	7.541457663451e-01
4.1000000000e-02	7.528949253867e-01
4.2000000000e-02	7.516388118882e-01
4.3000000000e-02	7.503774139454e-01
4.4000000000e-02	7.491107197221e-01
4.5000000000e-02	7.478387174512e-01
4.6000000000e-02	7.465613954357e-01
4.7000000000e-02	7.452787420492e-01
4.8000000000e-02	7.439907457372e-01
4.9000000000e-02	7.426973950181e-01
5.0000000000e-02	7.413986784835e-01
5.1000000000e-02	7.400945848001e-01
5.2000000000e-02	7.387851027095e-01
5.3000000000e-02	7.374702210303e-01
5.4000000000e-02	7.361499286578e-01
5.5000000000e-02	7.348242145660e-01
5.6000000000e-02	7.334930678080e-01
5.7000000000e-02	7.321564775168e-01
5.8000000000e-02	7.308144329065e-01
5.9000000000e-02	7.294669232731e-01
6.0000000000e-02	7.281139379957e-01
6.1000000000e-02	7.267554665367e-01
6.2000000000e-02	7.253914984437e-01
6.3000000000e-02	7.240220233494e-01
6.4000000000e-02	7.226470309734e-01
6.5000000000e-02	7.212665111225e-01
6.6000000000e-02	7.198804536921e-01
6.7000000000e-02	7.184888486665e-01
6.8000000000e-02	7.170916861205e-01
6.9000000000e-02	7.156889562197e-01
7.0000000000e-02	7.142806492218e-01
7.1000000000e-02	7.128667554775e-01
7.2000000000e-02	7.114472654310e-01
7.3000000000e-02	7.100221696215e-01
7.4000000000e-02	7.085914586835e-01
7.5000000000e-02	7.071551233482e-01
7.6000000000e-02	7.057131544439e-01
7.7000000000e-02	7.042655428974e-01
7.8000000000e-02	7.028122797345e-01
7.9000000000e-02	7.013533560810e-01
8.0000000000e-02	6.998887631637e-01
8.1000000000e-02	6.984184923112e-01
8.2000000000e-02	6.969425349545e-01
8.3000000000e-02	6.954608826283e-01
8.4000000000e-02	6.939735269717e-01
8.5000000000e-02	6.924804597290e-01
8.6000000000e-02	6.909816727505e-01
8.7000000000e-02	6.894771579936e-01
8.8000000000e-02	6.879669075233e-01
8.9000000000e-02	6.864509135135e-01
9.0000000000e-02	6.849291682474e-01
9.1000000000e-02	6.834016641185e-01
9.2000000000e-02	6.818683936315e-01
9.3000000000e-02	6.803293494030e-01
9.4000000000e-02	6.787845241626e-01
9.5000000000e-02	6.772339107531e-01
9.6000000000e-02	6.756775021322e-01
9.7000000000e-02	6.741152913724e-01
9.8000000000e-02	6.725472716624e-01
9.9000000000e-02	6.709734363077e-01
1.0000000000e-01	6.693937787313e-01
1.0100000000e-01	6.678082924747e-01
1.0200000000e-01	6.662169711984e-01
1.0300000000e-01	6.646198086828e-01
1.0400000000e-01	6.630167988291e-01
1.0500000000e-01	6.614079356599e-01
1.0600000000e-01	6.597932133199e-01
1.0700000000e-01	6.581726260767e-01
1.0800000000e-01	6.565461683215e-01
1.0900000000e-01	6.549138345700e-01
1.1000000000e-01	6.532756194630e-01
1.1100000000e-01	6.516315177669e-01
1.1200000000e-01	6.499815243747e-01
1.1300000000e-01	6.483256343066e-01
1.1400000000e-01	6.466638427108e-01
1.1500000000e-01	6.449961448638e-01
1.1600000000e-01	6.433225361716e-01
1.1700000000e-01	6.416430121699e-01
1.1800000000e-01	6.399575685250e-01
1.1900000000e-01	6.382662010344e-01
1.2000000000e-01	6.365689056274e-01
1.2100000000e-01	6.348656783660e-01
1.2200000000e-01	6.331565154449e-01
1.2300000000e-01	6.314414131927e-01
1.2400000000e-01	6.297203680722e-01
1.2500000000e-01	6.279933766812e-01
1.2600000000e-01	6.262604357530e-01
1.2700000000e-01	6.245215421566e-01
1.2800000000e-01	6.227766928979e-01
1.2900000000e-01	6.210258851200e-01
1.3000000000e-01	6.192691161034e-01
1.3100000000e-01	6.175063832670e-01
1.3200000000e-01	6.157376841685e-01
1.3300000000e-01	6.139630165047e-01
1.3400000000e-01	6.121823781123e-01
1.3500000000e-01	6.103957669680e-01
1.3600000000e-01	6.086031811896e-01
1.3700000000e-01	6.068046190358e-01
1.3800000000e-01	6.050000789070e-01
1.3900000000e-01	6.031895593458e-01
1.4000000000e-01	6.013730590371e-01
1.4100000000e-01	5.995505768090e-01
1.4200000000e-01	5.977221116329e-01
1.4300000000e-01	5.958876626239e-01
1.4400000000e-01	5.940472290412e-01
1.4500000000e-01	5.922008102886e-01
1.4600000000e-01	5.903484059148e-01
1.4700000000e-01	5.884900156138e-01
1.4800000000e-01	5.866256392249e-01
1.4900000000e-01	5.847552767337e-01
1.5000000000e-01	5.828789282717e-01
1.5100000000e-01	5.809965941170e-01
1.5200000000e-01	5.791082746947e-01
1.5300000000e-01	5.772139705767e-01
1.5400000000e-01	5.753136824825e-01
1.5500000000e-01	5.734074112789e-01
1.5600000000e-01	5.714951579810e-01
1.5700000000e-01	5.695769237515e-01
1.5800000000e-01	5.676527099016e-01
1.5900000000e-01	5.657225178909e-01
1.6000000000e-01	5.637863493279e-01
1.6100000000e-01	5.618442059694e-01
1.6200000000e-01	5.598960897217e-01
1.6300000000e-01	5.579420026401e-01
1.6400000000e-01	5.559819469289e-01
1.6500000000e-01	5.540159249420e-01
1.6600000000e-01	5.520439391829e-01
1.6700000000e-01	5.500659923043e-01
1.6800000000e-01	5.480820871088e-01
1.6900000000e-01	5.460922265486e-01
1.7000000000e-01	5.440964137258e-01
1.7100000000e-01	5.420946518919e-01
1.7200000000e-01	5.400869444486e-01
1.7300000000e-01	5.380732949472e-01
1.7400000000e-01	5.360537070887e-01
1.7500000000e-01	5.340281847239e-01
1.7600000000e-01	5.319967318535e-01
1.7700000000e-01	5.299593526276e-01
1.7800000000e-01	5.279160513460e-01
1.7900000000e-01	5.258668324579e-01
1.8000000000e-01	5.238117005621e-01
1.8100000000e-01	5.217506604063e-01
1.8200000000e-01	5.196837168877e-01
1.8300000000e-01	5.176108750524e-01
1.8400000000e-01	5.155321400953e-01
1.8500000000e-01	5.134475173600e-01
1.8600000000e-01	5.113570123384e-01
1.8700000000e-01	5.092606306710e-01
1.8800000000e-01	5.071583781460e-01
1.8900000000e-01	5.050502606996e-01
1.9000000000e-01	5.029362844156e-01
1.9100000000e-01	5.008164555249e-01
1.9200000000e-01	4.986907804055e-01
1.9300000000e-01	4.965592655822e-01
1.9400000000e-01	4.944219177261e-01
1.9500000000e-01	4.922787436543e-01
1.9600000000e-01	4.901297503298e-01
1.9700000000e-01	4.879749448607e-01
1.9800000000e-01	4.858143345004e-01
1.9900000000e-01	4.836479266467e-01
2.0000000000e-01	4.814757288417e-01
2.0100000000e-01	4.792977487712e-01
2.0200000000e-01	4.771139942643e-01
2.0300000000e-01	4.749244732931e-01
2.0400000000e-01	4.727291939720e-01
2.0500000000e-01	4.705281645576e-01
2.0600000000e-01	4.683213934475e-01
2.0700000000e-01	4.661088891807e-01
2.0800000000e-01	4.638906604362e-01
2.0900000000e-01	4.616667160332e-01
2.1000000000e-01	4.594370649300e-01
2.1100000000e-01	4.572017162237e-01
2.1200000000e-01	4.549606791494e-01
2.1300000000e-01	4.527139630800e-01
2.1400000000e-01	4.504615775252e-01
2.1500000000e-01	4.482035321309e-01
2.1600000000e-01	4.459398366786e-01
2.1700000000e-01	4.436705010850e-01
2.1800000000e-01	4.413955354010e-01
2.1900000000e-01	4.391149498110e-01
2.2000000000e-01	4.368287546324e-01
2.2100000000e-01	4.345369603147e-01
2.2200000000e-01	4.322395774389e-01
2.2300000000e-01	4.299366167167e-01
2.2400000000e-01	4.276280889895e-01
2.2500000000e-01	4.253140052282e-01
2.2600000000e-01	4.229943765317e-01
2.2700000000e-01	4.206692141266e-01
2.2800000000e-01	4.183385293662e-01
2.2900000000e-01	4.160023337297e-01
2.3000000000e-01	4.136606388210e-01
2.3100000000e-01	4.113134563687e-01
2.3200000000e-01	4.089607982241e-01
2.3300000000e-01	4.066026763612e-01
2.3400000000e-01	4.042391028754e-01
2.3500000000e-01	4.018700899826e-01
2.3600000000e-01	3.994956500183e-01
2.3700000000e-01	3.971157954367e-01
2.3800000000e-01	3.947305388096e-01
2.3900000000e-01	3.923398928257e-01
2.4000000000e-01	3.899438702891e-01
2.4100000000e-01	3.875424841190e-01
2.4200000000e-01	3.851357473479e-01
2.4300000000e-01	3.827236731214e-01
2.4400000000e-01	3.803062746964e-01
2.4500000000e-01	3.778835654404e-01
2.4600000000e-01	3.754555588307e-01
2.4700000000e-01	3.730222684528e-01
2.4800000000e-01	3.705837079995e-01
2.4900000000e-01	3.681398912699e-01
2.5000000000e-01	3.656908321683e-01
2.5100000000e-01	3.632365447029e-01
2.5200000000e-01	3.607770429847e-01
2.5300000000e-01	3.583123412265e-01
2.5400000000e-01	3.558424537416e-01
2.5500000000e-01	3.533673949427e-01
2.5600000000e-01	3.508871793406e-01
2.5700000000e-01	3.484018215431e-01
2.5800000000e-01	3.459113362537e-01
2.5900000000e-01	3.434157382705e-01
2.6000000000e-01	3.409150424850e-01
2.6100000000e-01	3.384092638807e-01
2.6200000000e-01	3.358984175318e-01
2.6300000000e-01	3.333825186022e-01
2.6400000000e-01	3.308615823441e-01
2.6500000000e-01	3.283356240967e-01
2.6600000000e-01	3.258046592847e-01
2.6700000000e-01	3.232687034174e-01
2.6800000000e-01	3.207277720872e-01
2.6900000000e-01	3.181818809682e-01
2.7000000000e-01	3.156310458150e-01
2.7100000000e-01	3.130752824612e-01
2.7200000000e-01	3.105146068183e-01
2.7300000000e-01	3.079490348739e-01
2.7400000000e-01	3.053785826911e-01
2.7500000000e-01	3.028032664061e-01
2.7600000000e-01	3.002231022279e-01
2.7700000000e-01	2.976381064358e-01
2.7800000000e-01	2.950482953792e-01
2.7900000000e-01	2.924536854749e-01
2.8000000000e-01	2.898542932070e-01
2.8100000000e-01	2.872501351243e-01
2.8200000000e-01	2.846412278396e-01
2.8300000000e-01	2.820275880282e-01
2.8400000000e-01	2.794092324260e-01
2.8500000000e-01	2.767861778285e-01
2.8600000000e-01	2.741584410892e-01
2.8700000000e-01	2.715260391183e-01
2.8800000000e-01	2.688889888806e-01
2.8900000000e-01	2.662473073950e-01
2.9000000000e-01	2.636010117321e-01
2.9100000000e-01	2.609501190134e-01
2.9200000000e-01	2.582946464091e-01
2.9300000000e-01	2.556346111375e-01
2.9400000000e-01	2.529700304627e-01
2.9500000000e-01	2.503009216934e-01
2.9600000000e-01	2.476273021814e-01
2.9700000000e-01	2.449491893200e-01
2.9800000000e-01	2.422666005427e-01
2.9900000000e-01	2.395795533212e-01
3.0000000000e-01	2.368880651644e-01
3.0100000000e-01	2.341921536164e-01
3.0200000000e-01	2.314918362553e-01
3.0300000000e-01	2.287871306915e-01
3.0400000000e-01	2.260780545661e-01
3.0500000000e-01	2.233646255495e-01
3.0600000000e-01	2.206468613397e-01
3.0700000000e-01	2.179247796607e-01
3.0800000000e-01	2.151983982611e-01
3.0900000000e-01	2.124677349125e-01
3.1000000000e-01	2.097328074078e-01
3.1100000000e-01	2.069936335598e-01
3.1200000000e-01	2.042502311994e-01
3.1300000000e-01	2.015026181743e-01
3.1400000000e-01	1.987508123472e-01
3.1500000000e-01	1.959948315943e-01
3.1600000000e-01	1.932346938037e-01
3.1700000000e-01	1.904704168739e-01
3.1800000000e-01	1.877020187120e-01
3.1900000000e-01	1.849295172324e-01
3.2000000000e-01	1.821529303551e-01
3.2100000000e-01	1.793722760039e-01
3.2200000000e-01	1.765875721051e-01
3.2300000000e-01	1.737988365858e-01
3.2400000000e-01	1.710060873723e-01
3.2500000000e-01	1.682093423885e-01
3.2600000000e-01	1.654086195544e-01
3.2700000000e-01	1.626039367843e-01
3.2800000000e-01	1.597953119854e-01
3.2900000000e-01	1.569827630564e-01
3.3000000000e-01	1.541663078852e-01
3.3100000000e-01	1.513459643482e-01
3.3200000000e-01	1.485217503081e-01
3.3300000000e-01	1.456936836125e-01
3.3400000000e-01	1.428617820925e-01
3.3500000000e-01	1.400260635605e-01
3.3600000000e-01	1.371865458097e-01
3.3700000000e-01	1.343432466112e-01
3.3800000000e-01	1.314961837137e-01
3.3900000000e-01	1.286453748408e-01
3.4000000000e-01	1.257908376903e-01
3.4100000000e-01	1.229325899322e-01
3.4200000000e-01	1.200706492070e-01
3.4300000000e-01	1.172050331245e-01
3.4400000000e-01	1.143357592621e-01
3.4500000000e-01	1.114628451630e-01
3.4600000000e-01	1.085863083351e-01
3.4700000000e-01	1.057061662490e-01
3.4800000000e-01	1.028224363366e-01
3.4900000000e-01	9.993513598970e-02
3.5000000000e-01	9.704428255827e-02
3.5100000000e-01	9.414989334895e-02
3.5200000000e-01	9.125198562352e-02
3.5300000000e-01	8.835057659739e-02
3.5400000000e-01	8.544568343800e-02
3.5500000000e-01	8.253732326336e-02
3.5600000000e-01	7.962551314048e-02
3.5700000000e-01	7.671027008384e-02
3.5800000000e-01	7.379161105393e-02
3.5900000000e-01	7.086955295568e-02
3.6000000000e-01	6.794411263696e-02
3.6100000000e-01	6.501530688710e-02
3.6200000000e-01	6.208315243538e-02
3.6300000000e-01	5.914766594951e-02
3.6400000000e-01	5.620886403417e-02
3.6500000000e-01	5.326676322951e-02
3.6600000000e-01	5.032138000968e-02
3.6700000000e-01	4.737273078135e-02
3.6800000000e-01	4.442083188221e-02
3.6900000000e-01	4.146569957955e-02
3.7000000000e-01	3.850735006879e-02
3.7100000000e-01	3.554579947200e-02
3.7200000000e-01	3.258106383645e-02
3.7300000000e-01	2.961315913322e-02
3.7400000000e-01	2.664210125570e-02
3.7500000000e-01	2.366790601817e-02
3.7600000000e-01	2.069058915440e-02
3.7700000000e-01	1.771016631621e-02
3.7800000000e-01	1.472665307205e-02
3.7900000000e-01	1.174006490560e-02
3.8000000000e-01	8.750417214353e-03
3.8100000000e-01	5.757725308238e-03
3.8200000000e-01	2.762004408209e-03
3.8300000000e-01	-2.367303551316e-04
3.8400000000e-01	-3.238463942916e-03
3.8500000000e-01	-6.243181409382e-03
3.8600000000e-01	-9.250867903244e-03
3.8700000000e-01	-1.226150866905e-02
3.8800000000e-01	-1.527508904854e-02
3.8900000000e-01	-1.829159448200e-02
3.9000000000e-01	-2.131101050958e-02
3.9100000000e-01	-2.433332277266e-02
3.9200000000e-01	-2.735851701516e-02
3.9300000000e-01	-3.038657908489e-02
3.9400000000e-01	-3.341749493482e-02
3.9500000000e-01	-3.645125062443e-02
3.9600000000e-01	-3.948783232101e-02
3.9700000000e-01	-4.252722630092e-02
3.9800000000e-01	-4.556941895094e-02
3.9900000000e-01	-4.861439676951e-02
4.0000000000e-01	-5.166214636802e-02
4.0100000000e-01	-5.471265447208e-02
4.0200000000e-01	-5.776590792280e-02
4.0300000000e-01	-6.082189367802e-02
4.0400000000e-01	-6.388059881359e-02
4.0500000000e-01	-6.694201052460e-02
4.0600000000e-01	-7.000611612661e-02
4.0700000000e-01	-7.307290305693e-02
4.0800000000e-01	-7.614235887576e-02
4.0900000000e-01	-7.921447126749e-02
4.1000000000e-01	-8.228922804189e-02
4.1100000000e-01	-8.536661713529e-02
4.1200000000e-01	-8.844662661181e-02
4.1300000000e-01	-9.152924466453e-02
4.1400000000e-01	-9.461445961672e-02
4.1500000000e-01	-9.770225992297e-02
4.1600000000e-01	-1.007926341704e-01
4.1700000000e-01	-1.038855710798e-01
4.1800000000e-01	-1.069810595068e-01
4.1900000000e-01	-1.100790884431e-01
4.2000000000e-01	-1.131796470174e-01
4.2100000000e-01	-1.162827244970e-01
4.2200000000e-01	-1.193883102883e-01
4.2300000000e-01	-1.224963939385e-01
4.2400000000e-01	-1.256069651364e-01
4.2500000000e-01	-1.287200137136e-01
4.2600000000e-01	-1.318355296457e-01
4.2700000000e-01	-1.349535030533e-01
4.2800000000e-01	-1.380739242032e-01
4.2900000000e-01	-1.411967835094e-01
4.3000000000e-01	-1.443220715341e-01
4.3100000000e-01	-1.474497789892e-01
4.3200000000e-01	-1.505798967370e-01
4.3300000000e-01	-1.537124157912e-01
4.3400000000e-01	-1.568473273184e-01
4.3500000000e-01	-1.599846226387e-01
4.3600000000e-01	-1.631242932272e-01
4.3700000000e-01	-1.662663307146e-01
4.3800000000e-01	-1.694107268887e-01
4.3900000000e-01	-1.725574736951e-01
4.4000000000e-01	-1.757065632383e-01
4.4100000000e-01	-1.788579877830e-01
4.4200000000e-01	-1.820117397548e-01
4.4300000000e-01	-1.851678117414e-01
4.4400000000e-01	-1.883261964936e-01
4.4500000000e-01	-1.914868869262e-01
4.4600000000e-01	-1.946498761193e-01
4.4700000000e-01	-1.978151573190e-01
4.4800000000e-01	-2.009827239385e-01
4.4900000000e-01	-2.041525695593e-01
4.5000000000e-01	-2.073246879320e-01
4.5100000000e-01	-2.104990729771e-01
4.5200000000e-01	-2.136757187865e-01
4.5300000000e-01	-2.168546196241e-01
4.5400000000e-01	-2.200357699268e-01
4.5500000000e-01	-2.232191643059e-01
4.5600000000e-01	-2.264047975474e-01
4.5700000000e-01	-2.295926646134e-01
4.5800000000e-01	-2.327827606432e-01
4.5900000000e-01	-2.359750809539e-01
4.6000000000e-01	-2.391696210416e-01
4.6100000000e-01	-2.423663765823e-01
4.6200000000e-01	-2.455653434329e-01
4.6300000000e-01	-2.487665176320e-01
4.6400000000e-01	-2.519698954012e-01
4.6500000000e-01	-2.551754731457e-01
4.6600000000e-01	-2.583832474554e-01
4.6700000000e-01	-2.615932151061e-01
4.6800000000e-01	-2.648053730598e-01
4.6900000000e-01	-2.680197184664e-01
4.7000000000e-01	-2.712362486642e-01
4.7100000000e-01	-2.744549611810e-01
4.7200000000e-01	-2.776758537348e-01
4.7300000000e-01	-2.808989242354e-01
4.7400000000e-01	-2.841241707844e-01
4.7500000000e-01	-2.873515916771e-01
4.7600000000e-01	-2.905811854027e-01
4.7700000000e-01	-2.938129506457e-01
4.7800000000e-01	-2.970468862866e-01
4.7900000000e-01	-3.002829914031e-01
4.8000000000e-01	-3.035212652707e-01
4.8100000000e-01	-3.067617073641e-01
4.8200000000e-01	-3.100043173577e-01
4.8300000000e-01	-3.132490951267e-01
4.8400000000e-01	-3.164960407483e-01
4.8500000000e-01	-3.197451545024e-01
4.8600000000e-01	-3.229964368725e-01
4.8700000000e-01	-3.262498885469e-01
4.8800000000e-01	-3.295055104195e-01
4.8900000000e-01	-3.327633035907e-01
4.9000000000e-01	-3.360232693687e-01
4.9100000000e-01	-3.392854092699e-01
4.9200000000e-01	-3.425497250205e-01
4.9300000000e-01	-3.458162185571e-01
4.9400000000e-01	-3.490848920276e-01
4.9500000000e-01	-3.523557477925e-01
4.9600000000e-01	-3.556287884256e-01
4.9700000000e-01	-3.589040167153e-01
4.9800000000e-01	-3.621814356652e-01
4.9900000000e-01	-3.654610484953e-01
5.0000000000e-01	-3.687428586432e-01
5.0100000000e-01	-3.720268697647e-01
5.0200000000e-01	-3.753130857352e-01
5.0300000000e-01	-3.786015106504e-01
5.0400000000e-01	-3.818921488274e-01
5.0500000000e-01	-3.851850048060e-01
5.0600000000e-01	-3.884800833493e-01
5.0700000000e-01	-3.917773894453e-01
5.0800000000e-01	-3.950769283071e-01
5.0900000000e-01	-3.983787053750e-01
5.1000000000e-01	-4.016827263167e-01
5.1100000000e-01	-4.049889970287e-01
5.1200000000e-01	-4.082975236376e-01
5.1300000000e-01	-4.116083125007e-01
5.1400000000e-01	-4.149213702075e-01
5.1500000000e-01	-4.182367035807e-01
5.1600000000e-01	-4.215543196770e-01
5.1700000000e-01	-4.248742257888e-01
5.1800000000e-01	-4.281964294448e-01
5.1900000000e-01	-4.315209384113e-01
5.2000000000e-01	-4.348477606936e-01
5.2100000000e-01	-4.381769045368e-01
5.2200000000e-01	-4.415083784271e-01
5.2300000000e-01	-4.448421910930e-01
5.2400000000e-01	-4.481783515065e-01
5.2500000000e-01	-4.515168688843e-01
5.2600000000e-01	-4.548577526889e-01
5.2700000000e-01	-4.582010126299e-01
5.2800000000e-01	-4.615466586654e-01
5.2900000000e-01	-4.648947010028e-01
5.3000000000e-01	-4.682451501007e-01
5.3100000000e-01	-4.715980166695e-01
5.3200000000e-01	-4.749533116732e-01
5.3300000000e-01	-4.783110463303e-01
5.3400000000e-01	-4.816712321156e-01
5.3500000000e-01	-4.850338807610e-01
5.3600000000e-01	-4.883990042573e-01
5.3700000000e-01	-4.917666148550e-01
5.3800000000e-01	-4.951367250663e-01
5.3900000000e-01	-4.985093476662e-01
5.4000000000e-01	-5.018844956938e-01
5.4100000000e-01	-5.052621824538e-01
5.4200000000e-01	-5.086424215181e-01
5.4300000000e-01	-5.120252267269e-01
5.4400000000e-01	-5.154106121907e-01
5.4500000000e-01	-5.187985922911e-01
5.4600000000e-01	-5.221891816831e-01
5.4700000000e-01	-5.255823952959e-01
5.4800000000e-01	-5.289782483349e-01
5.4900000000e-01	-5.323767562830e-01
5.5000000000e-01	-5.357779349026e-01
5.5100000000e-01	-5.391818002365e-01
5.5200000000e-01	-5.425883686103e-01
5.5300000000e-01	-5.459976566335e-01
5.5400000000e-01	-5.494096812015e-01
5.5500000000e-01	-5.528244594969e-01
5.5600000000e-01	-5.562420089918e-01
5.5700000000e-01	-5.596623474489e-01
5.5800000000e-01	-5.630854929238e-01
5.5900000000e-01	-5.665114637663e-01
5.6000000000e-01	-5.699402786227e-01
5.6100000000e-01	-5.733719564372e-01
5.6200000000e-01	-5.768065164539e-01
5.6300000000e-01	-5.802439782189e-01
5.6400000000e-01	-5.836843615820e-01
5.6500000000e-01	-5.871276866986e-01
5.6600000000e-01	-5.905739740316e-01
5.6700000000e-01	-5.940232443538e-01
5.6800000000e-01	-5.974755187495e-01
5.6900000000e-01	-6.009308186166e-01
5.7000000000e-01	-6.043891656689e-01
5.7100000000e-01	-6.078505819380e-01
5.7200000000e-01	-6.113150897755e-01
5.7300000000e-01	-6.147827118552e-01
5.7400000000e-01	-6.182534711753e-01
5.7500000000e-01	-6.217273910605e-01
5.7600000000e-01	-6.252044951645e-01
5.7700000000e-01	-6.286848074721e-01
5.7800000000e-01	-6.321683523014e-01
5.7900000000e-01	-6.356551543068e-01
5.8000000000e-01	-6.391452384806e-01
5.8100000000e-01	-6.426386301558e-01
5.8200000000e-01	-6.461353550088e-01
5.8300000000e-01	-6.496354390616e-01
5.8400000000e-01	-6.531389086842e-01
5.8500000000e-01	-6.566457905977e-01
5.8600000000e-01	-6.601561118764e-01
5.8700000000e-01	-6.636698999510e-01
5.8800000000e-01	-6.671871826106e-01
5.8900000000e-01	-6.707079880062e-01
5.9000000000e-01	-6.742323446530e-01
5.9100000000e-01	-6.777602814332e-01
5.9200000000e-01	-6.812918275994e-01
5.9300000000e-01	-6.848270127769e-01
5.9400000000e-01	-6.883658669669e-01
5.9500000000e-01	-6.919084205497e-01
5.9600000000e-01	-6.954547042874e-01
5.9700000000e-01	-6.990047493273e-01
5.9800000000e-01	-7.025585872050e-01
5.9900000000e-01	-7.061162498473e-01
6.0000000000e-01	-7.096777695760e-01
6.0100000000e-01	-7.132431791105e-01
6.0200000000e-01	-7.168125115720e-01
6.0300000000e-01	-7.203858004860e-01
6.0400000000e-01	-7.239630797865e-01
6.0500000000e-01	-7.275443838191e-01
6.0600000000e-01	-7.311297473447e-01
6.0700000000e-01	-7.347192055430e-01
6.0800000000e-01	-7.383127940166e-01
6.0900000000e-01	-7.419105487941e-01
6.1000000000e-01	-7.455125063343e-01
6.1100000000e-01	-7.491187035302e-01
6.1200000000e-01	-7.527291777125e-01
6.1300000000e-01	-7.563439666539e-01
6.1400000000e-01	-7.599631085730e-01
6.1500000000e-01	-7.635866421385e-01
6.1600000000e-01	-7.672146064734e-01
6.1700000000e-01	-7.708470411591e-01
6.1800000000e-01	-7.744839862399e-01
6.1900000000e-01	-7.781254822271e-01
6.2000000000e-01	-7.817715701040e-01
6.2100000000e-01	-7.854222913299e-01
6.2200000000e-01	-7.890776878448e-01
6.2300000000e-01	-7.927378020744e-01
6.2400000000e-01	-7.964026769344e-01
6.2500000000e-01	-8.000723558357e-01
6.2600000000e-01	-8.037468826892e-01
6.2700000000e-01	-8.074263019107e-01
6.2800000000e-01	-8.111106584261e-01
6.2900000000e-01	-8.147999976764e-01
6.3000000000e-01	-8.184943656231e-01
6.3100000000e-01	-8.221938087536e-01
6.3200000000e-01	-8.258983740864e-01
6.3300000000e-01	-8.296081091766e-01
6.3400000000e-01	-8.333230621217e-01
6.3500000000e-01	-8.370432815674e-01
6.3600000000e-01	-8.407688167128e-01
6.3700000000e-01	-8.444997173171e-01
6.3800000000e-01	-8.482360337048e-01
6.3900000000e-01	-8.519778167723e-01
6.4000000000e-01	-8.557251179940e-01
6.4100000000e-01	-8.594779894284e-01
6.4200000000e-01	-8.632364837247e-01
6.4300000000e-01	-8.670006541292e-01
6.4400000000e-01	-8.707705544920e-01
6.4500000000e-01	-8.745462392735e-01
6.4600000000e-01	-8.783277635515e-01
6.4700000000e-01	-8.821151830283e-01
6.4800000000e-01	-8.859085540372e-01
6.4900000000e-01	-8.897079335501e-01
6.5000000000e-01	-8.935133791850e-01
6.5100000000e-01	-8.973249492130e-01
6.5200000000e-01	-9.011427025661e-01
6.5300000000e-01	-9.049666988451e-01
6.5400000000e-01	-9.087969983268e-01
6.5500000000e-01	-9.126336619729e-01
6.5600000000e-01	-9.164767514373e-01
6.5700000000e-01	-9.203263290748e-01
6.5800000000e-01	-9.241824579493e-01
6.5900000000e-01	-9.280452018425e-01
6.6000000000e-01	-9.319146252623e-01
6.6100000000e-01	-9.357907934521e-01
6.6200000000e-01	-9.396737723995e-01
6.6300000000e-01	-9.435636288453e-01
6.6400000000e-01	-9.474604302932e-01
6.6500000000e-01	-9.513642450191e-01
6.6600000000e-01	-9.552751420809e-01
6.6700000000e-01	-9.591931913278e-01
6.6800000000e-01	-9.631184634111e-01
6.6900000000e-01	-9.670510297937e-01
6.7000000000e-01	-9.709909627609e-01
6.7100000000e-01	-9.749383354306e-01
6.7200000000e-01	-9.788932217644e-01
6.7300000000e-01	-9.828556965782e-01
6.7400000000e-01	-9.868258355535e-01
6.7500000000e-01	-9.908037152486e-01
6.7600000000e-01	-9.947894131104e-01
6.7700000000e-01	-9.987830074859e-01
6.7800000000e-01	-1.002784577634e+00
6.7900000000e-01	-1.006794203738e+00
6.8000000000e-01	-1.010811966918e+00
6.8100000000e-01	-1.014837949244e+00
6.8200000000e-01	-1.018872233747e+00
6.8300000000e-01	-1.022914904433e+00
6.8400000000e-01	-1.026966046299e+00
6.8500000000e-01	-1.031025745341e+00
6.8600000000e-01	-1.035094088573e+00
6.8700000000e-01	-1.039171164040e+00
6.8800000000e-01	-1.043257060828e+00
6.8900000000e-01	-1.047351869086e+00
6.9000000000e-01	-1.051455680035e+00
6.9100000000e-01	-1.055568585985e+00
6.9200000000e-01	-1.059690680351e+00
6.9300000000e-01	-1.063822057669e+00
6.9400000000e-01	-1.067962813611e+00
6.9500000000e-01	-1.072113045001e+00
6.9600000000e-01	-1.076272849835e+00
6.9700000000e-01	-1.080442327292e+00
6.9800000000e-01	-1.084621577759e+00
6.9900000000e-01	-1.088810702842e+00
7.0000000000e-01	-1.093009805385e+00
7.0100000000e-01	-1.097218989495e+00
7.0200000000e-01	-1.101438360549e+00
7.0300000000e-01	-1.105668025226e+00
7.0400000000e-01	-1.109908091516e+00
7.0500000000e-01	-1.114158668746e+00
7.0600000000e-01	-1.118419867597e+00
7.0700000000e-01	-1.122691800127e+00
7.0800000000e-01	-1.126974579790e+00
7.0900000000e-01	-1.131268321458e+00
7.1000000000e-01	-1.135573141444e+00
7.1100000000e-01	-1.139889157524e+00
7.1200000000e-01	-1.144216488958e+00
7.1300000000e-01	-1.148555256516e+00
7.1400000000e-01	-1.152905582499e+00
7.1500000000e-01	-1.157267590763e+00
7.1600000000e-01	-1.161641406750e+00
7.1700000000e-01	-1.166027157502e+00
7.1800000000e-01	-1.170424971697e+00
7.1900000000e-01	-1.174834979671e+00
7.2000000000e-01	-1.179257313443e+00
7.2100000000e-01	-1.183692106745e+00
7.2200000000e-01	-1.188139495049e+00
7.2300000000e-01	-1.192599615596e+00
7.2400000000e-01	-1.197072607423e+00
7.2500000000e-01	-1.201558611397e+00
7.2600000000e-01	-1.206057770241e+00
7.2700000000e-01	-1.210570228564e+00
7.2800000000e-01	-1.215096132899e+00
7.2900000000e-01	-1.219635631729e+00
7.3000000000e-01	-1.224188875522e+00
7.3100000000e-01	-1.228756016765e+00
7.3200000000e-01	-1.233337210000e+00
7.3300000000e-01	-1.237932611855e+00
7.3400000000e-01	-1.242542381082e+00
7.3500000000e-01	-1.247166678595e+00
7.3600000000e-01	-1.251805667505e+00
7.3700000000e-01	-1.256459513162e+00
7.3800000000e-01	-1.261128383188e+00
7.3900000000e-01	-1.265812447522e+00
7.4000000000e-01	-1.270511878461e+00
7.4100000000e-01	-1.275226850697e+00
7.4200000000e-01	-1.279957541365e+00
7.4300000000e-01	-1.284704130084e+00
7.4400000000e-01	-1.289466799002e+00
7.4500000000e-01	-1.294245732840e+00
7.4600000000e-01	-1.299041118944e+00
7.4700000000e-01	-1.303853147324e+00
7.4800000000e-01	-1.308682010713e+00
7.4900000000e-01	-1.313527904608e+00
7.5000000000e-01	-1.318391027327e+00
7.5100000000e-01	-1.323271580059e+00
7.5200000000e-01	-1.328169766915e+00
7.5300000000e-01	-1.333085794989e+00
7.5400000000e-01	-1.338019874407e+00
7.5500000000e-01	-1.342972218391e+00
7.5600000000e-01	-1.347943043311e+00
7.5700000000e-01	-1.352932568750e+00
7.5800000000e-01	-1.357941017564e+00
7.5900000000e-01	-1.362968615943e+00
7.6000000000e-01	-1.368015593479e+00
7.6100000000e-01	-1.373082183230e+00
7.6200000000e-01	-1.378168621787e+00
7.6300000000e-01	-1.383275149344e+00
7.6400000000e-01	-1.388402009770e+00
7.6500000000e-01	-1.393549450680e+00
7.6600000000e-01	-1.398717723509e+00
7.6700000000e-01	-1.403907083591e+00
7.6800000000e-01	-1.409117790235e+00
7.6900000000e-01	-1.414350106806e+00
7.7000000000e-01	-1.419604300806e+00
7.7100000000e-01	-1.424880643959e+00
7.7200000000e-01	-1.430179412300e+00
7.7300000000e-01	-1.435500886257e+00
7.7400000000e-01	-1.440845350749e+00
7.7500000000e-01	-1.446213095273e+00
7.7600000000e-01	-1.451604414005e+00
7.7700000000e-01	-1.457019605893e+00
7.7800000000e-01	-1.462458974761e+00
7.7900000000e-01	-1.467922829412e+00
7.8000000000e-01	-1.473411483730e+00
7.8100000000e-01	-1.478925256794e+00
7.8200000000e-01	-1.484464472985e+00
7.8300000000e-01	-1.490029462105e+00
7.8400000000e-01	-1.495620559488e+00
7.8500000000e-01	-1.501238106128e+00
7.8600000000e-01	-1.506882448797e+00
7.8700000000e-01	-1.512553940178e+00
7.8800000000e-01	-1.518252938989e+00
7.8900000000e-01	-1.523979810123e+00
7.9000000000e-01	-1.529734924783e+00
7.9100000000e-01	-1.535518660625e+00
7.9200000000e-01	-1.541331401904e+00
7.9300000000e-01	-1.547173539622e+00
7.9400000000e-01	-1.553045471686e+00
7.9500000000e-01	-1.558947603060e+00
7.9600000000e-01	-1.564880345936e+00
7.9700000000e-01	-1.570844119893e+00
7.9800000000e-01	-1.576839352077e+00
7.9900000000e-01	-1.582866477373e+00
8.0000000000e-01	-1.588925938590e+00
8.0100000000e-01	-1.595018186646e+00
8.0200000000e-01	-1.601143680767e+00
8.0300000000e-01	-1.607302888678e+00
8.0400000000e-01	-1.613496286814e+00
8.0500000000e-01	-1.619724360529e+00
8.0600000000e-01	-1.625987604310e+00
8.0700000000e-01	-1.632286522008e+00
8.0800000000e-01	-1.638621627060e+00
8.0900000000e-01	-1.644993442732e+00
8.1000000000e-01	-1.651402502361e+00
8.1100000000e-01	-1.657849349609e+00
8.1200000000e-01	-1.664334538722e+00
8.1300000000e-01	-1.670858634798e+00
8.1400000000e-01	-1.677422214063e+00
8.1500000000e-01	-1.684025864158e+00
8.1600000000e-01	-1.690670184430e+00
8.1700000000e-01	-1.697355786238e+00
8.1800000000e-01	-1.704083293266e+00
8.1900000000e-01	-1.710853341844e+00
8.2000000000e-01	-1.717666581284e+00
8.2100000000e-01	-1.724523674223e+00
8.2200000000e-01	-1.731425296979e+00
8.2300000000e-01	-1.738372139920e+00
8.2400000000e-01	-1.745364907842e+00
8.2500000000e-01	-1.752404320361e+00
8.2600000000e-01	-1.759491112318e+00
8.2700000000e-01	-1.766626034201e+00
8.2800000000e-01	-1.773809852575e+00
8.2900000000e-01	-1.781043350533e+00
8.3000000000e-01	-1.788327328156e+00
8.3100000000e-01	-1.795662602994e+00
8.3200000000e-01	-1.803050010564e+00
8.3300000000e-01	-1.810490404861e+00
8.3400000000e-01	-1.817984658890e+00
8.3500000000e-01	-1.825533665218e+00
8.3600000000e-01	-1.833138336542e+00
8.3700000000e-01	-1.840799606280e+00
8.3800000000e-01	-1.848518429184e+00
8.3900000000e-01	-1.856295781974e+00
8.4000000000e-01	-1.864132663992e+00
8.4100000000e-01	-1.872030097889e+00
8.4200000000e-01	-1.879989130329e+00
8.4300000000e-01	-1.888010832720e+00
8.4400000000e-01	-1.896096301981e+00
8.4500000000e-01	-1.904246661325e+00
8.4600000000e-01	-1.912463061083e+00
8.4700000000e-01	-1.920746679555e+00
8.4800000000e-01	-1.929098723892e+00
8.4900000000e-01	-1.937520431018e+00
8.5000000000e-01	-1.946013068582e+00
8.5100000000e-01	-1.954577935952e+00
8.5200000000e-01	-1.963216365246e+00
8.5300000000e-01	-1.971929722407e+00
8.5400000000e-01	-1.980719408318e+00
8.5500000000e-01	-1.989586859966e+00
8.5600000000e-01	-1.998533551650e+00
8.5700000000e-01	-2.007560996243e+00
8.5800000000e-01	-2.016670746502e+00
8.5900000000e-01	-2.025864396437e+00
8.6000000000e-01	-2.035143582735e+00
8.6100000000e-01	-2.044509986247e+00
8.6200000000e-01	-2.053965333536e+00
8.6300000000e-01	-2.063511398497e+00
8.6400000000e-01	-2.073150004038e+00
8.6500000000e-01	-2.082883023847e+00
8.6600000000e-01	-2.092712384230e+00
8.6700000000e-01	-2.102640066028e+00
8.6800000000e-01	-2.112668106634e+00
8.6900000000e-01	-2.122798602080e+00
8.7000000000e-01	-2.133033709245e+00
8.7100000000e-01	-2.143375648142e+00
8.7200000000e-01	-2.153826704324e+00
8.7300000000e-01	-2.164389231405e+00
8.7400000000e-01	-2.175065653689e+00
8.7500000000e-01	-2.185858468935e+00
8.7600000000e-01	-2.196770251250e+00
8.7700000000e-01	-2.207803654127e+00
8.7800000000e-01	-2.218961413625e+00
8.7900000000e-01	-2.230246351715e+00
8.8000000000e-01	-2.241661379785e+00
8.8100000000e-01	-2.253209502328e+00
8.8200000000e-01	-2.264893820815e+00
8.8300000000e-01	-2.276717537764e+00
8.8400000000e-01	-2.288683961028e+00
8.8500000000e-01	-2.300796508295e+00
8.8600000000e-01	-2.313058711842e+00
8.8700000000e-01	-2.325474223525e+00
8.8800000000e-01	-2.338046820051e+00
8.8900000000e-01	-2.350780408533e+00
8.9000000000e-01	-2.363679032345e+00
8.9100000000e-01	-2.376746877309e+00
8.9200000000e-01	-2.389988278227e+00
8.9300000000e-01	-2.403407725781e+00
8.9400000000e-01	-2.417009873829e+00
8.9500000000e-01	-2.430799547121e+00
8.9600000000e-01	-2.444781749474e+00
8.9700000000e-01	-2.458961672416e+00
8.9800000000e-01	-2.473344704362e+00
8.9900000000e-01	-2.487936440332e+00
9.0000000000e-01	-2.502742692264e+00
9.0100000000e-01	-2.517769499976e+00
9.0200000000e-01	-2.533023142790e+00
9.0300000000e-01	-2.548510151915e+00
9.0400000000e-01	-2.564237323599e+00
9.0500000000e-01	-2.580211733147e+00
9.0600000000e-01	-2.596440749852e+00
9.0700000000e-01	-2.612932052904e+00
9.0800000000e-01	-2.629693648383e+00
9.0900000000e-01	-2.646733887391e+00
9.1000000000e-01	-2.664061485434e+00
9.1100000000e-01	-2.681685543152e+00
9.1200000000e-01	-2.699615568512e+00
9.1300000000e-01	-2.717861500575e+00
9.1400000000e-01	-2.736433734998e+00
9.1500000000e-01	-2.755343151386e+00
9.1600000000e-01	-2.774601142689e+00
9.1700000000e-01	-2.794219646806e+00
9.1800000000e-01	-2.814211180597e+00
9.1900000000e-01	-2.834588876539e+00
9.2000000000e-01	-2.855366522245e+00
9.2100000000e-01	-2.876558603143e+00
9.2200000000e-01	-2.898180348594e+00
9.2300000000e-01	-2.920247781799e+00
9.2400000000e-01	-2.942777773858e+00
9.2500000000e-01	-2.965788102398e+00
9.2600000000e-01	-2.989297515238e+00
9.2700000000e-01	-3.013325799603e+00
9.2800000000e-01	-3.037893857480e+00
9.2900000000e-01	-3.063023787747e+00
9.3000000000e-01	-3.088738975845e+00
9.3100000000e-01	-3.115064191778e+00
9.3200000000e-01	-3.142025697421e+00
9.3300000000e-01	-3.169651364150e+00
9.3400000000e-01	-3.197970802035e+00
9.3500000000e-01	-3.227015501927e+00
9.3600000000e-01	-3.256818992005e+00
9.3700000000e-01	-3.287417010563e+00
9.3800000000e-01	-3.318847697042e+00
9.3900000000e-01	-3.351151803657e+00
9.4000000000e-01	-3.384372930272e+00
9.4100000000e-01	-3.418557785619e+00
9.4200000000e-01	-3.453756478421e+00
9.4300000000e-01	-3.490022842550e+00
9.4400000000e-01	-3.527414801024e+00
9.4500000000e-01	-3.565994774453e+00
9.4600000000e-01	-3.605830140494e+00
9.4700000000e-01	-3.646993752015e+00
9.4800000000e-01	-3.689564523055e+00
9.4900000000e-01	-3.733628093303e+00
9.5000000000e-01	-3.779277583867e+00
9.5100000000e-01	-3.826614459517e+00
9.5200000000e-01	-3.875749515604e+00
9.5300000000e-01	-3.926804011545e+00
9.5400000000e-01	-3.979910977300e+00
9.5500000000e-01	-4.035216724963e+00
9.5600000000e-01	-4.092882604611e+00
9.5700000000e-01	-4.153087052519e+00
9.5800000000e-01	-4.216027991036e+00
9.5900000000e-01	-4.281925653819e+00
9.6000000000e-01	-4.351025928475e+00
9.6100000000e-01	-4.423604332502e+00
9.6200000000e-01	-4.499970769365e+00
9.6300000000e-01	-4.580475252375e+00
9.6400000000e-01	-4.665514838054e+00
9.6500000000e-01	-4.755542083159e+00
9.6600000000e-01	-4.851075437589e+00
9.6700000000e-01	-4.952712119728e+00
9.6800000000e-01	-5.061144206906e+00
9.6900000000e-01	-5.177178935077e+00
9.7000000000e-01	-5.301764574266e+00
9.7100000000e-01	-5.436023785238e+00
9.7200000000e-01	-5.581297155976e+00
9.7300000000e-01	-5.739200806010e+00
9.7400000000e-01	-5.911703767349e+00
9.7500000000e-01	-6.101233702422e+00
9.7600000000e-01	-6.310824101062e+00
9.7700000000e-01	-6.544323673664e+00
9.7800000000e-01	-6.806701594727e+00
9.7900000000e-01	-7.104505179302e+00
9.8000000000e-01	-7.446568983760e+00
9.8100000000e-01	-7.845156775701e+00
9.8200000000e-01	-8.317887887476e+00
9.8300000000e-01	-8.891176174963e+00
9.8400000000e-01	-9.606820916752e+00
9.8500000000e-01	-1.053585316350e+01
9.8600000000e-01	-1.181146810063e+01
