# xdot = m - |x|, m=-3, x0=-0.2, dt=1.000e-03, nsteps=2000
# t	x
1.0000000000e-03	-2.031691394226e-01
2.0000000000e-03	-2.063405535172e-01
3.0000000000e-03	-2.095142361517e-01
4.0000000000e-03	-2.126901813647e-01
5.0000000000e-03	-2.158683833665e-01
6.0000000000e-03	-2.190488365404e-01
7.0000000000e-03	-2.222315354433e-01
8.0000000000e-03	-2.254164748071e-01
9.0000000000e-03	-2.286036495391e-01
1.0000000000e-02	-2.317930547236e-01
1.1000000000e-02	-2.349846856223e-01
1.2000000000e-02	-2.381785376758e-01
1.3000000000e-02	-2.413746065041e-01
1.4000000000e-02	-2.445728879080e-01
1.5000000000e-02	-2.477733778696e-01
1.6000000000e-02	-2.509760725537e-01
1.7000000000e-02	-2.541809683083e-01
1.8000000000e-02	-2.573880616660e-01
1.9000000000e-02	-2.605973493448e-01
2.0000000000e-02	-2.638088282490e-01
2.1000000000e-02	-2.670224954699e-01
2.2000000000e-02	-2.702383482873e-01
2.3000000000e-02	-2.734563841702e-01
2.4000000000e-02	-2.766766007775e-01
2.5000000000e-02	-2.798989959594e-01
2.6000000000e-02	-2.831235677579e-01
2.7000000000e-02	-2.863503144080e-01
2.8000000000e-02	-2.895792343389e-01
2.9000000000e-02	-2.928103261742e-01
3.0000000000e-02	-2.960435887336e-01
3.1000000000e-02	-2.992790210336e-01
3.2000000000e-02	-3.025166222882e-01
3.3000000000e-02	-3.057563919101e-01
3.4000000000e-02	-3.089983295118e-01
3.5000000000e-02	-3.122424349060e-01
3.6000000000e-02	-3.154887081073e-01
3.7000000000e-02	-3.187371493325e-01
3.8000000000e-02	-3.219877590019e-01
3.9000000000e-02	-3.252405377401e-01
4.0000000000e-02	-3.284954863772e-01
4.1000000000e-02	-3.317526059495e-01
4.2000000000e-02	-3.350118977005e-01
4.3000000000e-02	-3.382733630820e-01
4.4000000000e-02	-3.415370037551e-01
4.5000000000e-02	-3.448028215908e-01
4.6000000000e-02	-3.480708186716e-01
4.7000000000e-02	-3.513409972918e-01
4.8000000000e-02	-3.546133599591e-01
4.9000000000e-02	-3.578879093951e-01
5.0000000000e-02	-3.611646485365e-01
5.1000000000e-02	-3.644435805362e-01
5.2000000000e-02	-3.677247087641e-01
5.3000000000e-02	-3.710080368084e-01
5.4000000000e-02	-3.742935684760e-01
5.5000000000e-02	-3.775813077943e-01
5.6000000000e-02	-3.808712590116e-01
5.7000000000e-02	-3.841634265986e-01
5.8000000000e-02	-3.874578152490e-01
5.9000000000e-02	-3.907544298808e-01
6.0000000000e-02	-3.940532756373e-01
6.1000000000e-02	-3.973543578882e-01
6.2000000000e-02	-4.006576822304e-01
6.3000000000e-02	-4.039632544896e-01
6.4000000000e-02	-4.072710807207e-01
6.5000000000e-02	-4.105811672094e-01
6.6000000000e-02	-4.138935204731e-01
6.7000000000e-02	-4.172081472619e-01
6.8000000000e-02	-4.205250545600e-01
6.9000000000e-02	-4.238442495864e-01
7.0000000000e-02	-4.271657397965e-01
7.1000000000e-02	-4.304895328828e-01
7.2000000000e-02	-4.338156367762e-01
7.3000000000e-02	-4.371440596475e-01
7.4000000000e-02	-4.404748099078e-01
7.5000000000e-02	-4.438078962104e-01
7.6000000000e-02	-4.471433274517e-01
7.7000000000e-02	-4.504811127722e-01
7.8000000000e-02	-4.538212615582e-01
7.9000000000e-02	-4.571637834426e-01
8.0000000000e-02	-4.605086883060e-01
8.1000000000e-02	-4.638559862786e-01
8.2000000000e-02	-4.672056877408e-01
8.3000000000e-02	-4.705578033249e-01
8.4000000000e-02	-4.739123439159e-01
8.5000000000e-02	-4.772693206535e-01
8.6000000000e-02	-4.806287449327e-01
8.7000000000e-02	-4.839906284054e-01
8.8000000000e-02	-4.873549829821e-01
8.9000000000e-02	-4.907218208326e-01
9.0000000000e-02	-4.940911543878e-01
9.1000000000e-02	-4.974629963410e-01
9.2000000000e-02	-5.008373596492e-01
9.3000000000e-02	-5.042142575346e-01
9.4000000000e-02	-5.075937034860e-01
9.5000000000e-02	-5.109757112604e-01
9.6000000000e-02	-5.143602948841e-01
9.7000000000e-02	-5.177474686546e-01
9.8000000000e-02	-5.211372471419e-01
9.9000000000e-02	-5.245296451899e-01
1.0000000000e-01	-5.279246779182e-01
1.0100000000e-01	-5.313223607236e-01
1.0200000000e-01	-5.347227092815e-01
1.0300000000e-01	-5.381257395476e-01
1.0400000000e-01	-5.415314677595e-01
1.0500000000e-01	-5.449399104387e-01
1.0600000000e-01	-5.483510843915e-01
1.0700000000e-01	-5.517650067114e-01
1.0800000000e-01	-5.551816947805e-01
1.0900000000e-01	-5.586011662711e-01
1.1000000000e-01	-5.620234391477e-01
1.1100000000e-01	-5.654485316689e-01
1.1200000000e-01	-5.688764623886e-01
1.1300000000e-01	-5.723072501585e-01
1.1400000000e-01	-5.757409141296e-01
1.1500000000e-01	-5.791774737539e-01
1.1600000000e-01	-5.826169487870e-01
1.1700000000e-01	-5.860593592891e-01
1.1800000000e-01	-5.895047256277e-01
1.1900000000e-01	-5.929530684792e-01
1.2000000000e-01	-5.964044088310e-01
1.2100000000e-01	-5.998587679835e-01
1.2200000000e-01	-6.033161675524e-01
1.2300000000e-01	-6.067766294705e-01
1.2400000000e-01	-6.102401759899e-01
1.2500000000e-01	-6.137068296841e-01
1.2600000000e-01	-6.171766134506e-01
1.2700000000e-01	-6.206495505125e-01
1.2800000000e-01	-6.241256644213e-01
1.2900000000e-01	-6.276049790587e-01
1.3000000000e-01	-6.310875186394e-01
1.3100000000e-01	-6.345733077130e-01
1.3200000000e-01	-6.380623711668e-01
1.3300000000e-01	-6.415547342280e-01
1.3400000000e-01	-6.450504224662e-01
1.3500000000e-01	-6.485494617957e-01
1.3600000000e-01	-6.520518784785e-01
1.3700000000e-01	-6.555576991264e-01
1.3800000000e-01	-6.590669507041e-01
1.3900000000e-01	-6.625796605311e-01
1.4000000000e-01	-6.660958562854e-01
1.4100000000e-01	-6.696155660052e-01
1.4200000000e-01	-6.731388180925e-01
1.4300000000e-01	-6.766656413155e-01
1.4400000000e-01	-6.801960648115e-01
1.4500000000e-01	-6.837301180898e-01
1.4600000000e-01	-6.872678310348e-01
1.4700000000e-01	-6.908092339089e-01
1.4800000000e-01	-6.943543573554e-01
1.4900000000e-01	-6.979032324018e-01
1.5000000000e-01	-7.014558904629e-01
1.5100000000e-01	-7.050123633438e-01
1.5200000000e-01	-7.085726832435e-01
1.5300000000e-01	-7.121368827577e-01
1.5400000000e-01	-7.157049948826e-01
1.5500000000e-01	-7.192770530179e-01
1.5600000000e-01	-7.228530909706e-01
1.5700000000e-01	-7.264331429582e-01
1.5800000000e-01	-7.300172436124e-01
1.5900000000e-01	-7.336054279827e-01
1.6000000000e-01	-7.371977315400e-01
1.6100000000e-01	-7.407941901803e-01
1.6200000000e-01	-7.443948402289e-01
1.6300000000e-01	-7.479997184434e-01
1.6400000000e-01	-7.516088620183e-01
1.6500000000e-01	-7.552223085890e-01
1.6600000000e-01	-7.588400962352e-01
1.6700000000e-01	-7.624622634855e-01
1.6800000000e-01	-7.660888493217e-01
1.6900000000e-01	-7.697198931825e-01
1.7000000000e-01	-7.733554349680e-01
1.7100000000e-01	-7.769955150445e-01
1.7200000000e-01	-7.806401742482e-01
1.7300000000e-01	-7.842894538902e-01
1.7400000000e-01	-7.879433957611e-01
1.7500000000e-01	-7.916020421353e-01
1.7600000000e-01	-7.952654357761e-01
1.7700000000e-01	-7.989336199403e-01
1.7800000000e-01	-8.026066383830e-01
1.7900000000e-01	-8.062845353631e-01
1.8000000000e-01	-8.099673556475e-01
1.8100000000e-01	-8.136551445171e-01
1.8200000000e-01	-8.173479477712e-01
1.8300000000e-01	-8.210458117337e-01
1.8400000000e-01	-8.247487832575e-01
1.8500000000e-01	-8.284569097310e-01
1.8600000000e-01	-8.321702390827e-01
1.8700000000e-01	-8.358888197876e-01
1.8800000000e-01	-8.396127008726e-01
1.8900000000e-01	-8.433419319225e-01
1.9000000000e-01	-8.470765630858e-01
1.9100000000e-01	-8.508166450810e-01
1.9200000000e-01	-8.545622292024e-01
1.9300000000e-01	-8.583133673267e-01
1.9400000000e-01	-8.620701119193e-01
1.9500000000e-01	-8.658325160404e-01
1.9600000000e-01	-8.696006333521e-01
1.9700000000e-01	-8.733745181250e-01
1.9800000000e-01	-8.771542252445e-01
1.9900000000e-01	-8.809398102185e-01
2.0000000000e-01	-8.847313291837e-01
2.0100000000e-01	-8.885288389134e-01
2.0200000000e-01	-8.923323968242e-01
2.0300000000e-01	-8.961420609839e-01
2.0400000000e-01	-8.999578901187e-01
2.0500000000e-01	-9.037799436210e-01
2.0600000000e-01	-9.076082815572e-01
2.0700000000e-01	-9.114429646758e-01
2.0800000000e-01	-9.152840544150e-01
2.0900000000e-01	-9.191316129112e-01
2.1000000000e-01	-9.229857030077e-01
2.1100000000e-01	-9.268463882624e-01
2.1200000000e-01	-9.307137329572e-01
2.1300000000e-01	-9.345878021063e-01
2.1400000000e-01	-9.384686614656e-01
2.1500000000e-01	-9.423563775412e-01
2.1600000000e-01	-9.462510175992e-01
2.1700000000e-01	-9.501526496750e-01
2.1800000000e-01	-9.540613425829e-01
2.1900000000e-01	-9.579771659255e-01
2.2000000000e-01	-9.619001901043e-01
2.2100000000e-01	-9.658304863294e-01
2.2200000000e-01	-9.697681266299e-01
2.2300000000e-01	-9.737131838643e-01
2.2400000000e-01	-9.776657317313e-01
2.2500000000e-01	-9.816258447807e-01
2.2600000000e-01	-9.855935984242e-01
2.2700000000e-01	-9.895690689472e-01
2.2800000000e-01	-9.935523335194e-01
2.2900000000e-01	-9.975434702075e-01
2.3000000000e-01	-1.001542557986e+00
2.3100000000e-01	-1.005549676751e+00
2.3200000000e-01	-1.009564907330e+00
2.3300000000e-01	-1.013588331497e+00
2.3400000000e-01	-1.017620031983e+00
2.3500000000e-01	-1.021660092492e+00
2.3600000000e-01	-1.025708597710e+00
2.3700000000e-01	-1.029765633324e+00
2.3800000000e-01	-1.033831286029e+00
2.3900000000e-01	-1.037905643548e+00
2.4000000000e-01	-1.041988794645e+00
2.4100000000e-01	-1.046080829136e+00
2.4200000000e-01	-1.050181837908e+00
2.4300000000e-01	-1.054291912932e+00
2.4400000000e-01	-1.058411147278e+00
2.4500000000e-01	-1.062539635134e+00
2.4600000000e-01	-1.066677471816e+00
2.4700000000e-01	-1.070824753791e+00
2.4800000000e-01	-1.074981578688e+00
2.4900000000e-01	-1.079148045319e+00
2.5000000000e-01	-1.083324253692e+00
2.5100000000e-01	-1.087510305034e+00
2.5200000000e-01	-1.091706301804e+00
2.5300000000e-01	-1.095912347714e+00
2.5400000000e-01	-1.100128547746e+00
2.5500000000e-01	-1.104355008173e+00
2.5600000000e-01	-1.108591836575e+00
2.5700000000e-01	-1.112839141864e+00
2.5800000000e-01	-1.117097034298e+00
2.5900000000e-01	-1.121365625505e+00
2.6000000000e-01	-1.125645028505e+00
2.6100000000e-01	-1.129935357727e+00
2.6200000000e-01	-1.134236729035e+00
2.6300000000e-01	-1.138549259749e+00
2.6400000000e-01	-1.142873068667e+00
2.6500000000e-01	-1.147208276085e+00
2.6600000000e-01	-1.151555003830e+00
2.6700000000e-01	-1.155913375271e+00
2.6800000000e-01	-1.160283515357e+00
2.6900000000e-01	-1.164665550629e+00
2.7000000000e-01	-1.169059609258e+00
2.7100000000e-01	-1.173465821059e+00
2.7200000000e-01	-1.177884317529e+00
2.7300000000e-01	-1.182315231864e+00
2.7400000000e-01	-1.186758698994e+00
2.7500000000e-01	-1.191214855608e+00
2.7600000000e-01	-1.195683840184e+00
2.7700000000e-01	-1.200165793017e+00
2.7800000000e-01	-1.204660856251e+00
2.7900000000e-01	-1.209169173907e+00
2.8000000000e-01	-1.213690891917e+00
2.8100000000e-01	-1.218226158157e+00
2.8200000000e-01	-1.222775122475e+00
2.8300000000e-01	-1.227337936729e+00
2.8400000000e-01	-1.231914754819e+00
2.8500000000e-01	-1.236505732721e+00
2.8600000000e-01	-1.241111028527e+00
2.8700000000e-01	-1.245730802474e+00
2.8800000000e-01	-1.250365216990e+00
2.8900000000e-01	-1.255014436724e+00
2.9000000000e-01	-1.259678628591e+00
2.9100000000e-01	-1.264357961805e+00
2.9200000000e-01	-1.269052607929e+00
2.9300000000e-01	-1.273762740907e+00
2.9400000000e-01	-1.278488537112e+00
2.9500000000e-01	-1.283230175386e+00
2.9600000000e-01	-1.287987837090e+00
2.9700000000e-01	-1.292761706141e+00
2.9800000000e-01	-1.297551969065e+00
2.9900000000e-01	-1.302358815042e+00
3.0000000000e-01	-1.307182435955e+00
3.0100000000e-01	-1.312023026438e+00
3.0200000000e-01	-1.316880783928e+00
3.0300000000e-01	-1.321755908717e+00
3.0400000000e-01	-1.326648604006e+00
3.0500000000e-01	-1.331559075957e+00
3.0600000000e-01	-1.336487533749e+00
3.0700000000e-01	-1.341434189638e+00
3.0800000000e-01	-1.346399259011e+00
3.0900000000e-01	-1.351382960448e+00
3.1000000000e-01	-1.356385515783e+00
3.1100000000e-01	-1.361407150165e+00
3.1200000000e-01	-1.366448092125e+00
3.1300000000e-01	-1.371508573638e+00
3.1400000000e-01	-1.376588830191e+00
3.1500000000e-01	-1.381689100854e+00
3.1600000000e-01	-1.386809628347e+00
3.1700000000e-01	-1.391950659117e+00
3.1800000000e-01	-1.397112443406e+00
3.1900000000e-01	-1.402295235329e+00
3.2000000000e-01	-1.407499292955e+00
3.2100000000e-01	-1.412724878381e+00
3.2200000000e-01	-1.417972257818e+00
3.2300000000e-01	-1.423241701671e+00
3.2400000000e-01	-1.428533484628e+00
3.2500000000e-01	-1.433847885746e+00
3.2600000000e-01	-1.439185188539e+00
3.2700000000e-01	-1.444545681076e+00
3.2800000000e-01	-1.449929656071e+00
3.2900000000e-01	-1.455337410981e+00
3.3000000000e-01	-1.460769248107e+00
3.3100000000e-01	-1.466225474695e+00
3.3200000000e-01	-1.471706403043e+00
3.3300000000e-01	-1.477212350607e+00
3.3400000000e-01	-1.482743640111e+00
3.3500000000e-01	-1.488300599662e+00
3.3600000000e-01	-1.493883562867e+00
3.3700000000e-01	-1.499492868951e+00
3.3800000000e-01	-1.505128862881e+00
3.3900000000e-01	-1.510791895491e+00
3.4000000000e-01	-1.516482323613e+00
3.4100000000e-01	-1.522200510212e+00
3.4200000000e-01	-1.527946824518e+00
3.4300000000e-01	-1.533721642170e+00
3.4400000000e-01	-1.539525345360e+00
3.4500000000e-01	-1.545358322982e+00
3.4600000000e-01	-1.551220970783e+00
3.4700000000e-01	-1.557113691522e+00
3.4800000000e-01	-1.563036895131e+00
3.4900000000e-01	-1.568990998880e+00
3.5000000000e-01	-1.574976427549e+00
3.5100000000e-01	-1.580993613603e+00
3.5200000000e-01	-1.587042997374e+00
3.5300000000e-01	-1.593125027244e+00
3.5400000000e-01	-1.599240159841e+00
3.5500000000e-01	-1.605388860232e+00
3.5600000000e-01	-1.611571602130e+00
3.5700000000e-01	-1.617788868097e+00
3.5800000000e-01	-1.624041149766e+00
3.5900000000e-01	-1.630328948058e+00
3.6000000000e-01	-1.636652773411e+00
3.6100000000e-01	-1.643013146018e+00
3.6200000000e-01	-1.649410596064e+00
3.6300000000e-01	-1.655845663983e+00
3.6400000000e-01	-1.662318900709e+00
3.6500000000e-01	-1.668830867945e+00
3.6600000000e-01	-1.675382138435e+00
3.6700000000e-01	-1.681973296249e+00
3.6800000000e-01	-1.688604937070e+00
3.6900000000e-01	-1.695277668500e+00
3.7000000000e-01	-1.701992110364e+00
3.7100000000e-01	-1.708748895036e+00
3.7200000000e-01	-1.715548667764e+00
3.7300000000e-01	-1.722392087015e+00
3.7400000000e-01	-1.729279824826e+00
3.7500000000e-01	-1.736212567165e+00
3.7600000000e-01	-1.743191014312e+00
3.7700000000e-01	-1.750215881244e+00
3.7800000000e-01	-1.757287898036e+00
3.7900000000e-01	-1.764407810277e+00
3.8000000000e-01	-1.771576379497e+00
3.8100000000e-01	-1.778794383615e+00
3.8200000000e-01	-1.786062617391e+00
3.8300000000e-01	-1.793381892906e+00
3.8400000000e-01	-1.800753040049e+00
3.8500000000e-01	-1.808176907028e+00
3.8600000000e-01	-1.815654360894e+00
3.8700000000e-01	-1.823186288086e+00
3.8800000000e-01	-1.830773594995e+00
3.8900000000e-01	-1.838417208547e+00
3.9000000000e-01	-1.846118076812e+00
3.9100000000e-01	-1.853877169625e+00
3.9200000000e-01	-1.861695479241e+00
3.9300000000e-01	-1.869574021006e+00
3.9400000000e-01	-1.877513834059e+00
3.9500000000e-01	-1.885515982053e+00
3.9600000000e-01	-1.893581553912e+00
3.9700000000e-01	-1.901711664606e+00
3.9800000000e-01	-1.909907455965e+00
3.9900000000e-01	-1.918170097522e+00
4.0000000000e-01	-1.926500787383e+00
4.0100000000e-01	-1.934900753136e+00
4.0200000000e-01	-1.943371252795e+00
4.0300000000e-01	-1.951913575782e+00
4.0400000000e-01	-1.960529043945e+00
4.0500000000e-01	-1.969219012617e+00
4.0600000000e-01	-1.977984871722e+00
4.0700000000e-01	-1.986828046921e+00
4.0800000000e-01	-1.995750000809e+00
4.0900000000e-01	-2.004752234155e+00
4.1000000000e-01	-2.013836287202e+00
4.1100000000e-01	-2.023003741015e+00
4.1200000000e-01	-2.032256218888e+00
4.1300000000e-01	-2.041595387811e+00
4.1400000000e-01	-2.051022959999e+00
4.1500000000e-01	-2.060540694489e+00
4.1600000000e-01	-2.070150398801e+00
4.1700000000e-01	-2.079853930681e+00
4.1800000000e-01	-2.089653199911e+00
4.1900000000e-01	-2.099550170208e+00
4.2000000000e-01	-2.109546861203e+00
4.2100000000e-01	-2.119645350511e+00
4.2200000000e-01	-2.129847775896e+00
4.2300000000e-01	-2.140156337537e+00
4.2400000000e-01	-2.150573300396e+00
4.2500000000e-01	-2.161100996699e+00
4.2600000000e-01	-2.171741828536e+00
4.2700000000e-01	-2.182498270577e+00
4.2800000000e-01	-2.193372872933e+00
4.2900000000e-01	-2.204368264138e+00
4.3000000000e-01	-2.215487154294e+00
4.3100000000e-01	-2.226732338355e+00
4.3200000000e-01	-2.238106699591e+00
4.3300000000e-01	-2.249613213211e+00
4.3400000000e-01	-2.261254950179e+00
4.3500000000e-01	-2.273035081224e+00
4.3600000000e-01	-2.284956881056e+00
4.3700000000e-01	-2.297023732800e+00
4.3800000000e-01	-2.309239132667e+00
4.3900000000e-01	-2.321606694874e+00
4.4000000000e-01	-2.334130156823e+00
4.4100000000e-01	-2.346813384566e+00
4.4200000000e-01	-2.359660378567e+00
4.4300000000e-01	-2.372675279784e+00
4.4400000000e-01	-2.385862376090e+00
4.4500000000e-01	-2.399226109054e+00
4.4600000000e-01	-2.412771081118e+00
4.4700000000e-01	-2.426502063174e+00
4.4800000000e-01	-2.440424002596e+00
4.4900000000e-01	-2.454542031734e+00
4.5000000000e-01	-2.468861476921e+00
4.5100000000e-01	-2.483387868019e+00
4.5200000000e-01	-2.498126948546e+00
4.5300000000e-01	-2.513084686424e+00
4.5400000000e-01	-2.528267285402e+00
4.5500000000e-01	-2.543681197191e+00
4.5600000000e-01	-2.559333134373e+00
4.5700000000e-01	-2.575230084149e+00
4.5800000000e-01	-2.591379322966e+00
4.5900000000e-01	-2.607788432132e+00
4.6000000000e-01	-2.624465314449e+00
4.6100000000e-01	-2.641418211993e+00
4.6200000000e-01	-2.658655725088e+00
4.6300000000e-01	-2.676186832616e+00
4.6400000000e-01	-2.694020913735e+00
4.6500000000e-01	-2.712167771153e+00
4.6600000000e-01	-2.730637656066e+00
4.6700000000e-01	-2.749441294929e+00
4.6800000000e-01	-2.768589918194e+00
4.6900000000e-01	-2.788095291211e+00
4.7000000000e-01	-2.807969747471e+00
4.7100000000e-01	-2.828226224419e+00
4.7200000000e-01	-2.848878302051e+00
4.7300000000e-01	-2.869940244588e+00
4.7400000000e-01	-2.891427045491e+00
4.7500000000e-01	-2.913354476157e+00
4.7600000000e-01	-2.935739138641e+00
4.7700000000e-01	-2.958598522831e+00
4.7800000000e-01	-2.981951068486e+00
4.7900000000e-01	-3.005816232679e+00
4.8000000000e-01	-3.030214563175e+00
4.8100000000e-01	-3.055167778391e+00
4.8200000000e-01	-3.080698854636e+00
4.8300000000e-01	-3.106832121442e+00
4.8400000000e-01	-3.133593365872e+00
4.8500000000e-01	-3.161009946830e+00
4.8600000000e-01	-3.189110920529e+00
4.8700000000e-01	-3.217927178420e+00
4.8800000000e-01	-3.247491599078e+00
4.8900000000e-01	-3.277839215748e+00
4.9000000000e-01	-3.309007401481e+00
4.9100000000e-01	-3.341036074107e+00
4.9200000000e-01	-3.373967923590e+00
4.9300000000e-01	-3.407848664716e+00
4.9400000000e-01	-3.442727318530e+00
4.9500000000e-01	-3.478656526457e+00
4.9600000000e-01	-3.515692901689e+00
4.9700000000e-01	-3.553897423196e+00
4.9800000000e-01	-3.593335878587e+00
4.9900000000e-01	-3.634079363169e+00
5.0000000000e-01	-3.676204843808e+00
5.0100000000e-01	-3.719795797794e+00
5.0200000000e-01	-3.764942938793e+00
5.0300000000e-01	-3.811745044272e+00
5.0400000000e-01	-3.860309901587e+00
5.0500000000e-01	-3.910755393422e+00
5.0600000000e-01	-3.963210747455e+00
5.0700000000e-01	-4.017817980506e+00
5.0800000000e-01	-4.074733573936e+00
5.0900000000e-01	-4.134130425413e+00
5.1000000000e-01	-4.196200132571e+00
5.1100000000e-01	-4.261155677414e+00
5.1200000000e-01	-4.329234597316e+00
5.1300000000e-01	-4.400702750431e+00
5.1400000000e-01	-4.475858811855e+00
5.1500000000e-01	-4.555039674298e+00
5.1600000000e-01	-4.638626976509e+00
5.1700000000e-01	-4.727055048792e+00
5.1800000000e-01	-4.820820654123e+00
5.1900000000e-01	-4.920495025064e+00
5.2000000000e-01	-5.026738864659e+00
5.2100000000e-01	-5.140321214431e+00
5.2200000000e-01	-5.262143425777e+00
5.2300000000e-01	-5.393269950794e+00
5.2400000000e-01	-5.534968370742e+00
5.2500000000e-01	-5.688762127123e+00
5.2600000000e-01	-5.856501012084e+00
5.2700000000e-01	-6.040456949645e+00
5.2800000000e-01	-6.243456542761e+00
5.2900000000e-01	-6.469068321242e+00
5.3000000000e-01	-6.721873542984e+00
5.3100000000e-01	-7.007868518166e+00
5.3200000000e-01	-7.335081296605e+00
5.3300000000e-01	-7.714552255861e+00
5.3400000000e-01	-8.161963045784e+00
5.3500000000e-01	-8.700490208002e+00
5.3600000000e-01	-9.366145232055e+00
5.3700000000e-01	-1.021864786394e+01
5.3800000000e-01	-1.136619944055e+01
