# xdot = m - |x|, m=-3, x0=-0.4, dt=1.000e-03, nsteps=2000
# t	x
1.0000000000e-03	-4.033051243520e-01
2.0000000000e-03	-4.066125014523e-01
3.0000000000e-03	-4.099221375407e-01
4.0000000000e-03	-4.132340390883e-01
5.0000000000e-03	-4.165482127988e-01
6.0000000000e-03	-4.198646656098e-01
7.0000000000e-03	-4.231834046934e-01
8.0000000000e-03	-4.265044374579e-01
9.0000000000e-03	-4.298277715484e-01
1.0000000000e-02	-4.331534148485e-01
1.1000000000e-02	-4.364813754809e-01
1.2000000000e-02	-4.398116618089e-01
1.3000000000e-02	-4.431442824375e-01
1.4000000000e-02	-4.464792462145e-01
1.5000000000e-02	-4.498165622320e-01
1.6000000000e-02	-4.531562398270e-01
1.7000000000e-02	-4.564982885833e-01
1.8000000000e-02	-4.598427183322e-01
1.9000000000e-02	-4.631895391539e-01
2.0000000000e-02	-4.665387613792e-01
2.1000000000e-02	-4.698903955898e-01
2.2000000000e-02	-4.732444526206e-01
2.3000000000e-02	-4.766009435604e-01
2.4000000000e-02	-4.799598797532e-01
2.5000000000e-02	-4.833212727998e-01
2.6000000000e-02	-4.866851345590e-01
2.7000000000e-02	-4.900514771489e-01
2.8000000000e-02	-4.934203129484e-01
2.9000000000e-02	-4.967916545984e-01
3.0000000000e-02	-5.001655150033e-01
3.1000000000e-02	-5.035419073324e-01
3.2000000000e-02	-5.069208450213e-01
3.3000000000e-02	-5.103023417736e-01
3.4000000000e-02	-5.136864115618e-01
3.5000000000e-02	-5.170730686293e-01
3.6000000000e-02	-5.204623274917e-01
3.7000000000e-02	-5.238542029383e-01
3.8000000000e-02	-5.272487100338e-01
3.9000000000e-02	-5.306458641196e-01
4.0000000000e-02	-5.340456808154e-01
4.1000000000e-02	-5.374481760212e-01
4.2000000000e-02	-5.408533659184e-01
4.3000000000e-02	-5.442612669715e-01
4.4000000000e-02	-5.476718959304e-01
4.5000000000e-02	-5.510852698310e-01
4.6000000000e-02	-5.545014059979e-01
4.7000000000e-02	-5.579203220455e-01
4.8000000000e-02	-5.613420358802e-01
4.9000000000e-02	-5.647665657016e-01
5.0000000000e-02	-5.681939300049e-01
5.1000000000e-02	-5.716241475822e-01
5.2000000000e-02	-5.750572375249e-01
5.3000000000e-02	-5.784932192250e-01
5.4000000000e-02	-5.819321123774e-01
5.5000000000e-02	-5.853739369815e-01
5.6000000000e-02	-5.888187133436e-01
5.7000000000e-02	-5.922664620783e-01
5.8000000000e-02	-5.957172041111e-01
5.9000000000e-02	-5.991709606798e-01
6.0000000000e-02	-6.026277533373e-01
6.1000000000e-02	-6.060876039530e-01
6.2000000000e-02	-6.095505347152e-01
6.3000000000e-02	-6.130165681336e-01
6.4000000000e-02	-6.164857270406e-01
6.5000000000e-02	-6.199580345947e-01
6.6000000000e-02	-6.234335142815e-01
6.7000000000e-02	-6.269121899171e-01
6.8000000000e-02	-6.303940856495e-01
6.9000000000e-02	-6.338792259616e-01
7.0000000000e-02	-6.373676356733e-01
7.1000000000e-02	-6.408593399438e-01
7.2000000000e-02	-6.443543642745e-01
7.3000000000e-02	-6.478527345108e-01
7.4000000000e-02	-6.513544768453e-01
7.5000000000e-02	-6.548596178200e-01
7.6000000000e-02	-6.583681843291e-01
7.7000000000e-02	-6.618802036214e-01
7.8000000000e-02	-6.653957033031e-01
7.9000000000e-02	-6.689147113407e-01
8.0000000000e-02	-6.724372560635e-01
8.1000000000e-02	-6.759633661665e-01
8.2000000000e-02	-6.794930707134e-01
8.3000000000e-02	-6.830263991392e-01
8.4000000000e-02	-6.865633812533e-01
8.5000000000e-02	-6.901040472428e-01
8.6000000000e-02	-6.936484276748e-01
8.7000000000e-02	-6.971965535001e-01
8.8000000000e-02	-7.007484560562e-01
8.9000000000e-02	-7.043041670703e-01
9.0000000000e-02	-7.078637186627e-01
9.1000000000e-02	-7.114271433498e-01
9.2000000000e-02	-7.149944740479e-01
9.3000000000e-02	-7.185657440761e-01
9.4000000000e-02	-7.221409871600e-01
9.5000000000e-02	-7.257202374351e-01
9.6000000000e-02	-7.293035294505e-01
9.7000000000e-02	-7.328908981721e-01
9.8000000000e-02	-7.364823789867e-01
9.9000000000e-02	-7.400780077055e-01
1.0000000000e-01	-7.436778205678e-01
1.0100000000e-01	-7.472818542450e-01
1.0200000000e-01	-7.508901458444e-01
1.0300000000e-01	-7.545027329131e-01
1.0400000000e-01	-7.581196534422e-01
1.0500000000e-01	-7.617409458707e-01
1.0600000000e-01	-7.653666490897e-01
1.0700000000e-01	-7.689968024465e-01
1.0800000000e-01	-7.726314457494e-01
1.0900000000e-01	-7.762706192711e-01
1.1000000000e-01	-7.799143637543e-01
1.1100000000e-01	-7.835627204150e-01
1.1200000000e-01	-7.872157309481e-01
1.1300000000e-01	-7.908734375312e-01
1.1400000000e-01	-7.945358828300e-01
1.1500000000e-01	-7.982031100027e-01
1.1600000000e-01	-8.018751627048e-01
1.1700000000e-01	-8.055520850944e-01
1.1800000000e-01	-8.092339218371e-01
1.1900000000e-01	-8.129207181109e-01
1.2000000000e-01	-8.166125196117e-01
1.2100000000e-01	-8.203093725583e-01
1.2200000000e-01	-8.240113236980e-01
1.2300000000e-01	-8.277184203122e-01
1.2400000000e-01	-8.314307102214e-01
1.2500000000e-01	-8.351482417914e-01
1.2600000000e-01	-8.388710639388e-01
1.2700000000e-01	-8.425992261368e-01
1.2800000000e-01	-8.463327784213e-01
1.2900000000e-01	-8.500717713967e-01
1.3000000000e-01	-8.538162562424e-01
1.3100000000e-01	-8.575662847187e-01
1.3200000000e-01	-8.613219091730e-01
1.3300000000e-01	-8.650831825469e-01
1.3400000000e-01	-8.688501583821e-01
1.3500000000e-01	-8.726228908275e-01
1.3600000000e-01	-8.764014346456e-01
1.3700000000e-01	-8.801858452197e-01
1.3800000000e-01	-8.839761785610e-01
1.3900000000e-01	-8.877724913154e-01
1.4000000000e-01	-8.915748407709e-01
1.4100000000e-01	-8.953832848650e-01
1.4200000000e-01	-8.991978821923e-01
1.4300000000e-01	-9.030186920120e-01
1.4400000000e-01	-9.068457742558e-01
1.4500000000e-01	-9.106791895357e-01
1.4600000000e-01	-9.145189991518e-01
1.4700000000e-01	-9.183652651012e-01
1.4800000000e-01	-9.222180500856e-01
1.4900000000e-01	-9.260774175201e-01
1.5000000000e-01	-9.299434315417e-01
1.5100000000e-01	-9.338161570182e-01
1.5200000000e-01	-9.376956595571e-01
1.5300000000e-01	-9.415820055144e-01
1.5400000000e-01	-9.454752620043e-01
1.5500000000e-01	-9.493754969083e-01
1.5600000000e-01	-9.532827788848e-01
1.5700000000e-01	-9.571971773787e-01
1.5800000000e-01	-9.611187626319e-01
1.5900000000e-01	-9.650476056925e-01
1.6000000000e-01	-9.689837784258e-01
1.6100000000e-01	-9.729273535245e-01
1.6200000000e-01	-9.768784045190e-01
1.6300000000e-01	-9.808370057890e-01
1.6400000000e-01	-9.848032325737e-01
1.6500000000e-01	-9.887771609836e-01
1.6600000000e-01	-9.927588680116e-01
1.6700000000e-01	-9.967484315448e-01
1.6800000000e-01	-1.000745930376e+00
1.6900000000e-01	-1.004751444217e+00
1.7000000000e-01	-1.008765053709e+00
1.7100000000e-01	-1.012786840437e+00
1.7200000000e-01	-1.016816886940e+00
1.7300000000e-01	-1.020855276726e+00
1.7400000000e-01	-1.024902094287e+00
1.7500000000e-01	-1.028957425107e+00
1.7600000000e-01	-1.033021355682e+00
1.7700000000e-01	-1.037093973528e+00
1.7800000000e-01	-1.041175367200e+00
1.7900000000e-01	-1.045265626304e+00
1.8000000000e-01	-1.049364841512e+00
1.8100000000e-01	-1.053473104580e+00
1.8200000000e-01	-1.057590508356e+00
1.8300000000e-01	-1.061717146805e+00
1.8400000000e-01	-1.065853115017e+00
1.8500000000e-01	-1.069998509228e+00
1.8600000000e-01	-1.074153426836e+00
1.8700000000e-01	-1.078317966414e+00
1.8800000000e-01	-1.082492227733e+00
1.8900000000e-01	-1.086676311774e+00
1.9000000000e-01	-1.090870320750e+00
1.9100000000e-01	-1.095074358123e+00
1.9200000000e-01	-1.099288528619e+00
1.9300000000e-01	-1.103512938254e+00
1.9400000000e-01	-1.107747694346e+00
1.9500000000e-01	-1.111992905539e+00
1.9600000000e-01	-1.116248681823e+00
1.9700000000e-01	-1.120515134551e+00
1.9800000000e-01	-1.124792376464e+00
1.9900000000e-01	-1.129080521709e+00
2.0000000000e-01	-1.133379685864e+00
2.0100000000e-01	-1.137689985955e+00
2.0200000000e-01	-1.142011540485e+00
2.0300000000e-01	-1.146344469451e+00
2.0400000000e-01	-1.150688894372e+00
2.0500000000e-01	-1.155044938309e+00
2.0600000000e-01	-1.159412725894e+00
2.0700000000e-01	-1.163792383349e+00
2.0800000000e-01	-1.168184038519e+00
2.0900000000e-01	-1.172587820890e+00
2.1000000000e-01	-1.177003861620e+00
2.1100000000e-01	-1.181432293568e+00
2.1200000000e-01	-1.185873251314e+00
2.1300000000e-01	-1.190326871196e+00
2.1400000000e-01	-1.194793291332e+00
2.1500000000e-01	-1.199272651655e+00
2.1600000000e-01	-1.203765093936e+00
2.1700000000e-01	-1.208270761822e+00
2.1800000000e-01	-1.212789800862e+00
2.1900000000e-01	-1.217322358542e+00
2.2000000000e-01	-1.221868584314e+00
2.2100000000e-01	-1.226428629635e+00
2.2200000000e-01	-1.231002647994e+00
2.2300000000e-01	-1.235590794952e+00
2.2400000000e-01	-1.240193228177e+00
2.2500000000e-01	-1.244810107476e+00
2.2600000000e-01	-1.249441594837e+00
2.2700000000e-01	-1.254087854466e+00
2.2800000000e-01	-1.258749052821e+00
2.2900000000e-01	-1.263425358658e+00
2.3000000000e-01	-1.268116943067e+00
2.3100000000e-01	-1.272823979515e+00
2.3200000000e-01	-1.277546643889e+00
2.3300000000e-01	-1.282285114537e+00
2.3400000000e-01	-1.287039572312e+00
2.3500000000e-01	-1.291810200621e+00
2.3600000000e-01	-1.296597185467e+00
2.3700000000e-01	-1.301400715496e+00
2.3800000000e-01	-1.306220982051e+00
2.3900000000e-01	-1.311058179213e+00
2.4000000000e-01	-1.315912503858e+00
2.4100000000e-01	-1.320784155706e+00
2.4200000000e-01	-1.325673337373e+00
2.4300000000e-01	-1.330580254429e+00
2.4400000000e-01	-1.335505115447e+00
2.4500000000e-01	-1.340448132065e+00
2.4600000000e-01	-1.345409519044e+00
2.4700000000e-01	-1.350389494323e+00
2.4800000000e-01	-1.355388279083e+00
2.4900000000e-01	-1.360406097808e+00
2.5000000000e-01	-1.365443178352e+00
2.5100000000e-01	-1.370499751997e+00
2.5200000000e-01	-1.375576053527e+00
2.5300000000e-01	-1.380672321293e+00
2.5400000000e-01	-1.385788797283e+00
2.5500000000e-01	-1.390925727196e+00
2.5600000000e-01	-1.396083360513e+00
2.5700000000e-01	-1.401261950571e+00
2.5800000000e-01	-1.406461754647e+00
2.5900000000e-01	-1.411683034030e+00
2.6000000000e-01	-1.416926054104e+00
2.6100000000e-01	-1.422191084434e+00
2.6200000000e-01	-1.427478398847e+00
2.6300000000e-01	-1.432788275524e+00
2.6400000000e-01	-1.438120997086e+00
2.6500000000e-01	-1.443476850686e+00
2.6600000000e-01	-1.448856128105e+00
2.6700000000e-01	-1.454259125851e+00
2.6800000000e-01	-1.459686145250e+00
2.6900000000e-01	-1.465137492558e+00
2.7000000000e-01	-1.470613479057e+00
2.7100000000e-01	-1.476114421168e+00
2.7200000000e-01	-1.481640640558e+00
2.7300000000e-01	-1.487192464253e+00
2.7400000000e-01	-1.492770224756e+00
2.7500000000e-01	-1.498374260164e+00
2.7600000000e-01	-1.504004914290e+00
2.7700000000e-01	-1.509662536792e+00
2.7800000000e-01	-1.515347483297e+00
2.7900000000e-01	-1.521060115538e+00
2.8000000000e-01	-1.526800801487e+00
2.8100000000e-01	-1.532569915496e+00
2.8200000000e-01	-1.538367838441e+00
2.8300000000e-01	-1.544194957870e+00
2.8400000000e-01	-1.550051668153e+00
2.8500000000e-01	-1.555938370642e+00
2.8600000000e-01	-1.561855473827e+00
2.8700000000e-01	-1.567803393504e+00
2.8800000000e-01	-1.573782552945e+00
2.8900000000e-01	-1.579793383071e+00
2.9000000000e-01	-1.585836322632e+00
2.9100000000e-01	-1.591911818395e+00
2.9200000000e-01	-1.598020325329e+00
2.9300000000e-01	-1.604162306808e+00
2.9400000000e-01	-1.610338234804e+00
2.9500000000e-01	-1.616548590103e+00
2.9600000000e-01	-1.622793862515e+00
2.9700000000e-01	-1.629074551094e+00
2.9800000000e-01	-1.635391164365e+00
2.9900000000e-01	-1.641744220560e+00
3.0000000000e-01	-1.648134247857e+00
3.0100000000e-01	-1.654561784628e+00
3.0200000000e-01	-1.661027379697e+00
3.0300000000e-01	-1.667531592601e+00
3.0400000000e-01	-1.674074993865e+00
3.0500000000e-01	-1.680658165281e+00
3.0600000000e-01	-1.687281700198e+00
3.0700000000e-01	-1.693946203820e+00
3.0800000000e-01	-1.700652293516e+00
3.0900000000e-01	-1.707400599133e+00
3.1000000000e-01	-1.714191763332e+00
3.1100000000e-01	-1.721026441921e+00
3.1200000000e-01	-1.727905304206e+00
3.1300000000e-01	-1.734829033354e+00
3.1400000000e-01	-1.741798326766e+00
3.1500000000e-01	-1.748813896460e+00
3.1600000000e-01	-1.755876469475e+00
3.1700000000e-01	-1.762986788278e+00
3.1800000000e-01	-1.770145611192e+00
3.1900000000e-01	-1.777353712835e+00
3.2000000000e-01	-1.784611884581e+00
3.2100000000e-01	-1.791920935022e+00
3.2200000000e-01	-1.799281690465e+00
3.2300000000e-01	-1.806694995429e+00
3.2400000000e-01	-1.814161713171e+00
3.2500000000e-01	-1.821682726228e+00
3.2600000000e-01	-1.829258936973e+00
3.2700000000e-01	-1.836891268198e+00
3.2800000000e-01	-1.844580663714e+00
3.2900000000e-01	-1.852328088973e+00
3.3000000000e-01	-1.860134531714e+00
3.3100000000e-01	-1.868001002634e+00
3.3200000000e-01	-1.875928536078e+00
3.3300000000e-01	-1.883918190761e+00
3.3400000000e-01	-1.891971050515e+00
3.3500000000e-01	-1.900088225061e+00
3.3600000000e-01	-1.908270850820e+00
3.3700000000e-01	-1.916520091740e+00
3.3800000000e-01	-1.924837140168e+00
3.3900000000e-01	-1.933223217750e+00
3.4000000000e-01	-1.941679576369e+00
3.4100000000e-01	-1.950207499114e+00
3.4200000000e-01	-1.958808301295e+00
3.4300000000e-01	-1.967483331494e+00
3.4400000000e-01	-1.976233972660e+00
3.4500000000e-01	-1.985061643248e+00
3.4600000000e-01	-1.993967798402e+00
3.4700000000e-01	-2.002953931192e+00
3.4800000000e-01	-2.012021573899e+00
3.4900000000e-01	-2.021172299352e+00
3.5000000000e-01	-2.030407722324e+00
3.5100000000e-01	-2.039729500988e+00
3.5200000000e-01	-2.049139338433e+00
3.5300000000e-01	-2.058638984244e+00
3.5400000000e-01	-2.068230236157e+00
3.5500000000e-01	-2.077914941778e+00
3.5600000000e-01	-2.087695000382e+00
3.5700000000e-01	-2.097572364798e+00
3.5800000000e-01	-2.107549043363e+00
3.5900000000e-01	-2.117627101982e+00
3.6000000000e-01	-2.127808666270e+00
3.6100000000e-01	-2.138095923796e+00
3.6200000000e-01	-2.148491126436e+00
3.6300000000e-01	-2.158996592821e+00
3.6400000000e-01	-2.169614710924e+00
3.6500000000e-01	-2.180347940746e+00
3.6600000000e-01	-2.191198817147e+00
3.6700000000e-01	-2.202169952806e+00
3.6800000000e-01	-2.213264041333e+00
3.6900000000e-01	-2.224483860522e+00
3.7000000000e-01	-2.235832275782e+00
3.7100000000e-01	-2.247312243721e+00
3.7200000000e-01	-2.258926815934e+00
3.7300000000e-01	-2.270679142962e+00
3.7400000000e-01	-2.282572478471e+00
3.7500000000e-01	-2.294610183643e+00
3.7600000000e-01	-2.306795731797e+00
3.7700000000e-01	-2.319132713255e+00
3.7800000000e-01	-2.331624840476e+00
3.7900000000e-01	-2.344275953454e+00
3.8000000000e-01	-2.357090025426e+00
3.8100000000e-01	-2.370071168884e+00
3.8200000000e-01	-2.383223641929e+00
3.8300000000e-01	-2.396551854982e+00
3.8400000000e-01	-2.410060377870e+00
3.8500000000e-01	-2.423753947334e+00
3.8600000000e-01	-2.437637474957e+00
3.8700000000e-01	-2.451716055569e+00
3.8800000000e-01	-2.465994976150e+00
3.8900000000e-01	-2.480479725263e+00
3.9000000000e-01	-2.495176003062e+00
3.9100000000e-01	-2.510089731915e+00
3.9200000000e-01	-2.525227067689e+00
3.9300000000e-01	-2.540594411733e+00
3.9400000000e-01	-2.556198423640e+00
3.9500000000e-01	-2.572046034809e+00
3.9600000000e-01	-2.588144462907e+00
3.9700000000e-01	-2.604501227265e+00
3.9800000000e-01	-2.621124165318e+00
3.9900000000e-01	-2.638021450136e+00
4.0000000000e-01	-2.655201609163e+00
4.0100000000e-01	-2.672673544247e+00
4.0200000000e-01	-2.690446553070e+00
4.0300000000e-01	-2.708530352101e+00
4.0400000000e-01	-2.726935101196e+00
4.0500000000e-01	-2.745671429987e+00
4.0600000000e-01	-2.764750466218e+00
4.0700000000e-01	-2.784183866197e+00
4.0800000000e-01	-2.803983847564e+00
4.0900000000e-01	-2.824163224563e+00
4.1000000000e-01	-2.844735446078e+00
4.1100000000e-01	-2.865714636661e+00
4.1200000000e-01	-2.887115640865e+00
4.1300000000e-01	-2.908954071173e+00
4.1400000000e-01	-2.931246359897e+00
4.1500000000e-01	-2.954009815421e+00
4.1600000000e-01	-2.977262683246e+00
4.1700000000e-01	-3.001024212303e+00
4.1800000000e-01	-3.025314727109e+00
4.1900000000e-01	-3.050155706357e+00
4.2000000000e-01	-3.075569868656e+00
4.2100000000e-01	-3.101581266171e+00
4.2200000000e-01	-3.128215387078e+00
4.2300000000e-01	-3.155499267789e+00
4.2400000000e-01	-3.183461616101e+00
4.2500000000e-01	-3.212132946534e+00
4.2600000000e-01	-3.241545729312e+00
4.2700000000e-01	-3.271734554639e+00
4.2800000000e-01	-3.302736314173e+00
4.2900000000e-01	-3.334590401854e+00
4.3000000000e-01	-3.367338936581e+00
4.3100000000e-01	-3.401027009606e+00
4.3200000000e-01	-3.435702959953e+00
4.3300000000e-01	-3.471418681681e+00
4.3400000000e-01	-3.508229967465e+00
4.3500000000e-01	-3.546196893651e+00
4.3600000000e-01	-3.585384252846e+00
4.3700000000e-01	-3.625862041153e+00
4.3800000000e-01	-3.667706008367e+00
4.3900000000e-01	-3.710998281023e+00
4.4000000000e-01	-3.755828069944e+00
4.4100000000e-01	-3.802292476190e+00
4.4200000000e-01	-3.850497412009e+00
4.4300000000e-01	-3.900558656695e+00
4.4400000000e-01	-3.952603071349e+00
4.4500000000e-01	-4.006770001608e+00
4.4600000000e-01	-4.063212903718e+00
4.4700000000e-01	-4.122101237230e+00
4.4800000000e-01	-4.183622677581e+00
4.4900000000e-01	-4.247985714494e+00
4.5000000000e-01	-4.315422718312e+00
4.5100000000e-01	-4.386193577247e+00
4.5200000000e-01	-4.460590035580e+00
4.5300000000e-01	-4.538940898285e+00
4.5400000000e-01	-4.621618314309e+00
4.5500000000e-01	-4.709045413089e+00
4.5600000000e-01	-4.801705652832e+00
4.5700000000e-01	-4.900154353367e+00
4.5800000000e-01	-5.005033043745e+00
4.5900000000e-01	-5.117087474315e+00
4.6000000000e-01	-5.237190453433e+00
4.6100000000e-01	-5.366371114532e+00
4.6200000000e-01	-5.505852869298e+00
4.6300000000e-01	-5.657103268008e+00
4.6400000000e-01	-5.821900449957e+00
4.6500000000e-01	-6.002423129292e+00
4.6600000000e-01	-6.201374648319e+00
4.6700000000e-01	-6.422157472063e+00
4.6800000000e-01	-6.669124306246e+00
4.6900000000e-01	-6.947949068510e+00
4.7000000000e-01	-7.266191771715e+00
4.7100000000e-01	-7.634189755197e+00
4.7200000000e-01	-8.066524386620e+00
4.7300000000e-01	-8.584561169454e+00
4.7400000000e-01	-9.221135217924e+00
4.7500000000e-01	-1.002991545184e+01
4.7600000000e-01	-1.110620712147e+01
