# xdot = m - |x|, m=-3, x0=0.4, dt=1.000e-03, nsteps=2000
# t	x
1.0000000000e-03	3.976212934463e-01
2.0000000000e-03	3.952371821693e-01
3.0000000000e-03	3.928476788331e-01
4.0000000000e-03	3.904527962173e-01
5.0000000000e-03	3.880525472167e-01
6.0000000000e-03	3.856469448401e-01
7.0000000000e-03	3.832360022089e-01
8.0000000000e-03	3.808197325565e-01
9.0000000000e-03	3.783981492273e-01
1.0000000000e-02	3.759712656751e-01
1.1000000000e-02	3.735390954625e-01
1.2000000000e-02	3.711016522598e-01
1.3000000000e-02	3.686589498436e-01
1.4000000000e-02	3.662110020960e-01
1.5000000000e-02	3.637578230031e-01
1.6000000000e-02	3.612994266542e-01
1.7000000000e-02	3.588358272408e-01
1.8000000000e-02	3.563670390548e-01
1.9000000000e-02	3.538930764879e-01
2.0000000000e-02	3.514139540302e-01
2.1000000000e-02	3.489296862690e-01
2.2000000000e-02	3.464402878876e-01
2.3000000000e-02	3.439457736643e-01
2.4000000000e-02	3.414461584706e-01
2.5000000000e-02	3.389414572707e-01
2.6000000000e-02	3.364316851197e-01
2.7000000000e-02	3.339168571626e-01
2.8000000000e-02	3.313969886329e-01
2.9000000000e-02	3.288720948513e-01
3.0000000000e-02	3.263421912247e-01
3.1000000000e-02	3.238072932445e-01
3.2000000000e-02	3.212674164856e-01
3.3000000000e-02	3.187225766047e-01
3.4000000000e-02	3.161727893396e-01
3.5000000000e-02	3.136180705072e-01
3.6000000000e-02	3.110584360025e-01
3.7000000000e-02	3.084939017973e-01
3.8000000000e-02	3.059244839385e-01
3.9000000000e-02	3.033501985471e-01
4.0000000000e-02	3.007710618166e-01
4.1000000000e-02	2.981870900117e-01
4.2000000000e-02	2.955982994669e-01
4.3000000000e-02	2.930047065849e-01
4.4000000000e-02	2.904063278355e-01
4.5000000000e-02	2.878031797540e-01
4.6000000000e-02	2.851952789398e-01
4.7000000000e-02	2.825826420549e-01
4.8000000000e-02	2.799652858225e-01
4.9000000000e-02	2.773432270257e-01
5.0000000000e-02	2.747164825057e-01
5.1000000000e-02	2.720850691608e-01
5.2000000000e-02	2.694490039444e-01
5.3000000000e-02	2.668083038639e-01
5.4000000000e-02	2.641629859792e-01
5.5000000000e-02	2.615130674010e-01
5.6000000000e-02	2.588585652895e-01
5.7000000000e-02	2.561994968527e-01
5.8000000000e-02	2.535358793452e-01
5.9000000000e-02	2.508677300663e-01
6.0000000000e-02	2.481950663588e-01
6.1000000000e-02	2.455179056074e-01
6.2000000000e-02	2.428362652371e-01
6.3000000000e-02	2.401501627117e-01
6.4000000000e-02	2.374596155323e-01
6.5000000000e-02	2.347646412357e-01
6.6000000000e-02	2.320652573928e-01
6.7000000000e-02	2.293614816074e-01
6.8000000000e-02	2.266533315142e-01
6.9000000000e-02	2.239408247774e-01
7.0000000000e-02	2.212239790893e-01
7.1000000000e-02	2.185028121686e-01
7.2000000000e-02	2.157773417588e-01
7.3000000000e-02	2.130475856267e-01
7.4000000000e-02	2.103135615609e-01
7.5000000000e-02	2.075752873700e-01
7.6000000000e-02	2.048327808812e-01
7.7000000000e-02	2.020860599388e-01
7.8000000000e-02	1.993351424025e-01
7.9000000000e-02	1.965800461456e-01
8.0000000000e-02	1.938207890540e-01
8.1000000000e-02	1.910573890240e-01
8.2000000000e-02	1.882898639611e-01
8.3000000000e-02	1.855182317783e-01
8.4000000000e-02	1.827425103944e-01
8.5000000000e-02	1.799627177326e-01
8.6000000000e-02	1.771788717188e-01
8.7000000000e-02	1.743909902802e-01
8.8000000000e-02	1.715990913431e-01
8.9000000000e-02	1.688031928323e-01
9.0000000000e-02	1.660033126687e-01
9.1000000000e-02	1.631994687679e-01
9.2000000000e-02	1.603916790388e-01
9.3000000000e-02	1.575799613819e-01
9.4000000000e-02	1.547643336878e-01
9.5000000000e-02	1.519448138352e-01
9.6000000000e-02	1.491214196899e-01
9.7000000000e-02	1.462941691029e-01
9.8000000000e-02	1.434630799088e-01
9.9000000000e-02	1.406281699244e-01
1.0000000000e-01	1.377894569467e-01
1.0100000000e-01	1.349469587520e-01
1.0200000000e-01	1.321006930937e-01
1.0300000000e-01	1.292506777009e-01
1.0400000000e-01	1.263969302770e-01
1.0500000000e-01	1.235394684979e-01
1.0600000000e-01	1.206783100106e-01
1.0700000000e-01	1.178134724317e-01
1.0800000000e-01	1.149449733454e-01
1.0900000000e-01	1.120728303024e-01
1.1000000000e-01	1.091970608181e-01
1.1100000000e-01	1.063176823712e-01
1.1200000000e-01	1.034347124020e-01
1.1300000000e-01	1.005481683109e-01
1.1400000000e-01	9.765806745692e-02
1.1500000000e-01	9.476442715595e-02
1.1600000000e-01	9.186726467945e-02
1.1700000000e-01	8.896659725279e-02
1.1800000000e-01	8.606244205374e-02
1.1900000000e-01	8.315481621090e-02
1.2000000000e-01	8.024373680225e-02
1.2100000000e-01	7.732922085354e-02
1.2200000000e-01	7.441128533685e-02
1.2300000000e-01	7.148994716902e-02
1.2400000000e-01	6.856522321015e-02
1.2500000000e-01	6.563713026214e-02
1.2600000000e-01	6.270568506711e-02
1.2700000000e-01	5.977090430597e-02
1.2800000000e-01	5.683280459692e-02
1.2900000000e-01	5.389140249391e-02
1.3000000000e-01	5.094671448522e-02
1.3100000000e-01	4.799875699197e-02
1.3200000000e-01	4.504754636660e-02
1.3300000000e-01	4.209309889149e-02
1.3400000000e-01	3.913543077740e-02
1.3500000000e-01	3.617455816210e-02
1.3600000000e-01	3.321049710886e-02
1.3700000000e-01	3.024326360505e-02
1.3800000000e-01	2.727287356066e-02
1.3900000000e-01	2.429934280688e-02
1.4000000000e-01	2.132268709469e-02
1.4100000000e-01	1.834292209342e-02
1.4200000000e-01	1.536006338932e-02
1.4300000000e-01	1.237412648418e-02
1.4400000000e-01	9.385126793908e-03
1.4500000000e-01	6.393079647128e-03
1.4600000000e-01	3.398000283793e-03
1.4700000000e-01	3.999038537929e-04
1.4800000000e-01	-2.601194584420e-03
1.4900000000e-01	-5.605280065211e-03
1.5000000000e-01	-8.612337717132e-03
1.5100000000e-01	-1.162235276428e-02
1.5200000000e-01	-1.463531052765e-02
1.5300000000e-01	-1.765119642651e-02
1.5400000000e-01	-2.066999597970e-02
1.5500000000e-01	-2.369169480701e-02
1.5600000000e-01	-2.671627863049e-02
1.5700000000e-01	-2.974373327579e-02
1.5800000000e-01	-3.277404467345e-02
1.5900000000e-01	-3.580719886025e-02
1.6000000000e-01	-3.884318198047e-02
1.6100000000e-01	-4.188198028723e-02
1.6200000000e-01	-4.492358014378e-02
1.6300000000e-01	-4.796796802473e-02
1.6400000000e-01	-5.101513051741e-02
1.6500000000e-01	-5.406505432309e-02
1.6600000000e-01	-5.711772625825e-02
1.6700000000e-01	-6.017313325586e-02
1.6800000000e-01	-6.323126236662e-02
1.6900000000e-01	-6.629210076021e-02
1.7000000000e-01	-6.935563572654e-02
1.7100000000e-01	-7.242185467694e-02
1.7200000000e-01	-7.549074514547e-02
1.7300000000e-01	-7.856229479004e-02
1.7400000000e-01	-8.163649139371e-02
1.7500000000e-01	-8.471332286586e-02
1.7600000000e-01	-8.779277724339e-02
1.7700000000e-01	-9.087484269191e-02
1.7800000000e-01	-9.395950750697e-02
1.7900000000e-01	-9.704676011518e-02
1.8000000000e-01	-1.001365890754e-01
1.8100000000e-01	-1.032289830801e-01
1.8200000000e-01	-1.063239309560e-01
1.8300000000e-01	-1.094214216660e-01
1.8400000000e-01	-1.125214443095e-01
1.8500000000e-01	-1.156239881244e-01
1.8600000000e-01	-1.187290424874e-01
1.8700000000e-01	-1.218365969157e-01
1.8800000000e-01	-1.249466410681e-01
1.8900000000e-01	-1.280591647457e-01
1.9000000000e-01	-1.311741578934e-01
1.9100000000e-01	-1.342916106011e-01
1.9200000000e-01	-1.374115131043e-01
1.9300000000e-01	-1.405338557857e-01
1.9400000000e-01	-1.436586291761e-01
1.9500000000e-01	-1.467858239555e-01
1.9600000000e-01	-1.499154309541e-01
1.9700000000e-01	-1.530474411534e-01
1.9800000000e-01	-1.561818456874e-01
1.9900000000e-01	-1.593186358437e-01
2.0000000000e-01	-1.624578030644e-01
2.0100000000e-01	-1.655993389470e-01
2.0200000000e-01	-1.687432352459e-01
2.0300000000e-01	-1.718894838731e-01
2.0400000000e-01	-1.750380768993e-01
2.0500000000e-01	-1.781890065552e-01
2.0600000000e-01	-1.813422652321e-01
2.0700000000e-01	-1.844978454832e-01
2.0800000000e-01	-1.876557400246e-01
2.0900000000e-01	-1.908159417362e-01
2.1000000000e-01	-1.939784436630e-01
2.1100000000e-01	-1.971432390158e-01
2.1200000000e-01	-2.003103211722e-01
2.1300000000e-01	-2.034796836779e-01
2.1400000000e-01	-2.066513202475e-01
2.1500000000e-01	-2.098252247655e-01
2.1600000000e-01	-2.130013912872e-01
2.1700000000e-01	-2.161798140399e-01
2.1800000000e-01	-2.193604874239e-01
2.1900000000e-01	-2.225434060132e-01
2.2000000000e-01	-2.257285645567e-01
2.2100000000e-01	-2.289159579791e-01
2.2200000000e-01	-2.321055813819e-01
2.2300000000e-01	-2.352974300446e-01
2.2400000000e-01	-2.384914994250e-01
2.2500000000e-01	-2.416877851609e-01
2.2600000000e-01	-2.448862830708e-01
2.2700000000e-01	-2.480869891547e-01
2.2800000000e-01	-2.512898995952e-01
2.2900000000e-01	-2.544950107584e-01
2.3000000000e-01	-2.577023191951e-01
2.3100000000e-01	-2.609118216414e-01
2.3200000000e-01	-2.641235150198e-01
2.3300000000e-01	-2.673373964402e-01
2.3400000000e-01	-2.705534632009e-01
2.3500000000e-01	-2.737717127892e-01
2.3600000000e-01	-2.769921428830e-01
2.3700000000e-01	-2.802147513510e-01
2.3800000000e-01	-2.834395362543e-01
2.3900000000e-01	-2.866664958467e-01
2.4000000000e-01	-2.898956285764e-01
2.4100000000e-01	-2.931269330863e-01
2.4200000000e-01	-2.963604082153e-01
2.4300000000e-01	-2.995960529990e-01
2.4400000000e-01	-3.028338666711e-01
2.4500000000e-01	-3.060738486637e-01
2.4600000000e-01	-3.093159986088e-01
2.4700000000e-01	-3.125603163390e-01
2.4800000000e-01	-3.158068018886e-01
2.4900000000e-01	-3.190554554942e-01
2.5000000000e-01	-3.223062775961e-01
2.5100000000e-01	-3.255592688391e-01
2.5200000000e-01	-3.288144300733e-01
2.5300000000e-01	-3.320717623554e-01
2.5400000000e-01	-3.353312669492e-01
2.5500000000e-01	-3.385929453269e-01
2.5600000000e-01	-3.418567991702e-01
2.5700000000e-01	-3.451228303707e-01
2.5800000000e-01	-3.483910410317e-01
2.5900000000e-01	-3.516614334683e-01
2.6000000000e-01	-3.549340102090e-01
2.6100000000e-01	-3.582087739966e-01
2.6200000000e-01	-3.614857277889e-01
2.6300000000e-01	-3.647648747600e-01
2.6400000000e-01	-3.680462183011e-01
2.6500000000e-01	-3.713297620217e-01
2.6600000000e-01	-3.746155097505e-01
2.6700000000e-01	-3.779034655362e-01
2.6800000000e-01	-3.811936336491e-01
2.6900000000e-01	-3.844860185815e-01
2.7000000000e-01	-3.877806250491e-01
2.7100000000e-01	-3.910774579920e-01
2.7200000000e-01	-3.943765225755e-01
2.7300000000e-01	-3.976778241916e-01
2.7400000000e-01	-4.009813684595e-01
2.7500000000e-01	-4.042871612273e-01
2.7600000000e-01	-4.075952085725e-01
2.7700000000e-01	-4.109055168035e-01
2.7800000000e-01	-4.142180924603e-01
2.7900000000e-01	-4.175329423160e-01
2.8000000000e-01	-4.208500733777e-01
2.8100000000e-01	-4.241694928875e-01
2.8200000000e-01	-4.274912083240e-01
2.8300000000e-01	-4.308152274029e-01
2.8400000000e-01	-4.341415580788e-01
2.8500000000e-01	-4.374702085457e-01
2.8600000000e-01	-4.408011872385e-01
2.8700000000e-01	-4.441345028344e-01
2.8800000000e-01	-4.474701642534e-01
2.8900000000e-01	-4.508081806602e-01
2.9000000000e-01	-4.541485614651e-01
2.9100000000e-01	-4.574913163251e-01
2.9200000000e-01	-4.608364551456e-01
2.9300000000e-01	-4.641839880808e-01
2.9400000000e-01	-4.675339255360e-01
2.9500000000e-01	-4.708862781681e-01
2.9600000000e-01	-4.742410568870e-01
2.9700000000e-01	-4.775982728573e-01
2.9800000000e-01	-4.809579374991e-01
2.9900000000e-01	-4.843200624897e-01
3.0000000000e-01	-4.876846597649e-01
3.0100000000e-01	-4.910517415199e-01
3.0200000000e-01	-4.944213202113e-01
3.0300000000e-01	-4.977934085582e-01
3.0400000000e-01	-5.011680195435e-01
3.0500000000e-01	-5.045451664154e-01
3.0600000000e-01	-5.079248626890e-01
3.0700000000e-01	-5.113071221476e-01
3.0800000000e-01	-5.146919588439e-01
3.0900000000e-01	-5.180793871022e-01
3.1000000000e-01	-5.214694215190e-01
3.1100000000e-01	-5.248620769654e-01
3.1200000000e-01	-5.282573685880e-01
3.1300000000e-01	-5.316553118107e-01
3.1400000000e-01	-5.350559223363e-01
3.1500000000e-01	-5.384592161482e-01
3.1600000000e-01	-5.418652095117e-01
3.1700000000e-01	-5.452739189760e-01
3.1800000000e-01	-5.486853613756e-01
3.1900000000e-01	-5.520995538321e-01
3.2000000000e-01	-5.555165137559e-01
3.2100000000e-01	-5.589362588480e-01
3.2200000000e-01	-5.623588071015e-01
3.2300000000e-01	-5.657841768039e-01
3.2400000000e-01	-5.692123865382e-01
3.2500000000e-01	-5.726434551853e-01
3.2600000000e-01	-5.760774019256e-01
3.2700000000e-01	-5.795142462408e-01
3.2800000000e-01	-5.829540079162e-01
3.2900000000e-01	-5.863967070420e-01
3.3000000000e-01	-5.898423640159e-01
3.3100000000e-01	-5.932909995447e-01
3.3200000000e-01	-5.967426346463e-01
3.3300000000e-01	-6.001972906521e-01
3.3400000000e-01	-6.036549892084e-01
3.3500000000e-01	-6.071157522795e-01
3.3600000000e-01	-6.105796021487e-01
3.3700000000e-01	-6.140465614212e-01
3.3800000000e-01	-6.175166530264e-01
3.3900000000e-01	-6.209899002193e-01
3.4000000000e-01	-6.244663265837e-01
3.4100000000e-01	-6.279459560338e-01
3.4200000000e-01	-6.314288128171e-01
3.4300000000e-01	-6.349149215161e-01
3.4400000000e-01	-6.384043070513e-01
3.4500000000e-01	-6.418969946832e-01
3.4600000000e-01	-6.453930100152e-01
3.4700000000e-01	-6.488923789956e-01
3.4800000000e-01	-6.523951279204e-01
3.4900000000e-01	-6.559012834359e-01
3.5000000000e-01	-6.594108725414e-01
3.5100000000e-01	-6.629239225916e-01
3.5200000000e-01	-6.664404612993e-01
3.5300000000e-01	-6.699605167386e-01
3.5400000000e-01	-6.734841173470e-01
3.5500000000e-01	-6.770112919288e-01
3.5600000000e-01	-6.805420696575e-01
3.5700000000e-01	-6.840764800792e-01
3.5800000000e-01	-6.876145531150e-01
3.5900000000e-01	-6.911563190646e-01
3.6000000000e-01	-6.947018086088e-01
3.6100000000e-01	-6.982510528129e-01
3.6200000000e-01	-7.018040831298e-01
3.6300000000e-01	-7.053609314029e-01
3.6400000000e-01	-7.089216298700e-01
3.6500000000e-01	-7.124862111660e-01
3.6600000000e-01	-7.160547083263e-01
3.6700000000e-01	-7.196271547904e-01
3.6800000000e-01	-7.232035844053e-01
3.6900000000e-01	-7.267840314290e-01
3.7000000000e-01	-7.303685305339e-01
3.7100000000e-01	-7.339571168107e-01
3.7200000000e-01	-7.375498257717e-01
3.7300000000e-01	-7.411466933549e-01
3.7400000000e-01	-7.447477559275e-01
3.7500000000e-01	-7.483530502900e-01
3.7600000000e-01	-7.519626136799e-01
3.7700000000e-01	-7.555764837757e-01
3.7800000000e-01	-7.591946987011e-01
3.7900000000e-01	-7.628172970289e-01
3.8000000000e-01	-7.664443177853e-01
3.8100000000e-01	-7.700758004541e-01
3.8200000000e-01	-7.737117849810e-01
3.8300000000e-01	-7.773523117780e-01
3.8400000000e-01	-7.809974217276e-01
3.8500000000e-01	-7.846471561877e-01
3.8600000000e-01	-7.883015569961e-01
3.8700000000e-01	-7.919606664748e-01
3.8800000000e-01	-7.956245274353e-01
3.8900000000e-01	-7.992931831830e-01
3.9000000000e-01	-8.029666775222e-01
3.9100000000e-01	-8.066450547611e-01
3.9200000000e-01	-8.103283597169e-01
3.9300000000e-01	-8.140166377210e-01
3.9400000000e-01	-8.177099346239e-01
3.9500000000e-01	-8.214082968009e-01
3.9600000000e-01	-8.251117711574e-01
3.9700000000e-01	-8.288204051342e-01
3.9800000000e-01	-8.325342467132e-01
3.9900000000e-01	-8.362533444231e-01
4.0000000000e-01	-8.399777473454e-01
4.0100000000e-01	-8.437075051197e-01
4.0200000000e-01	-8.474426679500e-01
4.0300000000e-01	-8.511832866110e-01
4.0400000000e-01	-8.549294124538e-01
4.0500000000e-01	-8.586810974125e-01
4.0600000000e-01	-8.624383940103e-01
4.0700000000e-01	-8.662013553663e-01
4.0800000000e-01	-8.699700352018e-01
4.0900000000e-01	-8.737444878472e-01
4.1000000000e-01	-8.775247682489e-01
4.1100000000e-01	-8.813109319757e-01
4.1200000000e-01	-8.851030352266e-01
4.1300000000e-01	-8.889011348374e-01
4.1400000000e-01	-8.927052882882e-01
4.1500000000e-01	-8.965155537111e-01
4.1600000000e-01	-9.003319898971e-01
4.1700000000e-01	-9.041546563043e-01
4.1800000000e-01	-9.079836130655e-01
4.1900000000e-01	-9.118189209965e-01
4.2000000000e-01	-9.156606416034e-01
4.2100000000e-01	-9.195088370916e-01
4.2200000000e-01	-9.233635703739e-01
4.2300000000e-01	-9.272249050789e-01
4.2400000000e-01	-9.310929055597e-01
4.2500000000e-01	-9.349676369028e-01
4.2600000000e-01	-9.388491649371e-01
4.2700000000e-01	-9.427375562428e-01
4.2800000000e-01	-9.466328781610e-01
4.2900000000e-01	-9.505351988028e-01
4.3000000000e-01	-9.544445870594e-01
4.3100000000e-01	-9.583611126112e-01
4.3200000000e-01	-9.622848459385e-01
4.3300000000e-01	-9.662158583310e-01
4.3400000000e-01	-9.701542218988e-01
4.3500000000e-01	-9.741000095820e-01
4.3600000000e-01	-9.780532951623e-01
4.3700000000e-01	-9.820141532735e-01
4.3800000000e-01	-9.859826594123e-01
4.3900000000e-01	-9.899588899500e-01
4.4000000000e-01	-9.939429221441e-01
4.4100000000e-01	-9.979348341494e-01
4.4200000000e-01	-1.001934705030e+00
4.4300000000e-01	-1.005942614773e+00
4.4400000000e-01	-1.009958644298e+00
4.4500000000e-01	-1.013982875472e+00
4.4600000000e-01	-1.018015391121e+00
4.4700000000e-01	-1.022056275044e+00
4.4800000000e-01	-1.026105612025e+00
4.4900000000e-01	-1.030163487849e+00
4.5000000000e-01	-1.034229989311e+00
4.5100000000e-01	-1.038305204236e+00
4.5200000000e-01	-1.042389221489e+00
4.5300000000e-01	-1.046482130991e+00
4.5400000000e-01	-1.050584023735e+00
4.5500000000e-01	-1.054694991798e+00
4.5600000000e-01	-1.058815128360e+00
4.5700000000e-01	-1.062944527718e+00
4.5800000000e-01	-1.067083285300e+00
4.5900000000e-01	-1.071231497686e+00
4.6000000000e-01	-1.075389262620e+00
4.6100000000e-01	-1.079556679031e+00
4.6200000000e-01	-1.083733847045e+00
4.6300000000e-01	-1.087920868010e+00
4.6400000000e-01	-1.092117844506e+00
4.6500000000e-01	-1.096324880368e+00
4.6600000000e-01	-1.100542080705e+00
4.6700000000e-01	-1.104769551916e+00
4.6800000000e-01	-1.109007401712e+00
4.6900000000e-01	-1.113255739134e+00
4.7000000000e-01	-1.117514674574e+00
4.7100000000e-01	-1.121784319797e+00
4.7200000000e-01	-1.126064787958e+00
4.7300000000e-01	-1.130356193626e+00
4.7400000000e-01	-1.134658652808e+00
4.7500000000e-01	-1.138972282966e+00
4.7600000000e-01	-1.143297203044e+00
4.7700000000e-01	-1.147633533489e+00
4.7800000000e-01	-1.151981396274e+00
4.7900000000e-01	-1.156340914926e+00
4.8000000000e-01	-1.160712214546e+00
4.8100000000e-01	-1.165095421835e+00
4.8200000000e-01	-1.169490665123e+00
4.8300000000e-01	-1.173898074389e+00
4.8400000000e-01	-1.178317781294e+00
4.8500000000e-01	-1.182749919205e+00
4.8600000000e-01	-1.187194623221e+00
4.8700000000e-01	-1.191652030206e+00
4.8800000000e-01	-1.196122278814e+00
4.8900000000e-01	-1.200605509520e+00
4.9000000000e-01	-1.205101864650e+00
4.9100000000e-01	-1.209611488412e+00
4.9200000000e-01	-1.214134526927e+00
4.9300000000e-01	-1.218671128261e+00
4.9400000000e-01	-1.223221442459e+00
4.9500000000e-01	-1.227785621577e+00
4.9600000000e-01	-1.232363819716e+00
4.9700000000e-01	-1.236956193060e+00
4.9800000000e-01	-1.241562899906e+00
4.9900000000e-01	-1.246184100707e+00
5.0000000000e-01	-1.250819958106e+00
5.0100000000e-01	-1.255470636971e+00
5.0200000000e-01	-1.260136304441e+00
5.0300000000e-01	-1.264817129961e+00
5.0400000000e-01	-1.269513285321e+00
5.0500000000e-01	-1.274224944703e+00
5.0600000000e-01	-1.278952284720e+00
5.0700000000e-01	-1.283695484460e+00
5.0800000000e-01	-1.288454725530e+00
5.0900000000e-01	-1.293230192102e+00
5.1000000000e-01	-1.298022070959e+00
5.1100000000e-01	-1.302830551545e+00
5.1200000000e-01	-1.307655826008e+00
5.1300000000e-01	-1.312498089256e+00
5.1400000000e-01	-1.317357539003e+00
5.1500000000e-01	-1.322234375824e+00
5.1600000000e-01	-1.327128803207e+00
5.1700000000e-01	-1.332041027606e+00
5.1800000000e-01	-1.336971258502e+00
5.1900000000e-01	-1.341919708452e+00
5.2000000000e-01	-1.346886593154e+00
5.2100000000e-01	-1.351872131504e+00
5.2200000000e-01	-1.356876545659e+00
5.2300000000e-01	-1.361900061096e+00
5.2400000000e-01	-1.366942906679e+00
5.2500000000e-01	-1.372005314724e+00
5.2600000000e-01	-1.377087521068e+00
5.2700000000e-01	-1.382189765135e+00
5.2800000000e-01	-1.387312290006e+00
5.2900000000e-01	-1.392455342496e+00
5.3000000000e-01	-1.397619173223e+00
5.3100000000e-01	-1.402804036687e+00
5.3200000000e-01	-1.408010191348e+00
5.3300000000e-01	-1.413237899701e+00
5.3400000000e-01	-1.418487428365e+00
5.3500000000e-01	-1.423759048161e+00
5.3600000000e-01	-1.429053034201e+00
5.3700000000e-01	-1.434369665972e+00
5.3800000000e-01	-1.439709227435e+00
5.3900000000e-01	-1.445072007105e+00
5.4000000000e-01	-1.450458298158e+00
5.4100000000e-01	-1.455868398522e+00
5.4200000000e-01	-1.461302610977e+00
5.4300000000e-01	-1.466761243259e+00
5.4400000000e-01	-1.472244608167e+00
5.4500000000e-01	-1.477753023667e+00
5.4600000000e-01	-1.483286813007e+00
5.4700000000e-01	-1.488846304826e+00
5.4800000000e-01	-1.494431833276e+00
5.4900000000e-01	-1.500043738139e+00
5.5000000000e-01	-1.505682364952e+00
5.5100000000e-01	-1.511348065130e+00
5.5200000000e-01	-1.517041196101e+00
5.5300000000e-01	-1.522762121435e+00
5.5400000000e-01	-1.528511210985e+00
5.5500000000e-01	-1.534288841026e+00
5.5600000000e-01	-1.540095394399e+00
5.5700000000e-01	-1.545931260663e+00
5.5800000000e-01	-1.551796836244e+00
5.5900000000e-01	-1.557692524597e+00
5.6000000000e-01	-1.563618736366e+00
5.6100000000e-01	-1.569575889547e+00
5.6200000000e-01	-1.575564409667e+00
5.6300000000e-01	-1.581584729953e+00
5.6400000000e-01	-1.587637291516e+00
5.6500000000e-01	-1.593722543538e+00
5.6600000000e-01	-1.599840943466e+00
5.6700000000e-01	-1.605992957203e+00
5.6800000000e-01	-1.612179059320e+00
5.6900000000e-01	-1.618399733258e+00
5.7000000000e-01	-1.624655471550e+00
5.7100000000e-01	-1.630946776039e+00
5.7200000000e-01	-1.637274158108e+00
5.7300000000e-01	-1.643638138918e+00
5.7400000000e-01	-1.650039249647e+00
5.7500000000e-01	-1.656478031745e+00
5.7600000000e-01	-1.662955037189e+00
5.7700000000e-01	-1.669470828752e+00
5.7800000000e-01	-1.676025980275e+00
5.7900000000e-01	-1.682621076952e+00
5.8000000000e-01	-1.689256715620e+00
5.8100000000e-01	-1.695933505065e+00
5.8200000000e-01	-1.702652066326e+00
5.8300000000e-01	-1.709413033023e+00
5.8400000000e-01	-1.716217051686e+00
5.8500000000e-01	-1.723064782092e+00
5.8600000000e-01	-1.729956897629e+00
5.8700000000e-01	-1.736894085649e+00
5.8800000000e-01	-1.743877047854e+00
5.8900000000e-01	-1.750906500683e+00
5.9000000000e-01	-1.757983175710e+00
5.9100000000e-01	-1.765107820069e+00
5.9200000000e-01	-1.772281196874e+00
5.9300000000e-01	-1.779504085672e+00
5.9400000000e-01	-1.786777282901e+00
5.9500000000e-01	-1.794101602362e+00
5.9600000000e-01	-1.801477875717e+00
5.9700000000e-01	-1.808906952995e+00
5.9800000000e-01	-1.816389703124e+00
5.9900000000e-01	-1.823927014469e+00
6.0000000000e-01	-1.831519795409e+00
6.0100000000e-01	-1.839168974913e+00
6.0200000000e-01	-1.846875503154e+00
6.0300000000e-01	-1.854640352135e+00
6.0400000000e-01	-1.862464516342e+00
6.0500000000e-01	-1.870349013421e+00
6.0600000000e-01	-1.878294884879e+00
6.0700000000e-01	-1.886303196812e+00
6.0800000000e-01	-1.894375040658e+00
6.0900000000e-01	-1.902511533983e+00
6.1000000000e-01	-1.910713821294e+00
6.1100000000e-01	-1.918983074882e+00
6.1200000000e-01	-1.927320495700e+00
6.1300000000e-01	-1.935727314275e+00
6.1400000000e-01	-1.944204791653e+00
6.1500000000e-01	-1.952754220387e+00
6.1600000000e-01	-1.961376925556e+00
6.1700000000e-01	-1.970074265833e+00
6.1800000000e-01	-1.978847634591e+00
6.1900000000e-01	-1.987698461056e+00
6.2000000000e-01	-1.996628211504e+00
6.2100000000e-01	-2.005638390514e+00
6.2200000000e-01	-2.014730542267e+00
6.2300000000e-01	-2.023906251901e+00
6.2400000000e-01	-2.033167146925e+00
6.2500000000e-01	-2.042514898689e+00
6.2600000000e-01	-2.051951223924e+00
6.2700000000e-01	-2.061477886340e+00
6.2800000000e-01	-2.071096698300e+00
6.2900000000e-01	-2.080809522565e+00
6.3000000000e-01	-2.090618274115e+00
6.3100000000e-01	-2.100524922055e+00
6.3200000000e-01	-2.110531491602e+00
6.3300000000e-01	-2.120640066166e+00
6.3400000000e-01	-2.130852789523e+00
6.3500000000e-01	-2.141171868091e+00
6.3600000000e-01	-2.151599573310e+00
6.3700000000e-01	-2.162138244131e+00
6.3800000000e-01	-2.172790289631e+00
6.3900000000e-01	-2.183558191743e+00
6.4000000000e-01	-2.194444508124e+00
6.4100000000e-01	-2.205451875158e+00
6.4200000000e-01	-2.216583011109e+00
6.4300000000e-01	-2.227840719427e+00
6.4400000000e-01	-2.239227892223e+00
6.4500000000e-01	-2.250747513915e+00
6.4600000000e-01	-2.262402665059e+00
6.4700000000e-01	-2.274196526380e+00
6.4800000000e-01	-2.286132383005e+00
6.4900000000e-01	-2.298213628928e+00
6.5000000000e-01	-2.310443771698e+00
6.5100000000e-01	-2.322826437363e+00
6.5200000000e-01	-2.335365375680e+00
6.5300000000e-01	-2.348064465610e+00
6.5400000000e-01	-2.360927721102e+00
6.5500000000e-01	-2.373959297216e+00
6.5600000000e-01	-2.387163496574e+00
6.5700000000e-01	-2.400544776180e+00
6.5800000000e-01	-2.414107754633e+00
6.5900000000e-01	-2.427857219751e+00
6.6000000000e-01	-2.441798136642e+00
6.6100000000e-01	-2.455935656252e+00
6.6200000000e-01	-2.470275124418e+00
6.6300000000e-01	-2.484822091473e+00
6.6400000000e-01	-2.499582322430e+00
6.6500000000e-01	-2.514561807796e+00
6.6600000000e-01	-2.529766775059e+00
6.6700000000e-01	-2.545203700899e+00
6.6800000000e-01	-2.560879324179e+00
6.6900000000e-01	-2.576800659766e+00
6.7000000000e-01	-2.592975013267e+00
6.7100000000e-01	-2.609409996725e+00
6.7200000000e-01	-2.626113545373e+00
6.7300000000e-01	-2.643093935516e+00
6.7400000000e-01	-2.660359803641e+00
6.7500000000e-01	-2.677920166854e+00
6.7600000000e-01	-2.695784444746e+00
6.7700000000e-01	-2.713962482825e+00
6.7800000000e-01	-2.732464577625e+00
6.7900000000e-01	-2.751301503666e+00
6.8000000000e-01	-2.770484542393e+00
6.8100000000e-01	-2.790025513297e+00
6.8200000000e-01	-2.809936807403e+00
6.8300000000e-01	-2.830231423340e+00
6.8400000000e-01	-2.850923006233e+00
6.8500000000e-01	-2.872025889689e+00
6.8600000000e-01	-2.893555141153e+00
6.8700000000e-01	-2.915526610990e+00
6.8800000000e-01	-2.937956985618e+00
6.8900000000e-01	-2.960863845141e+00
6.9000000000e-01	-2.984265725897e+00
6.9100000000e-01	-3.008182188449e+00
6.9200000000e-01	-3.032633891585e+00
6.9300000000e-01	-3.057642672955e+00
6.9400000000e-01	-3.083231637070e+00
6.9500000000e-01	-3.109425251468e+00
6.9600000000e-01	-3.136249451953e+00
6.9700000000e-01	-3.163731757951e+00
6.9800000000e-01	-3.191901399131e+00
6.9900000000e-01	-3.220789454636e+00
7.0000000000e-01	-3.250429006425e+00
7.0100000000e-01	-3.280855308448e+00
7.0200000000e-01	-3.312105973624e+00
7.0300000000e-01	-3.344221180888e+00
7.0400000000e-01	-3.377243904889e+00
7.0500000000e-01	-3.411220171337e+00
7.0600000000e-01	-3.446199341457e+00
7.0700000000e-01	-3.482234429542e+00
7.0800000000e-01	-3.519382458276e+00
7.0900000000e-01	-3.557704857226e+00
7.1000000000e-01	-3.597267910877e+00
7.1100000000e-01	-3.638143263621e+00
7.1200000000e-01	-3.680408490498e+00
7.1300000000e-01	-3.724147744020e+00
7.1400000000e-01	-3.769452489381e+00
7.1500000000e-01	-3.816422342702e+00
7.1600000000e-01	-3.865166029791e+00
7.1700000000e-01	-3.915802486486e+00
7.1800000000e-01	-3.968462125951e+00
7.1900000000e-01	-4.023288303718e+00
7.2000000000e-01	-4.080439018024e+00
7.2100000000e-01	-4.140088891434e+00
7.2200000000e-01	-4.202431490475e+00
7.2300000000e-01	-4.267682053593e+00
7.2400000000e-01	-4.336080715213e+00
7.2500000000e-01	-4.407896336172e+00
7.2600000000e-01	-4.483431080108e+00
7.2700000000e-01	-4.563025913814e+00
7.2800000000e-01	-4.647067260446e+00
7.2900000000e-01	-4.735995102515e+00
7.3000000000e-01	-4.830312923478e+00
7.3100000000e-01	-4.930600002259e+00
7.3200000000e-01	-5.037526748523e+00
7.3300000000e-01	-5.151874009504e+00
7.3400000000e-01	-5.274557624224e+00
7.3500000000e-01	-5.406659998549e+00
7.3600000000e-01	-5.549471204084e+00
7.3700000000e-01	-5.704543193589e+00
7.3800000000e-01	-5.873762385913e+00
7.3900000000e-01	-6.059448460892e+00
7.4000000000e-01	-6.264491338241e+00
7.4100000000e-01	-6.492545105369e+00
7.4200000000e-01	-6.748309173384e+00
7.4300000000e-01	-7.037947178564e+00
7.4400000000e-01	-7.369731221744e+00
7.4500000000e-01	-7.755070312896e+00
7.4600000000e-01	-8.210226937826e+00
7.4700000000e-01	-8.759341744388e+00
7.4800000000e-01	-9.440135421981e+00
7.4900000000e-01	-1.031563037661e+01
7.5000000000e-01	-1.150120840588e+01
