# xdot = m - |x|, m=-3, x0=0.2, dt=1.000e-03, nsteps=2000
# t	x
1.0000000000e-03	1.972459114600e-01
2.0000000000e-03	1.944876577640e-01
3.0000000000e-03	1.917252568059e-01
4.0000000000e-03	1.889587264891e-01
5.0000000000e-03	1.861880847250e-01
6.0000000000e-03	1.834133494312e-01
7.0000000000e-03	1.806345385298e-01
8.0000000000e-03	1.778516699464e-01
9.0000000000e-03	1.750647616078e-01
1.0000000000e-02	1.722738314409e-01
1.1000000000e-02	1.694788973709e-01
1.2000000000e-02	1.666799773197e-01
1.3000000000e-02	1.638770892045e-01
1.4000000000e-02	1.610702509359e-01
1.5000000000e-02	1.582594804165e-01
1.6000000000e-02	1.554447955395e-01
1.7000000000e-02	1.526262141866e-01
1.8000000000e-02	1.498037542269e-01
1.9000000000e-02	1.469774335150e-01
2.0000000000e-02	1.441472698899e-01
2.1000000000e-02	1.413132811724e-01
2.2000000000e-02	1.384754851649e-01
2.3000000000e-02	1.356338996485e-01
2.4000000000e-02	1.327885423824e-01
2.5000000000e-02	1.299394311017e-01
2.6000000000e-02	1.270865835161e-01
2.7000000000e-02	1.242300173084e-01
2.8000000000e-02	1.213697501328e-01
2.9000000000e-02	1.185057996131e-01
3.0000000000e-02	1.156381833416e-01
3.1000000000e-02	1.127669188774e-01
3.2000000000e-02	1.098920237443e-01
3.3000000000e-02	1.070135154302e-01
3.4000000000e-02	1.041314113848e-01
3.5000000000e-02	1.012457290182e-01
3.6000000000e-02	9.835648569952e-02
3.7000000000e-02	9.546369875532e-02
3.8000000000e-02	9.256738546791e-02
3.9000000000e-02	8.966756307391e-02
4.0000000000e-02	8.676424876273e-02
4.1000000000e-02	8.385745967500e-02
4.2000000000e-02	8.094721290106e-02
4.3000000000e-02	7.803352547941e-02
4.4000000000e-02	7.511641439524e-02
4.5000000000e-02	7.219589657886e-02
4.6000000000e-02	6.927198890423e-02
4.7000000000e-02	6.634470818743e-02
4.8000000000e-02	6.341407118516e-02
4.9000000000e-02	6.048009459327e-02
5.0000000000e-02	5.754279504522e-02
5.1000000000e-02	5.460218911063e-02
5.2000000000e-02	5.165829329378e-02
5.3000000000e-02	4.871112403212e-02
5.4000000000e-02	4.576069769485e-02
5.5000000000e-02	4.280703058138e-02
5.6000000000e-02	3.985013891993e-02
5.7000000000e-02	3.689003886600e-02
5.8000000000e-02	3.392674650102e-02
5.9000000000e-02	3.096027783081e-02
6.0000000000e-02	2.799064878417e-02
6.1000000000e-02	2.501787521147e-02
6.2000000000e-02	2.204197288320e-02
6.3000000000e-02	1.906295748853e-02
6.4000000000e-02	1.608084463392e-02
6.5000000000e-02	1.309564984168e-02
6.6000000000e-02	1.010738854859e-02
6.7000000000e-02	7.116076104492e-03
6.8000000000e-02	4.121727770878e-03
6.9000000000e-02	1.124358719523e-03
7.0000000000e-02	-1.876015968910e-03
7.1000000000e-02	-4.879381306240e-03
7.2000000000e-02	-7.885722398142e-03
7.3000000000e-02	-1.089502444551e-02
7.4000000000e-02	-1.390727274582e-02
7.5000000000e-02	-1.692245269446e-02
7.6000000000e-02	-1.994054978611e-02
7.7000000000e-02	-2.296154961606e-02
7.8000000000e-02	-2.598543788152e-02
7.9000000000e-02	-2.901220038300e-02
8.0000000000e-02	-3.204182302559e-02
8.1000000000e-02	-3.507429182028e-02
8.2000000000e-02	-3.810959288528e-02
8.3000000000e-02	-4.114771244729e-02
8.4000000000e-02	-4.418863684283e-02
8.5000000000e-02	-4.723235251951e-02
8.6000000000e-02	-5.027884603732e-02
8.7000000000e-02	-5.332810406987e-02
8.8000000000e-02	-5.638011340572e-02
8.9000000000e-02	-5.943486094957e-02
9.0000000000e-02	-6.249233372359e-02
9.1000000000e-02	-6.555251886858e-02
9.2000000000e-02	-6.861540364530e-02
9.3000000000e-02	-7.168097543566e-02
9.4000000000e-02	-7.474922174394e-02
9.5000000000e-02	-7.782013019804e-02
9.6000000000e-02	-8.089368855067e-02
9.7000000000e-02	-8.396988468059e-02
9.8000000000e-02	-8.704870659378e-02
9.9000000000e-02	-9.013014242467e-02
1.0000000000e-01	-9.321418043729e-02
1.0100000000e-01	-9.630080902651e-02
1.0200000000e-01	-9.939001671915e-02
1.0300000000e-01	-1.024817921752e-01
1.0400000000e-01	-1.055761241890e-01
1.0500000000e-01	-1.086730016903e-01
1.0600000000e-01	-1.117724137456e-01
1.0700000000e-01	-1.148743495591e-01
1.0800000000e-01	-1.179787984739e-01
1.0900000000e-01	-1.210857499732e-01
1.1000000000e-01	-1.241951936813e-01
1.1100000000e-01	-1.273071193651e-01
1.1200000000e-01	-1.304215169346e-01
1.1300000000e-01	-1.335383764445e-01
1.1400000000e-01	-1.366576880950e-01
1.1500000000e-01	-1.397794422333e-01
1.1600000000e-01	-1.429036293542e-01
1.1700000000e-01	-1.460302401015e-01
1.1800000000e-01	-1.491592652691e-01
1.1900000000e-01	-1.522906958019e-01
1.2000000000e-01	-1.554245227970e-01
1.2100000000e-01	-1.585607375047e-01
1.2200000000e-01	-1.616993313297e-01
1.2300000000e-01	-1.648402958319e-01
1.2400000000e-01	-1.679836227276e-01
1.2500000000e-01	-1.711293038908e-01
1.2600000000e-01	-1.742773313538e-01
1.2700000000e-01	-1.774276973083e-01
1.2800000000e-01	-1.805803941069e-01
1.2900000000e-01	-1.837354142636e-01
1.3000000000e-01	-1.868927504550e-01
1.3100000000e-01	-1.900523955214e-01
1.3200000000e-01	-1.932143424678e-01
1.3300000000e-01	-1.963785844648e-01
1.3400000000e-01	-1.995451148497e-01
1.3500000000e-01	-2.027139271275e-01
1.3600000000e-01	-2.058850149718e-01
1.3700000000e-01	-2.090583722261e-01
1.3800000000e-01	-2.122339929043e-01
1.3900000000e-01	-2.154118711922e-01
1.4000000000e-01	-2.185920014480e-01
1.4100000000e-01	-2.217743782037e-01
1.4200000000e-01	-2.249589961660e-01
1.4300000000e-01	-2.281458502169e-01
1.4400000000e-01	-2.313349354153e-01
1.4500000000e-01	-2.345262469973e-01
1.4600000000e-01	-2.377197803779e-01
1.4700000000e-01	-2.409155311511e-01
1.4800000000e-01	-2.441134950917e-01
1.4900000000e-01	-2.473136681558e-01
1.5000000000e-01	-2.505160464817e-01
1.5100000000e-01	-2.537206263914e-01
1.5200000000e-01	-2.569274043907e-01
1.5300000000e-01	-2.601363771709e-01
1.5400000000e-01	-2.633475416094e-01
1.5500000000e-01	-2.665608947709e-01
1.5600000000e-01	-2.697764339078e-01
1.5700000000e-01	-2.729941564621e-01
1.5800000000e-01	-2.762140600651e-01
1.5900000000e-01	-2.794361425397e-01
1.6000000000e-01	-2.826604019002e-01
1.6100000000e-01	-2.858868363539e-01
1.6200000000e-01	-2.891154443018e-01
1.6300000000e-01	-2.923462243399e-01
1.6400000000e-01	-2.955791752595e-01
1.6500000000e-01	-2.988142960488e-01
1.6600000000e-01	-3.020515858933e-01
1.6700000000e-01	-3.052910441773e-01
1.6800000000e-01	-3.085326704843e-01
1.6900000000e-01	-3.117764645984e-01
1.7000000000e-01	-3.150224265050e-01
1.7100000000e-01	-3.182705563920e-01
1.7200000000e-01	-3.215208546502e-01
1.7300000000e-01	-3.247733218750e-01
1.7400000000e-01	-3.280279588668e-01
1.7500000000e-01	-3.312847666322e-01
1.7600000000e-01	-3.345437463850e-01
1.7700000000e-01	-3.378048995471e-01
1.7800000000e-01	-3.410682277492e-01
1.7900000000e-01	-3.443337328324e-01
1.8000000000e-01	-3.476014168486e-01
1.8100000000e-01	-3.508712820617e-01
1.8200000000e-01	-3.541433309486e-01
1.8300000000e-01	-3.574175662002e-01
1.8400000000e-01	-3.606939907223e-01
1.8500000000e-01	-3.639726076366e-01
1.8600000000e-01	-3.672534202819e-01
1.8700000000e-01	-3.705364322147e-01
1.8800000000e-01	-3.738216472108e-01
1.8900000000e-01	-3.771090692656e-01
1.9000000000e-01	-3.803987025959e-01
1.9100000000e-01	-3.836905516401e-01
1.9200000000e-01	-3.869846210599e-01
1.9300000000e-01	-3.902809157412e-01
1.9400000000e-01	-3.935794407947e-01
1.9500000000e-01	-3.968802015576e-01
1.9600000000e-01	-4.001832035941e-01
1.9700000000e-01	-4.034884526969e-01
1.9800000000e-01	-4.067959548881e-01
1.9900000000e-01	-4.101057164200e-01
2.0000000000e-01	-4.134177437768e-01
2.0100000000e-01	-4.167320436750e-01
2.0200000000e-01	-4.200486230652e-01
2.0300000000e-01	-4.233674891326e-01
2.0400000000e-01	-4.266886492986e-01
2.0500000000e-01	-4.300121112215e-01
2.0600000000e-01	-4.333378827981e-01
2.0700000000e-01	-4.366659721644e-01
2.0800000000e-01	-4.399963876970e-01
2.0900000000e-01	-4.433291380146e-01
2.1000000000e-01	-4.466642319783e-01
2.1100000000e-01	-4.500016786937e-01
2.1200000000e-01	-4.533414875116e-01
2.1300000000e-01	-4.566836680294e-01
2.1400000000e-01	-4.600282300921e-01
2.1500000000e-01	-4.633751837941e-01
2.1600000000e-01	-4.667245394796e-01
2.1700000000e-01	-4.700763077447e-01
2.1800000000e-01	-4.734304994381e-01
2.1900000000e-01	-4.767871256628e-01
2.2000000000e-01	-4.801461977770e-01
2.2100000000e-01	-4.835077273958e-01
2.2200000000e-01	-4.868717263924e-01
2.2300000000e-01	-4.902382068992e-01
2.2400000000e-01	-4.936071813096e-01
2.2500000000e-01	-4.969786622791e-01
2.2600000000e-01	-5.003526627267e-01
2.2700000000e-01	-5.037291958366e-01
2.2800000000e-01	-5.071082750591e-01
2.2900000000e-01	-5.104899141127e-01
2.3000000000e-01	-5.138741269848e-01
2.3100000000e-01	-5.172609279339e-01
2.3200000000e-01	-5.206503314909e-01
2.3300000000e-01	-5.240423524601e-01
2.3400000000e-01	-5.274370059216e-01
2.3500000000e-01	-5.308343072321e-01
2.3600000000e-01	-5.342342720270e-01
2.3700000000e-01	-5.376369162216e-01
2.3800000000e-01	-5.410422560131e-01
2.3900000000e-01	-5.444503078819e-01
2.4000000000e-01	-5.478610885935e-01
2.4100000000e-01	-5.512746151998e-01
2.4200000000e-01	-5.546909050416e-01
2.4300000000e-01	-5.581099757493e-01
2.4400000000e-01	-5.615318452454e-01
2.4500000000e-01	-5.649565317461e-01
2.4600000000e-01	-5.683840537628e-01
2.4700000000e-01	-5.718144301043e-01
2.4800000000e-01	-5.752476798786e-01
2.4900000000e-01	-5.786838224943e-01
2.5000000000e-01	-5.821228776632e-01
2.5100000000e-01	-5.855648654018e-01
2.5200000000e-01	-5.890098060332e-01
2.5300000000e-01	-5.924577201894e-01
2.5400000000e-01	-5.959086288131e-01
2.5500000000e-01	-5.993625531595e-01
2.5600000000e-01	-6.028195147990e-01
2.5700000000e-01	-6.062795356186e-01
2.5800000000e-01	-6.097426378245e-01
2.5900000000e-01	-6.132088439439e-01
2.6000000000e-01	-6.166781768277e-01
2.6100000000e-01	-6.201506596521e-01
2.6200000000e-01	-6.236263159211e-01
2.6300000000e-01	-6.271051694691e-01
2.6400000000e-01	-6.305872444627e-01
2.6500000000e-01	-6.340725654034e-01
2.6600000000e-01	-6.375611571297e-01
2.6700000000e-01	-6.410530448200e-01
2.6800000000e-01	-6.445482539943e-01
2.6900000000e-01	-6.480468105176e-01
2.7000000000e-01	-6.515487406015e-01
2.7100000000e-01	-6.550540708077e-01
2.7200000000e-01	-6.585628280499e-01
2.7300000000e-01	-6.620750395965e-01
2.7400000000e-01	-6.655907330738e-01
2.7500000000e-01	-6.691099364683e-01
2.7600000000e-01	-6.726326781294e-01
2.7700000000e-01	-6.761589867726e-01
2.7800000000e-01	-6.796888914820e-01
2.7900000000e-01	-6.832224217133e-01
2.8000000000e-01	-6.867596072970e-01
2.8100000000e-01	-6.903004784408e-01
2.8200000000e-01	-6.938450657332e-01
2.8300000000e-01	-6.973934001465e-01
2.8400000000e-01	-7.009455130395e-01
2.8500000000e-01	-7.045014361612e-01
2.8600000000e-01	-7.080612016536e-01
2.8700000000e-01	-7.116248420555e-01
2.8800000000e-01	-7.151923903053e-01
2.8900000000e-01	-7.187638797445e-01
2.9000000000e-01	-7.223393441213e-01
2.9100000000e-01	-7.259188175943e-01
2.9200000000e-01	-7.295023347353e-01
2.9300000000e-01	-7.330899305336e-01
2.9400000000e-01	-7.366816403995e-01
2.9500000000e-01	-7.402775001676e-01
2.9600000000e-01	-7.438775461013e-01
2.9700000000e-01	-7.474818148960e-01
2.9800000000e-01	-7.510903436832e-01
2.9900000000e-01	-7.547031700346e-01
3.0000000000e-01	-7.583203319659e-01
3.0100000000e-01	-7.619418679412e-01
3.0200000000e-01	-7.655678168767e-01
3.0300000000e-01	-7.691982181453e-01
3.0400000000e-01	-7.728331115808e-01
3.0500000000e-01	-7.764725374819e-01
3.0600000000e-01	-7.801165366173e-01
3.0700000000e-01	-7.837651502296e-01
3.0800000000e-01	-7.874184200402e-01
3.0900000000e-01	-7.910763882537e-01
3.1000000000e-01	-7.947390975631e-01
3.1100000000e-01	-7.984065911538e-01
3.1200000000e-01	-8.020789127093e-01
3.1300000000e-01	-8.057561064155e-01
3.1400000000e-01	-8.094382169664e-01
3.1500000000e-01	-8.131252895686e-01
3.1600000000e-01	-8.168173699466e-01
3.1700000000e-01	-8.205145043487e-01
3.1800000000e-01	-8.242167395516e-01
3.1900000000e-01	-8.279241228662e-01
3.2000000000e-01	-8.316367021433e-01
3.2100000000e-01	-8.353545257791e-01
3.2200000000e-01	-8.390776427208e-01
3.2300000000e-01	-8.428061024728e-01
3.2400000000e-01	-8.465399551022e-01
3.2500000000e-01	-8.502792512453e-01
3.2600000000e-01	-8.540240421133e-01
3.2700000000e-01	-8.577743794990e-01
3.2800000000e-01	-8.615303157826e-01
3.2900000000e-01	-8.652919039389e-01
3.3000000000e-01	-8.690591975429e-01
3.3100000000e-01	-8.728322507774e-01
3.3200000000e-01	-8.766111184392e-01
3.3300000000e-01	-8.803958559463e-01
3.3400000000e-01	-8.841865193448e-01
3.3500000000e-01	-8.879831653159e-01
3.3600000000e-01	-8.917858511836e-01
3.3700000000e-01	-8.955946349216e-01
3.3800000000e-01	-8.994095751612e-01
3.3900000000e-01	-9.032307311985e-01
3.4000000000e-01	-9.070581630029e-01
3.4100000000e-01	-9.108919312241e-01
3.4200000000e-01	-9.147320972010e-01
3.4300000000e-01	-9.185787229693e-01
3.4400000000e-01	-9.224318712700e-01
3.4500000000e-01	-9.262916055581e-01
3.4600000000e-01	-9.301579900109e-01
3.4700000000e-01	-9.340310895369e-01
3.4800000000e-01	-9.379109697850e-01
3.4900000000e-01	-9.417976971529e-01
3.5000000000e-01	-9.456913387971e-01
3.5100000000e-01	-9.495919626419e-01
3.5200000000e-01	-9.534996373891e-01
3.5300000000e-01	-9.574144325276e-01
3.5400000000e-01	-9.613364183435e-01
3.5500000000e-01	-9.652656659302e-01
3.5600000000e-01	-9.692022471985e-01
3.5700000000e-01	-9.731462348872e-01
3.5800000000e-01	-9.770977025737e-01
3.5900000000e-01	-9.810567246848e-01
3.6000000000e-01	-9.850233765079e-01
3.6100000000e-01	-9.889977342021e-01
3.6200000000e-01	-9.929798748096e-01
3.6300000000e-01	-9.969698762674e-01
3.6400000000e-01	-1.000967817419e+00
3.6500000000e-01	-1.004973778027e+00
3.6600000000e-01	-1.008987838785e+00
3.6700000000e-01	-1.013010081330e+00
3.6800000000e-01	-1.017040588256e+00
3.6900000000e-01	-1.021079443124e+00
3.7000000000e-01	-1.025126730480e+00
3.7100000000e-01	-1.029182535865e+00
3.7200000000e-01	-1.033246945830e+00
3.7300000000e-01	-1.037320047949e+00
3.7400000000e-01	-1.041401930835e+00
3.7500000000e-01	-1.045492684153e+00
3.7600000000e-01	-1.049592398634e+00
3.7700000000e-01	-1.053701166093e+00
3.7800000000e-01	-1.057819079443e+00
3.7900000000e-01	-1.061946232708e+00
3.8000000000e-01	-1.066082721042e+00
3.8100000000e-01	-1.070228640745e+00
3.8200000000e-01	-1.074384089279e+00
3.8300000000e-01	-1.078549165285e+00
3.8400000000e-01	-1.082723968598e+00
3.8500000000e-01	-1.086908600269e+00
3.8600000000e-01	-1.091103162578e+00
3.8700000000e-01	-1.095307759058e+00
3.8800000000e-01	-1.099522494506e+00
3.8900000000e-01	-1.103747475008e+00
3.9000000000e-01	-1.107982807957e+00
3.9100000000e-01	-1.112228602071e+00
3.9200000000e-01	-1.116484967413e+00
3.9300000000e-01	-1.120752015414e+00
3.9400000000e-01	-1.125029858893e+00
3.9500000000e-01	-1.129318612075e+00
3.9600000000e-01	-1.133618390616e+00
3.9700000000e-01	-1.137929311627e+00
3.9800000000e-01	-1.142251493690e+00
3.9900000000e-01	-1.146585056887e+00
4.0000000000e-01	-1.150930122822e+00
4.0100000000e-01	-1.155286814643e+00
4.0200000000e-01	-1.159655257068e+00
4.0300000000e-01	-1.164035576410e+00
4.0400000000e-01	-1.168427900602e+00
4.0500000000e-01	-1.172832359224e+00
4.0600000000e-01	-1.177249083528e+00
4.0700000000e-01	-1.181678206465e+00
4.0800000000e-01	-1.186119862715e+00
4.0900000000e-01	-1.190574188711e+00
4.1000000000e-01	-1.195041322674e+00
4.1100000000e-01	-1.199521404635e+00
4.1200000000e-01	-1.204014576470e+00
4.1300000000e-01	-1.208520981931e+00
4.1400000000e-01	-1.213040766672e+00
4.1500000000e-01	-1.217574078288e+00
4.1600000000e-01	-1.222121066342e+00
4.1700000000e-01	-1.226681882400e+00
4.1800000000e-01	-1.231256680069e+00
4.1900000000e-01	-1.235845615024e+00
4.2000000000e-01	-1.240448845049e+00
4.2100000000e-01	-1.245066530074e+00
4.2200000000e-01	-1.249698832207e+00
4.2300000000e-01	-1.254345915778e+00
4.2400000000e-01	-1.259007947372e+00
4.2500000000e-01	-1.263685095873e+00
4.2600000000e-01	-1.268377532502e+00
4.2700000000e-01	-1.273085430859e+00
4.2800000000e-01	-1.277808966965e+00
4.2900000000e-01	-1.282548319308e+00
4.3000000000e-01	-1.287303668880e+00
4.3100000000e-01	-1.292075199231e+00
4.3200000000e-01	-1.296863096509e+00
4.3300000000e-01	-1.301667549510e+00
4.3400000000e-01	-1.306488749725e+00
4.3500000000e-01	-1.311326891390e+00
4.3600000000e-01	-1.316182171537e+00
4.3700000000e-01	-1.321054790045e+00
4.3800000000e-01	-1.325944949693e+00
4.3900000000e-01	-1.330852856215e+00
4.4000000000e-01	-1.335778718354e+00
4.4100000000e-01	-1.340722747919e+00
4.4200000000e-01	-1.345685159845e+00
4.4300000000e-01	-1.350666172249e+00
4.4400000000e-01	-1.355666006495e+00
4.4500000000e-01	-1.360684887252e+00
4.4600000000e-01	-1.365723042560e+00
4.4700000000e-01	-1.370780703895e+00
4.4800000000e-01	-1.375858106238e+00
4.4900000000e-01	-1.380955488139e+00
4.5000000000e-01	-1.386073091789e+00
4.5100000000e-01	-1.391211163096e+00
4.5200000000e-01	-1.396369951751e+00
4.5300000000e-01	-1.401549711311e+00
4.5400000000e-01	-1.406750699270e+00
4.5500000000e-01	-1.411973177142e+00
4.5600000000e-01	-1.417217410542e+00
4.5700000000e-01	-1.422483669269e+00
4.5800000000e-01	-1.427772227390e+00
4.5900000000e-01	-1.433083363327e+00
4.6000000000e-01	-1.438417359952e+00
4.6100000000e-01	-1.443774504671e+00
4.6200000000e-01	-1.449155089527e+00
4.6300000000e-01	-1.454559411289e+00
4.6400000000e-01	-1.459987771556e+00
4.6500000000e-01	-1.465440476859e+00
4.6600000000e-01	-1.470917838763e+00
4.6700000000e-01	-1.476420173976e+00
4.6800000000e-01	-1.481947804459e+00
4.6900000000e-01	-1.487501057540e+00
4.7000000000e-01	-1.493080266027e+00
4.7100000000e-01	-1.498685768333e+00
4.7200000000e-01	-1.504317908590e+00
4.7300000000e-01	-1.509977036785e+00
4.7400000000e-01	-1.515663508879e+00
4.7500000000e-01	-1.521377686947e+00
4.7600000000e-01	-1.527119939312e+00
4.7700000000e-01	-1.532890640684e+00
4.7800000000e-01	-1.538690172304e+00
4.7900000000e-01	-1.544518922095e+00
4.8000000000e-01	-1.550377284811e+00
4.8100000000e-01	-1.556265662194e+00
4.8200000000e-01	-1.562184463134e+00
4.8300000000e-01	-1.568134103840e+00
4.8400000000e-01	-1.574115008001e+00
4.8500000000e-01	-1.580127606967e+00
4.8600000000e-01	-1.586172339930e+00
4.8700000000e-01	-1.592249654105e+00
4.8800000000e-01	-1.598360004923e+00
4.8900000000e-01	-1.604503856228e+00
4.9000000000e-01	-1.610681680476e+00
4.9100000000e-01	-1.616893958948e+00
4.9200000000e-01	-1.623141181961e+00
4.9300000000e-01	-1.629423849086e+00
4.9400000000e-01	-1.635742469383e+00
4.9500000000e-01	-1.642097561627e+00
4.9600000000e-01	-1.648489654555e+00
4.9700000000e-01	-1.654919287112e+00
4.9800000000e-01	-1.661387008710e+00
4.9900000000e-01	-1.667893379486e+00
5.0000000000e-01	-1.674438970585e+00
5.0100000000e-01	-1.681024364430e+00
5.0200000000e-01	-1.687650155020e+00
5.0300000000e-01	-1.694316948226e+00
5.0400000000e-01	-1.701025362099e+00
5.0500000000e-01	-1.707776027190e+00
5.0600000000e-01	-1.714569586878e+00
5.0700000000e-01	-1.721406697710e+00
5.0800000000e-01	-1.728288029753e+00
5.0900000000e-01	-1.735214266952e+00
5.1000000000e-01	-1.742186107509e+00
5.1100000000e-01	-1.749204264264e+00
5.1200000000e-01	-1.756269465099e+00
5.1300000000e-01	-1.763382453351e+00
5.1400000000e-01	-1.770543988234e+00
5.1500000000e-01	-1.777754845284e+00
5.1600000000e-01	-1.785015816815e+00
5.1700000000e-01	-1.792327712391e+00
5.1800000000e-01	-1.799691359313e+00
5.1900000000e-01	-1.807107603126e+00
5.2000000000e-01	-1.814577308143e+00
5.2100000000e-01	-1.822101357985e+00
5.2200000000e-01	-1.829680656142e+00
5.2300000000e-01	-1.837316126555e+00
5.2400000000e-01	-1.845008714218e+00
5.2500000000e-01	-1.852759385804e+00
5.2600000000e-01	-1.860569130305e+00
5.2700000000e-01	-1.868438959712e+00
5.2800000000e-01	-1.876369909701e+00
5.2900000000e-01	-1.884363040361e+00
5.3000000000e-01	-1.892419436937e+00
5.3100000000e-01	-1.900540210613e+00
5.3200000000e-01	-1.908726499310e+00
5.3300000000e-01	-1.916979468530e+00
5.3400000000e-01	-1.925300312220e+00
5.3500000000e-01	-1.933690253679e+00
5.3600000000e-01	-1.942150546492e+00
5.3700000000e-01	-1.950682475509e+00
5.3800000000e-01	-1.959287357857e+00
5.3900000000e-01	-1.967966543995e+00
5.4000000000e-01	-1.976721418810e+00
5.4100000000e-01	-1.985553402760e+00
5.4200000000e-01	-1.994463953058e+00
5.4300000000e-01	-2.003454564917e+00
5.4400000000e-01	-2.012526772827e+00
5.4500000000e-01	-2.021682151907e+00
5.4600000000e-01	-2.030922319299e+00
5.4700000000e-01	-2.040248935626e+00
5.4800000000e-01	-2.049663706512e+00
5.4900000000e-01	-2.059168384168e+00
5.5000000000e-01	-2.068764769050e+00
5.5100000000e-01	-2.078454711581e+00
5.5200000000e-01	-2.088240113956e+00
5.5300000000e-01	-2.098122932028e+00
5.5400000000e-01	-2.108105177273e+00
5.5500000000e-01	-2.118188918849e+00
5.5600000000e-01	-2.128376285747e+00
5.5700000000e-01	-2.138669469040e+00
5.5800000000e-01	-2.149070724237e+00
5.5900000000e-01	-2.159582373749e+00
5.6000000000e-01	-2.170206809468e+00
5.6100000000e-01	-2.180946495472e+00
5.6200000000e-01	-2.191803970858e+00
5.6300000000e-01	-2.202781852708e+00
5.6400000000e-01	-2.213882839214e+00
5.6500000000e-01	-2.225109712937e+00
5.6600000000e-01	-2.236465344245e+00
5.6700000000e-01	-2.247952694915e+00
5.6800000000e-01	-2.259574821921e+00
5.6900000000e-01	-2.271334881412e+00
5.7000000000e-01	-2.283236132898e+00
5.7100000000e-01	-2.295281943654e+00
5.7200000000e-01	-2.307475793359e+00
5.7300000000e-01	-2.319821278970e+00
5.7400000000e-01	-2.332322119872e+00
5.7500000000e-01	-2.344982163296e+00
5.7600000000e-01	-2.357805390040e+00
5.7700000000e-01	-2.370795920499e+00
5.7800000000e-01	-2.383958021043e+00
5.7900000000e-01	-2.397296110740e+00
5.8000000000e-01	-2.410814768475e+00
5.8100000000e-01	-2.424518740467e+00
5.8200000000e-01	-2.438412948238e+00
5.8300000000e-01	-2.452502497035e+00
5.8400000000e-01	-2.466792684763e+00
5.8500000000e-01	-2.481289011448e+00
5.8600000000e-01	-2.495997189282e+00
5.8700000000e-01	-2.510923153280e+00
5.8800000000e-01	-2.526073072597e+00
5.8900000000e-01	-2.541453362563e+00
5.9000000000e-01	-2.557070697476e+00
5.9100000000e-01	-2.572932024223e+00
5.9200000000e-01	-2.589044576783e+00
5.9300000000e-01	-2.605415891688e+00
5.9400000000e-01	-2.622053824511e+00
5.9500000000e-01	-2.638966567470e+00
5.9600000000e-01	-2.656162668233e+00
5.9700000000e-01	-2.673651050020e+00
5.9800000000e-01	-2.691441033119e+00
5.9900000000e-01	-2.709542357925e+00
6.0000000000e-01	-2.727965209632e+00
6.0100000000e-01	-2.746720244731e+00
6.0200000000e-01	-2.765818619456e+00
6.0300000000e-01	-2.785272020360e+00
6.0400000000e-01	-2.805092697215e+00
6.0500000000e-01	-2.825293498433e+00
6.0600000000e-01	-2.845887909258e+00
6.0700000000e-01	-2.866890092973e+00
6.0800000000e-01	-2.888314935419e+00
6.0900000000e-01	-2.910178093142e+00
6.1000000000e-01	-2.932496045513e+00
6.1100000000e-01	-2.955286151236e+00
6.1200000000e-01	-2.978566709659e+00
6.1300000000e-01	-3.002357027407e+00
6.1400000000e-01	-3.026677490874e+00
6.1500000000e-01	-3.051549645189e+00
6.1600000000e-01	-3.076996280375e+00
6.1700000000e-01	-3.103041525453e+00
6.1800000000e-01	-3.129710951410e+00
6.1900000000e-01	-3.157031684002e+00
6.2000000000e-01	-3.185032527543e+00
6.2100000000e-01	-3.213744100959e+00
6.2200000000e-01	-3.243198987570e+00
6.2300000000e-01	-3.273431900272e+00
6.2400000000e-01	-3.304479864020e+00
6.2500000000e-01	-3.336382417801e+00
6.2600000000e-01	-3.369181838606e+00
6.2700000000e-01	-3.402923390283e+00
6.2800000000e-01	-3.437655600612e+00
6.2900000000e-01	-3.473430570471e+00
6.3000000000e-01	-3.510304319562e+00
6.3100000000e-01	-3.548337173941e+00
6.3200000000e-01	-3.587594201440e+00
6.3300000000e-01	-3.628145702157e+00
6.3400000000e-01	-3.670067762431e+00
6.3500000000e-01	-3.713442882237e+00
6.3600000000e-01	-3.758360687809e+00
6.3700000000e-01	-3.804918743507e+00
6.3800000000e-01	-3.853223479690e+00
6.3900000000e-01	-3.903391256713e+00
6.4000000000e-01	-3.955549589301e+00
6.4100000000e-01	-4.009838560667e+00
6.4200000000e-01	-4.066412462157e+00
6.4300000000e-01	-4.125441702182e+00
6.4400000000e-01	-4.187115038338e+00
6.4500000000e-01	-4.251642199426e+00
6.4600000000e-01	-4.319256980534e+00
6.4700000000e-01	-4.390220915459e+00
6.4800000000e-01	-4.464827658241e+00
6.4900000000e-01	-4.543408241547e+00
6.5000000000e-01	-4.626337427127e+00
6.5100000000e-01	-4.714041426962e+00
6.5200000000e-01	-4.807007359064e+00
6.5300000000e-01	-4.905794918192e+00
6.5400000000e-01	-5.011050902003e+00
6.5500000000e-01	-5.123527456867e+00
6.5600000000e-01	-5.244105224157e+00
6.5700000000e-01	-5.373823022650e+00
6.5800000000e-01	-5.513916366767e+00
6.5900000000e-01	-5.665868107617e+00
6.6000000000e-01	-5.831475980673e+00
6.6100000000e-01	-6.012944163311e+00
6.6200000000e-01	-6.213009627785e+00
6.6300000000e-01	-6.435120082285e+00
6.6400000000e-01	-6.683690396756e+00
6.6500000000e-01	-6.964482007937e+00
6.6600000000e-01	-7.285181697495e+00
6.6700000000e-01	-7.656316708509e+00
6.6800000000e-01	-8.092764636472e+00
6.6900000000e-01	-8.616376571569e+00
6.7000000000e-01	-9.260834834937e+00
6.7100000000e-01	-1.008141100548e+01
6.7200000000e-01	-1.117679287595e+01
