# xdot = m - |x|, m=-3, x0=-0.6, dt=1.000e-03, nsteps=2000
# t	x
1.0000000000e-03	-6.034575242843e-01
2.0000000000e-03	-6.069181118209e-01
3.0000000000e-03	-6.103817848750e-01
4.0000000000e-03	-6.138485660333e-01
5.0000000000e-03	-6.173184782065e-01
6.0000000000e-03	-6.207915446312e-01
7.0000000000e-03	-6.242677888722e-01
8.0000000000e-03	-6.277472348248e-01
9.0000000000e-03	-6.312299067174e-01
1.0000000000e-02	-6.347158291134e-01
1.1000000000e-02	-6.382050269138e-01
1.2000000000e-02	-6.416975253599e-01
1.3000000000e-02	-6.451933500351e-01
1.4000000000e-02	-6.486925268681e-01
1.5000000000e-02	-6.521950821350e-01
1.6000000000e-02	-6.557010424621e-01
1.7000000000e-02	-6.592104348284e-01
1.8000000000e-02	-6.627232865682e-01
1.9000000000e-02	-6.662396253738e-01
2.0000000000e-02	-6.697594792987e-01
2.1000000000e-02	-6.732828767594e-01
2.2000000000e-02	-6.768098465394e-01
2.3000000000e-02	-6.803404177909e-01
2.4000000000e-02	-6.838746200386e-01
2.5000000000e-02	-6.874124831824e-01
2.6000000000e-02	-6.909540375000e-01
2.7000000000e-02	-6.944993136505e-01
2.8000000000e-02	-6.980483426771e-01
2.9000000000e-02	-7.016011560104e-01
3.0000000000e-02	-7.051577854718e-01
3.1000000000e-02	-7.087182632761e-01
3.2000000000e-02	-7.122826220356e-01
3.3000000000e-02	-7.158508947627e-01
3.4000000000e-02	-7.194231148738e-01
3.5000000000e-02	-7.229993161925e-01
3.6000000000e-02	-7.265795329533e-01
3.7000000000e-02	-7.301637998049e-01
3.8000000000e-02	-7.337521518138e-01
3.9000000000e-02	-7.373446244683e-01
4.0000000000e-02	-7.409412536819e-01
4.1000000000e-02	-7.445420757974e-01
4.2000000000e-02	-7.481471275902e-01
4.3000000000e-02	-7.517564462729e-01
4.4000000000e-02	-7.553700694987e-01
4.5000000000e-02	-7.589880353657e-01
4.6000000000e-02	-7.626103824211e-01
4.7000000000e-02	-7.662371496650e-01
4.8000000000e-02	-7.698683765549e-01
4.9000000000e-02	-7.735041030102e-01
5.0000000000e-02	-7.771443694159e-01
5.1000000000e-02	-7.807892166278e-01
5.2000000000e-02	-7.844386859764e-01
5.3000000000e-02	-7.880928192720e-01
5.4000000000e-02	-7.917516588089e-01
5.5000000000e-02	-7.954152473703e-01
5.6000000000e-02	-7.990836282335e-01
5.7000000000e-02	-8.027568451741e-01
5.8000000000e-02	-8.064349424714e-01
5.9000000000e-02	-8.101179649135e-01
6.0000000000e-02	-8.138059578022e-01
6.1000000000e-02	-8.174989669583e-01
6.2000000000e-02	-8.211970387269e-01
6.3000000000e-02	-8.249002199830e-01
6.4000000000e-02	-8.286085581368e-01
6.5000000000e-02	-8.323221011390e-01
6.6000000000e-02	-8.360408974872e-01
6.7000000000e-02	-8.397649962309e-01
6.8000000000e-02	-8.434944469778e-01
6.9000000000e-02	-8.472292998995e-01
7.0000000000e-02	-8.509696057380e-01
7.1000000000e-02	-8.547154158113e-01
7.2000000000e-02	-8.584667820200e-01
7.3000000000e-02	-8.622237568535e-01
7.4000000000e-02	-8.659863933968e-01
7.5000000000e-02	-8.697547453367e-01
7.6000000000e-02	-8.735288669685e-01
7.7000000000e-02	-8.773088132031e-01
7.8000000000e-02	-8.810946395740e-01
7.9000000000e-02	-8.848864022437e-01
8.0000000000e-02	-8.886841580115e-01
8.1000000000e-02	-8.924879643208e-01
8.2000000000e-02	-8.962978792658e-01
8.3000000000e-02	-9.001139616001e-01
8.4000000000e-02	-9.039362707433e-01
8.5000000000e-02	-9.077648667896e-01
8.6000000000e-02	-9.115998105154e-01
8.7000000000e-02	-9.154411633873e-01
8.8000000000e-02	-9.192889875707e-01
8.9000000000e-02	-9.231433459375e-01
9.0000000000e-02	-9.270043020753e-01
9.1000000000e-02	-9.308719202957e-01
9.2000000000e-02	-9.347462656431e-01
9.3000000000e-02	-9.386274039037e-01
9.4000000000e-02	-9.425154016146e-01
9.5000000000e-02	-9.464103260731e-01
9.6000000000e-02	-9.503122453463e-01
9.7000000000e-02	-9.542212282804e-01
9.8000000000e-02	-9.581373445107e-01
9.9000000000e-02	-9.620606644713e-01
1.0000000000e-01	-9.659912594057e-01
1.0100000000e-01	-9.699292013766e-01
1.0200000000e-01	-9.738745632767e-01
1.0300000000e-01	-9.778274188392e-01
1.0400000000e-01	-9.817878426489e-01
1.0500000000e-01	-9.857559101532e-01
1.0600000000e-01	-9.897316976730e-01
1.0700000000e-01	-9.937152824148e-01
1.0800000000e-01	-9.977067424820e-01
1.0900000000e-01	-1.001706156887e+00
1.1000000000e-01	-1.005713605563e+00
1.1100000000e-01	-1.009729169376e+00
1.1200000000e-01	-1.013752930139e+00
1.1300000000e-01	-1.017784970623e+00
1.1400000000e-01	-1.021825374570e+00
1.1500000000e-01	-1.025874226710e+00
1.1600000000e-01	-1.029931612767e+00
1.1700000000e-01	-1.033997619481e+00
1.1800000000e-01	-1.038072334616e+00
1.1900000000e-01	-1.042155846979e+00
1.2000000000e-01	-1.046248246429e+00
1.2100000000e-01	-1.050349623896e+00
1.2200000000e-01	-1.054460071398e+00
1.2300000000e-01	-1.058579682049e+00
1.2400000000e-01	-1.062708550083e+00
1.2500000000e-01	-1.066846770863e+00
1.2600000000e-01	-1.070994440902e+00
1.2700000000e-01	-1.075151657878e+00
1.2800000000e-01	-1.079318520651e+00
1.2900000000e-01	-1.083495129279e+00
1.3000000000e-01	-1.087681585039e+00
1.3100000000e-01	-1.091877990441e+00
1.3200000000e-01	-1.096084449248e+00
1.3300000000e-01	-1.100301066495e+00
1.3400000000e-01	-1.104527948507e+00
1.3500000000e-01	-1.108765202920e+00
1.3600000000e-01	-1.113012938698e+00
1.3700000000e-01	-1.117271266156e+00
1.3800000000e-01	-1.121540296979e+00
1.3900000000e-01	-1.125820144242e+00
1.4000000000e-01	-1.130110922435e+00
1.4100000000e-01	-1.134412747480e+00
1.4200000000e-01	-1.138725736756e+00
1.4300000000e-01	-1.143050009122e+00
1.4400000000e-01	-1.147385684938e+00
1.4500000000e-01	-1.151732886090e+00
1.4600000000e-01	-1.156091736016e+00
1.4700000000e-01	-1.160462359724e+00
1.4800000000e-01	-1.164844883826e+00
1.4900000000e-01	-1.169239436556e+00
1.5000000000e-01	-1.173646147801e+00
1.5100000000e-01	-1.178065149122e+00
1.5200000000e-01	-1.182496573790e+00
1.5300000000e-01	-1.186940556804e+00
1.5400000000e-01	-1.191397234926e+00
1.5500000000e-01	-1.195866746707e+00
1.5600000000e-01	-1.200349232517e+00
1.5700000000e-01	-1.204844834577e+00
1.5800000000e-01	-1.209353696985e+00
1.5900000000e-01	-1.213875965752e+00
1.6000000000e-01	-1.218411788834e+00
1.6100000000e-01	-1.222961316160e+00
1.6200000000e-01	-1.227524699671e+00
1.6300000000e-01	-1.232102093352e+00
1.6400000000e-01	-1.236693653264e+00
1.6500000000e-01	-1.241299537585e+00
1.6600000000e-01	-1.245919906643e+00
1.6700000000e-01	-1.250554922954e+00
1.6800000000e-01	-1.255204751259e+00
1.6900000000e-01	-1.259869558567e+00
1.7000000000e-01	-1.264549514188e+00
1.7100000000e-01	-1.269244789780e+00
1.7200000000e-01	-1.273955559385e+00
1.7300000000e-01	-1.278681999478e+00
1.7400000000e-01	-1.283424289002e+00
1.7500000000e-01	-1.288182609421e+00
1.7600000000e-01	-1.292957144758e+00
1.7700000000e-01	-1.297748081648e+00
1.7800000000e-01	-1.302555609378e+00
1.7900000000e-01	-1.307379919944e+00
1.8000000000e-01	-1.312221208093e+00
1.8100000000e-01	-1.317079671379e+00
1.8200000000e-01	-1.321955510210e+00
1.8300000000e-01	-1.326848927908e+00
1.8400000000e-01	-1.331760130757e+00
1.8500000000e-01	-1.336689328060e+00
1.8600000000e-01	-1.341636732201e+00
1.8700000000e-01	-1.346602558695e+00
1.8800000000e-01	-1.351587026254e+00
1.8900000000e-01	-1.356590356848e+00
1.9000000000e-01	-1.361612775761e+00
1.9100000000e-01	-1.366654511663e+00
1.9200000000e-01	-1.371715796673e+00
1.9300000000e-01	-1.376796866422e+00
1.9400000000e-01	-1.381897960129e+00
1.9500000000e-01	-1.387019320664e+00
1.9600000000e-01	-1.392161194626e+00
1.9700000000e-01	-1.397323832416e+00
1.9800000000e-01	-1.402507488309e+00
1.9900000000e-01	-1.407712420536e+00
2.0000000000e-01	-1.412938891361e+00
2.0100000000e-01	-1.418187167165e+00
2.0200000000e-01	-1.423457518526e+00
2.0300000000e-01	-1.428750220308e+00
2.0400000000e-01	-1.434065551750e+00
2.0500000000e-01	-1.439403796550e+00
2.0600000000e-01	-1.444765242963e+00
2.0700000000e-01	-1.450150183897e+00
2.0800000000e-01	-1.455558917005e+00
2.0900000000e-01	-1.460991744786e+00
2.1000000000e-01	-1.466448974694e+00
2.1100000000e-01	-1.471930919232e+00
2.1200000000e-01	-1.477437896071e+00
2.1300000000e-01	-1.482970228152e+00
2.1400000000e-01	-1.488528243805e+00
2.1500000000e-01	-1.494112276864e+00
2.1600000000e-01	-1.499722666786e+00
2.1700000000e-01	-1.505359758775e+00
2.1800000000e-01	-1.511023903909e+00
2.1900000000e-01	-1.516715459267e+00
2.2000000000e-01	-1.522434788067e+00
2.2100000000e-01	-1.528182259799e+00
2.2200000000e-01	-1.533958250365e+00
2.2300000000e-01	-1.539763142231e+00
2.2400000000e-01	-1.545597324565e+00
2.2500000000e-01	-1.551461193400e+00
2.2600000000e-01	-1.557355151783e+00
2.2700000000e-01	-1.563279609944e+00
2.2800000000e-01	-1.569234985456e+00
2.2900000000e-01	-1.575221703409e+00
2.3000000000e-01	-1.581240196586e+00
2.3100000000e-01	-1.587290905645e+00
2.3200000000e-01	-1.593374279301e+00
2.3300000000e-01	-1.599490774523e+00
2.3400000000e-01	-1.605640856728e+00
2.3500000000e-01	-1.611824999984e+00
2.3600000000e-01	-1.618043687223e+00
2.3700000000e-01	-1.624297410450e+00
2.3800000000e-01	-1.630586670972e+00
2.3900000000e-01	-1.636911979621e+00
2.4000000000e-01	-1.643273856992e+00
2.4100000000e-01	-1.649672833687e+00
2.4200000000e-01	-1.656109450561e+00
2.4300000000e-01	-1.662584258984e+00
2.4400000000e-01	-1.669097821105e+00
2.4500000000e-01	-1.675650710125e+00
2.4600000000e-01	-1.682243510582e+00
2.4700000000e-01	-1.688876818642e+00
2.4800000000e-01	-1.695551242398e+00
2.4900000000e-01	-1.702267402185e+00
2.5000000000e-01	-1.709025930892e+00
2.5100000000e-01	-1.715827474304e+00
2.5200000000e-01	-1.722672691435e+00
2.5300000000e-01	-1.729562254882e+00
2.5400000000e-01	-1.736496851193e+00
2.5500000000e-01	-1.743477181240e+00
2.5600000000e-01	-1.750503960609e+00
2.5700000000e-01	-1.757577920000e+00
2.5800000000e-01	-1.764699805645e+00
2.5900000000e-01	-1.771870379738e+00
2.6000000000e-01	-1.779090420873e+00
2.6100000000e-01	-1.786360724510e+00
2.6200000000e-01	-1.793682103449e+00
2.6300000000e-01	-1.801055388316e+00
2.6400000000e-01	-1.808481428080e+00
2.6500000000e-01	-1.815961090573e+00
2.6600000000e-01	-1.823495263037e+00
2.6700000000e-01	-1.831084852693e+00
2.6800000000e-01	-1.838730787317e+00
2.6900000000e-01	-1.846434015857e+00
2.7000000000e-01	-1.854195509051e+00
2.7100000000e-01	-1.862016260084e+00
2.7200000000e-01	-1.869897285262e+00
2.7300000000e-01	-1.877839624710e+00
2.7400000000e-01	-1.885844343099e+00
2.7500000000e-01	-1.893912530401e+00
2.7600000000e-01	-1.902045302669e+00
2.7700000000e-01	-1.910243802849e+00
2.7800000000e-01	-1.918509201623e+00
2.7900000000e-01	-1.926842698283e+00
2.8000000000e-01	-1.935245521643e+00
2.8100000000e-01	-1.943718930982e+00
2.8200000000e-01	-1.952264217025e+00
2.8300000000e-01	-1.960882702968e+00
2.8400000000e-01	-1.969575745535e+00
2.8500000000e-01	-1.978344736090e+00
2.8600000000e-01	-1.987191101777e+00
2.8700000000e-01	-1.996116306727e+00
2.8800000000e-01	-2.005121853297e+00
2.8900000000e-01	-2.014209283371e+00
2.9000000000e-01	-2.023380179713e+00
2.9100000000e-01	-2.032636167371e+00
2.9200000000e-01	-2.041978915156e+00
2.9300000000e-01	-2.051410137162e+00
2.9400000000e-01	-2.060931594374e+00
2.9500000000e-01	-2.070545096333e+00
2.9600000000e-01	-2.080252502873e+00
2.9700000000e-01	-2.090055725943e+00
2.9800000000e-01	-2.099956731506e+00
2.9900000000e-01	-2.109957541520e+00
3.0000000000e-01	-2.120060236017e+00
3.0100000000e-01	-2.130266955265e+00
3.0200000000e-01	-2.140579902044e+00
3.0300000000e-01	-2.151001344015e+00
3.0400000000e-01	-2.161533616209e+00
3.0500000000e-01	-2.172179123625e+00
3.0600000000e-01	-2.182940343961e+00
3.0700000000e-01	-2.193819830474e+00
3.0800000000e-01	-2.204820214968e+00
3.0900000000e-01	-2.215944210946e+00
3.1000000000e-01	-2.227194616904e+00
3.1100000000e-01	-2.238574319796e+00
3.1200000000e-01	-2.250086298668e+00
3.1300000000e-01	-2.261733628481e+00
3.1400000000e-01	-2.273519484131e+00
3.1500000000e-01	-2.285447144667e+00
3.1600000000e-01	-2.297519997745e+00
3.1700000000e-01	-2.309741544300e+00
3.1800000000e-01	-2.322115403478e+00
3.1900000000e-01	-2.334645317831e+00
3.2000000000e-01	-2.347335158787e+00
3.2100000000e-01	-2.360188932433e+00
3.2200000000e-01	-2.373210785601e+00
3.2300000000e-01	-2.386405012308e+00
3.2400000000e-01	-2.399776060557e+00
3.2500000000e-01	-2.413328539521e+00
3.2600000000e-01	-2.427067227144e+00
3.2700000000e-01	-2.440997078190e+00
3.2800000000e-01	-2.455123232755e+00
3.2900000000e-01	-2.469451025299e+00
3.3000000000e-01	-2.483985994214e+00
3.3100000000e-01	-2.498733891971e+00
3.3200000000e-01	-2.513700695904e+00
3.3300000000e-01	-2.528892619651e+00
3.3400000000e-01	-2.544316125325e+00
3.3500000000e-01	-2.559977936457e+00
3.3600000000e-01	-2.575885051772e+00
3.3700000000e-01	-2.592044759867e+00
3.3800000000e-01	-2.608464654852e+00
3.3900000000e-01	-2.625152653039e+00
3.4000000000e-01	-2.642117010763e+00
3.4100000000e-01	-2.659366343412e+00
3.4200000000e-01	-2.676909645789e+00
3.4300000000e-01	-2.694756313895e+00
3.4400000000e-01	-2.712916168265e+00
3.4500000000e-01	-2.731399478979e+00
3.4600000000e-01	-2.750216992512e+00
3.4700000000e-01	-2.769379960555e+00
3.4800000000e-01	-2.788900171007e+00
3.4900000000e-01	-2.808789981321e+00
3.5000000000e-01	-2.829062354423e+00
3.5100000000e-01	-2.849730897434e+00
3.5200000000e-01	-2.870809903470e+00
3.5300000000e-01	-2.892314396803e+00
3.5400000000e-01	-2.914260181713e+00
3.5500000000e-01	-2.936663895387e+00
3.5600000000e-01	-2.959543065278e+00
3.5700000000e-01	-2.982916171362e+00
3.5800000000e-01	-3.006802713801e+00
3.5900000000e-01	-3.031223286589e+00
3.6000000000e-01	-3.056199657784e+00
3.6100000000e-01	-3.081754857072e+00
3.6200000000e-01	-3.107913271440e+00
3.6300000000e-01	-3.134700749875e+00
3.6400000000e-01	-3.162144718104e+00
3.6500000000e-01	-3.190274304547e+00
3.6600000000e-01	-3.219120478785e+00
3.6700000000e-01	-3.248716204051e+00
3.6800000000e-01	-3.279096605453e+00
3.6900000000e-01	-3.310299155878e+00
3.7000000000e-01	-3.342363881827e+00
3.7100000000e-01	-3.375333591741e+00
3.7200000000e-01	-3.409254129798e+00
3.7300000000e-01	-3.444174658602e+00
3.7400000000e-01	-3.480147974730e+00
3.7500000000e-01	-3.517230861759e+00
3.7600000000e-01	-3.555484486135e+00
3.7700000000e-01	-3.594974842183e+00
3.7800000000e-01	-3.635773253636e+00
3.7900000000e-01	-3.677956940347e+00
3.8000000000e-01	-3.721609660466e+00
3.8100000000e-01	-3.766822440239e+00
3.8200000000e-01	-3.813694405916e+00
3.8300000000e-01	-3.862333735118e+00
3.8400000000e-01	-3.912858748451e+00
3.8500000000e-01	-3.965399166499e+00
3.8600000000e-01	-4.020097562644e+00
3.8700000000e-01	-4.077111048818e+00
3.8800000000e-01	-4.136613239660e+00
3.8900000000e-01	-4.198796551102e+00
3.9000000000e-01	-4.263874902843e+00
3.9100000000e-01	-4.332086911364e+00
3.9200000000e-01	-4.403699682301e+00
3.9300000000e-01	-4.479013339876e+00
3.9400000000e-01	-4.558366468899e+00
3.9500000000e-01	-4.642142694913e+00
3.9600000000e-01	-4.730778694962e+00
3.9700000000e-01	-4.824774021770e+00
3.9800000000e-01	-4.924703247339e+00
3.9900000000e-01	-5.031231102302e+00
4.0000000000e-01	-5.145131525543e+00
4.0100000000e-01	-5.267311876757e+00
4.0200000000e-01	-5.398844051617e+00
4.0300000000e-01	-5.541004952788e+00
4.0400000000e-01	-5.695329834354e+00
4.0500000000e-01	-5.863683657285e+00
4.0600000000e-01	-6.048358114574e+00
4.0700000000e-01	-6.252206006365e+00
4.0800000000e-01	-6.478831241152e+00
4.0900000000e-01	-6.732863901270e+00
4.1000000000e-01	-7.020369387078e+00
4.1100000000e-01	-7.349476426134e+00
4.1200000000e-01	-7.731377299461e+00
4.1300000000e-01	-8.181992682193e+00
4.1400000000e-01	-8.724895199396e+00
4.1500000000e-01	-9.396797018527e+00
4.1600000000e-01	-1.025876790125e+01
4.1700000000e-01	-1.142193241773e+01
