# xdot = m - |x|, m=-3, x0=0.6, dt=1.000e-03, nsteps=2000
# t	x
1.0000000000e-03	5.981730084806e-01
2.0000000000e-03	5.963400333329e-01
3.0000000000e-03	5.945010737805e-01
4.0000000000e-03	5.926561291917e-01
5.0000000000e-03	5.908051990793e-01
6.0000000000e-03	5.889482831016e-01
7.0000000000e-03	5.870853810621e-01
8.0000000000e-03	5.852164929102e-01
9.0000000000e-03	5.833416187415e-01
1.0000000000e-02	5.814607587981e-01
1.1000000000e-02	5.795739134687e-01
1.2000000000e-02	5.776810832891e-01
1.3000000000e-02	5.757822689424e-01
1.4000000000e-02	5.738774712591e-01
1.5000000000e-02	5.719666912178e-01
1.6000000000e-02	5.700499299447e-01
1.7000000000e-02	5.681271887145e-01
1.8000000000e-02	5.661984689502e-01
1.9000000000e-02	5.642637722236e-01
2.0000000000e-02	5.623231002551e-01
2.1000000000e-02	5.603764549140e-01
2.2000000000e-02	5.584238382189e-01
2.3000000000e-02	5.564652523375e-01
2.4000000000e-02	5.545006995867e-01
2.5000000000e-02	5.525301824333e-01
2.6000000000e-02	5.505537034931e-01
2.7000000000e-02	5.485712655319e-01
2.8000000000e-02	5.465828714650e-01
2.9000000000e-02	5.445885243574e-01
3.0000000000e-02	5.425882274242e-01
3.1000000000e-02	5.405819840298e-01
3.2000000000e-02	5.385697976886e-01
3.3000000000e-02	5.365516720650e-01
3.4000000000e-02	5.345276109728e-01
3.5000000000e-02	5.324976183757e-01
3.6000000000e-02	5.304616983871e-01
3.7000000000e-02	5.284198552698e-01
3.8000000000e-02	5.263720934364e-01
3.9000000000e-02	5.243184174487e-01
4.0000000000e-02	5.222588320179e-01
4.1000000000e-02	5.201933420043e-01
4.2000000000e-02	5.181219524174e-01
4.3000000000e-02	5.160446684153e-01
4.4000000000e-02	5.139614953051e-01
4.5000000000e-02	5.118724385423e-01
4.6000000000e-02	5.097775037307e-01
4.7000000000e-02	5.076766966222e-01
4.8000000000e-02	5.055700231165e-01
4.9000000000e-02	5.034574892611e-01
5.0000000000e-02	5.013391012507e-01
5.1000000000e-02	4.992148654272e-01
5.2000000000e-02	4.970847882791e-01
5.3000000000e-02	4.949488764415e-01
5.4000000000e-02	4.928071366957e-01
5.5000000000e-02	4.906595759688e-01
5.6000000000e-02	4.885062013331e-01
5.7000000000e-02	4.863470200063e-01
5.8000000000e-02	4.841820393507e-01
5.9000000000e-02	4.820112668728e-01
6.0000000000e-02	4.798347102230e-01
6.1000000000e-02	4.776523771954e-01
6.2000000000e-02	4.754642757267e-01
6.3000000000e-02	4.732704138965e-01
6.4000000000e-02	4.710707999261e-01
6.5000000000e-02	4.688654421788e-01
6.6000000000e-02	4.666543491585e-01
6.7000000000e-02	4.644375295100e-01
6.8000000000e-02	4.622149920179e-01
6.9000000000e-02	4.599867456063e-01
7.0000000000e-02	4.577527993381e-01
7.1000000000e-02	4.555131624147e-01
7.2000000000e-02	4.532678441750e-01
7.3000000000e-02	4.510168540949e-01
7.4000000000e-02	4.487602017870e-01
7.5000000000e-02	4.464978969994e-01
7.6000000000e-02	4.442299496156e-01
7.7000000000e-02	4.419563696535e-01
7.8000000000e-02	4.396771672647e-01
7.9000000000e-02	4.373923527338e-01
8.0000000000e-02	4.351019364779e-01
8.1000000000e-02	4.328059290458e-01
8.2000000000e-02	4.305043411169e-01
8.3000000000e-02	4.281971835008e-01
8.4000000000e-02	4.258844671366e-01
8.5000000000e-02	4.235662030918e-01
8.6000000000e-02	4.212424025615e-01
8.7000000000e-02	4.189130768679e-01
8.8000000000e-02	4.165782374593e-01
8.9000000000e-02	4.142378959090e-01
9.0000000000e-02	4.118920639149e-01
9.1000000000e-02	4.095407532982e-01
9.2000000000e-02	4.071839760027e-01
9.3000000000e-02	4.048217440941e-01
9.4000000000e-02	4.024540697587e-01
9.5000000000e-02	4.000809653025e-01
9.6000000000e-02	3.977024431507e-01
9.7000000000e-02	3.953185158462e-01
9.8000000000e-02	3.929291960488e-01
9.9000000000e-02	3.905344965346e-01
1.0000000000e-01	3.881344301942e-01
1.0100000000e-01	3.857290100326e-01
1.0200000000e-01	3.833182491675e-01
1.0300000000e-01	3.809021608284e-01
1.0400000000e-01	3.784807583558e-01
1.0500000000e-01	3.760540552001e-01
1.0600000000e-01	3.736220649200e-01
1.0700000000e-01	3.711848011822e-01
1.0800000000e-01	3.687422777596e-01
1.0900000000e-01	3.662945085308e-01
1.1000000000e-01	3.638415074784e-01
1.1100000000e-01	3.613832886884e-01
1.1200000000e-01	3.589198663484e-01
1.1300000000e-01	3.564512547471e-01
1.1400000000e-01	3.539774682729e-01
1.1500000000e-01	3.514985214125e-01
1.1600000000e-01	3.490144287500e-01
1.1700000000e-01	3.465252049653e-01
1.1800000000e-01	3.440308648335e-01
1.1900000000e-01	3.415314232230e-01
1.2000000000e-01	3.390268950949e-01
1.2100000000e-01	3.365172955012e-01
1.2200000000e-01	3.340026395837e-01
1.2300000000e-01	3.314829425731e-01
1.2400000000e-01	3.289582197871e-01
1.2500000000e-01	3.264284866297e-01
1.2600000000e-01	3.238937585894e-01
1.2700000000e-01	3.213540512382e-01
1.2800000000e-01	3.188093802302e-01
1.2900000000e-01	3.162597613003e-01
1.3000000000e-01	3.137052102629e-01
1.3100000000e-01	3.111457430102e-01
1.3200000000e-01	3.085813755115e-01
1.3300000000e-01	3.060121238111e-01
1.3400000000e-01	3.034380040276e-01
1.3500000000e-01	3.008590323520e-01
1.3600000000e-01	2.982752250465e-01
1.3700000000e-01	2.956865984433e-01
1.3800000000e-01	2.930931689429e-01
1.3900000000e-01	2.904949530128e-01
1.4000000000e-01	2.878919671860e-01
1.4100000000e-01	2.852842280598e-01
1.4200000000e-01	2.826717522940e-01
1.4300000000e-01	2.800545566099e-01
1.4400000000e-01	2.774326577885e-01
1.4500000000e-01	2.748060726691e-01
1.4600000000e-01	2.721748181479e-01
1.4700000000e-01	2.695389111767e-01
1.4800000000e-01	2.668983687609e-01
1.4900000000e-01	2.642532079587e-01
1.5000000000e-01	2.616034458791e-01
1.5100000000e-01	2.589490996806e-01
1.5200000000e-01	2.562901865696e-01
1.5300000000e-01	2.536267237991e-01
1.5400000000e-01	2.509587286671e-01
1.5500000000e-01	2.482862185147e-01
1.5600000000e-01	2.456092107254e-01
1.5700000000e-01	2.429277227227e-01
1.5800000000e-01	2.402417719692e-01
1.5900000000e-01	2.375513759646e-01
1.6000000000e-01	2.348565522446e-01
1.6100000000e-01	2.321573183791e-01
1.6200000000e-01	2.294536919706e-01
1.6300000000e-01	2.267456906529e-01
1.6400000000e-01	2.240333320892e-01
1.6500000000e-01	2.213166339708e-01
1.6600000000e-01	2.185956140155e-01
1.6700000000e-01	2.158702899662e-01
1.6800000000e-01	2.131406795887e-01
1.6900000000e-01	2.104068006709e-01
1.7000000000e-01	2.076686710209e-01
1.7100000000e-01	2.049263084652e-01
1.7200000000e-01	2.021797308476e-01
1.7300000000e-01	1.994289560271e-01
1.7400000000e-01	1.966740018768e-01
1.7500000000e-01	1.939148862821e-01
1.7600000000e-01	1.911516271390e-01
1.7700000000e-01	1.883842423527e-01
1.7800000000e-01	1.856127498359e-01
1.7900000000e-01	1.828371675073e-01
1.8000000000e-01	1.800575132900e-01
1.8100000000e-01	1.772738051098e-01
1.8200000000e-01	1.744860608938e-01
1.8300000000e-01	1.716942985686e-01
1.8400000000e-01	1.688985360588e-01
1.8500000000e-01	1.660987912856e-01
1.8600000000e-01	1.632950821647e-01
1.8700000000e-01	1.604874266055e-01
1.8800000000e-01	1.576758425086e-01
1.8900000000e-01	1.548603477649e-01
1.9000000000e-01	1.520409602537e-01
1.9100000000e-01	1.492176978412e-01
1.9200000000e-01	1.463905783790e-01
1.9300000000e-01	1.435596197022e-01
1.9400000000e-01	1.407248396282e-01
1.9500000000e-01	1.378862559549e-01
1.9600000000e-01	1.350438864591e-01
1.9700000000e-01	1.321977488951e-01
1.9800000000e-01	1.293478609928e-01
1.9900000000e-01	1.264942404566e-01
2.0000000000e-01	1.236369049633e-01
2.0100000000e-01	1.207758721610e-01
2.0200000000e-01	1.179111596672e-01
2.0300000000e-01	1.150427850673e-01
2.0400000000e-01	1.121707659132e-01
2.0500000000e-01	1.092951197216e-01
2.0600000000e-01	1.064158639724e-01
2.0700000000e-01	1.035330161071e-01
2.0800000000e-01	1.006465935277e-01
2.0900000000e-01	9.775661359451e-02
2.1000000000e-01	9.486309362499e-02
2.1100000000e-01	9.196605089212e-02
2.1200000000e-01	8.906550262286e-02
2.1300000000e-01	8.616146599664e-02
2.1400000000e-01	8.325395814375e-02
2.1500000000e-01	8.034299614392e-02
2.1600000000e-01	7.742859702472e-02
2.1700000000e-01	7.451077776006e-02
2.1800000000e-01	7.158955526870e-02
2.1900000000e-01	6.866494641270e-02
2.2000000000e-01	6.573696799596e-02
2.2100000000e-01	6.280563676268e-02
2.2200000000e-01	5.987096939587e-02
2.2300000000e-01	5.693298251587e-02
2.2400000000e-01	5.399169267888e-02
2.2500000000e-01	5.104711637542e-02
2.2600000000e-01	4.809927002892e-02
2.2700000000e-01	4.514816999421e-02
2.2800000000e-01	4.219383255605e-02
2.2900000000e-01	3.923627392769e-02
2.3000000000e-01	3.627551024940e-02
2.3100000000e-01	3.331155758701e-02
2.3200000000e-01	3.034443193051e-02
2.3300000000e-01	2.737414919253e-02
2.3400000000e-01	2.440072520699e-02
2.3500000000e-01	2.142417572762e-02
2.3600000000e-01	1.844451642655e-02
2.3700000000e-01	1.546176289290e-02
2.3800000000e-01	1.247593063135e-02
2.3900000000e-01	9.487035060753e-03
2.4000000000e-01	6.495091512739e-03
2.4100000000e-01	3.500115230302e-03
2.4200000000e-01	5.021213664256e-04
2.4300000000e-01	-2.498875017300e-03
2.4400000000e-01	-5.502858952056e-03
2.4500000000e-01	-8.509815563159e-03
2.4600000000e-01	-1.151973007143e-02
2.4700000000e-01	-1.453258779454e-02
2.4800000000e-01	-1.754837414839e-02
2.4900000000e-01	-2.056707464839e-02
2.5000000000e-01	-2.358867491089e-02
2.5100000000e-01	-2.661316065441e-02
2.5200000000e-01	-2.964051770106e-02
2.5300000000e-01	-3.267073197779e-02
2.5400000000e-01	-3.570378951772e-02
2.5500000000e-01	-3.873967646147e-02
2.5600000000e-01	-4.177837905841e-02
2.5700000000e-01	-4.481988366802e-02
2.5800000000e-01	-4.786417676110e-02
2.5900000000e-01	-5.091124492111e-02
2.6000000000e-01	-5.396107484542e-02
2.6100000000e-01	-5.701365334657e-02
2.6200000000e-01	-6.006896735353e-02
2.6300000000e-01	-6.312700391297e-02
2.6400000000e-01	-6.618775019049e-02
2.6500000000e-01	-6.925119347189e-02
2.6600000000e-01	-7.231732116435e-02
2.6700000000e-01	-7.538612079770e-02
2.6800000000e-01	-7.845758002563e-02
2.6900000000e-01	-8.153168662693e-02
2.7000000000e-01	-8.460842850662e-02
2.7100000000e-01	-8.768779369726e-02
2.7200000000e-01	-9.076977036004e-02
2.7300000000e-01	-9.385434678607e-02
2.7400000000e-01	-9.694151139748e-02
2.7500000000e-01	-1.000312527486e-01
2.7600000000e-01	-1.031235595273e-01
2.7700000000e-01	-1.062184205558e-01
2.7800000000e-01	-1.093158247921e-01
2.7900000000e-01	-1.124157613313e-01
2.8000000000e-01	-1.155182194063e-01
2.8100000000e-01	-1.186231883891e-01
2.8200000000e-01	-1.217306577921e-01
2.8300000000e-01	-1.248406172693e-01
2.8400000000e-01	-1.279530566168e-01
2.8500000000e-01	-1.310679657748e-01
2.8600000000e-01	-1.341853348280e-01
2.8700000000e-01	-1.373051540071e-01
2.8800000000e-01	-1.404274136898e-01
2.8900000000e-01	-1.435521044016e-01
2.9000000000e-01	-1.466792168176e-01
2.9100000000e-01	-1.498087417627e-01
2.9200000000e-01	-1.529406702134e-01
2.9300000000e-01	-1.560749932984e-01
2.9400000000e-01	-1.592117023002e-01
2.9500000000e-01	-1.623507886552e-01
2.9600000000e-01	-1.654922439561e-01
2.9700000000e-01	-1.686360599516e-01
2.9800000000e-01	-1.717822285484e-01
2.9900000000e-01	-1.749307418119e-01
3.0000000000e-01	-1.780815919671e-01
3.0100000000e-01	-1.812347713999e-01
3.0200000000e-01	-1.843902726581e-01
3.0300000000e-01	-1.875480884521e-01
3.0400000000e-01	-1.907082116562e-01
3.0500000000e-01	-1.938706353099e-01
3.0600000000e-01	-1.970353526180e-01
3.0700000000e-01	-2.002023569528e-01
3.0800000000e-01	-2.033716418540e-01
3.0900000000e-01	-2.065432010305e-01
3.1000000000e-01	-2.097170283610e-01
3.1100000000e-01	-2.128931178949e-01
3.1200000000e-01	-2.160714638538e-01
3.1300000000e-01	-2.192520606319e-01
3.1400000000e-01	-2.224349027973e-01
3.1500000000e-01	-2.256199850930e-01
3.1600000000e-01	-2.288073024377e-01
3.1700000000e-01	-2.319968499268e-01
3.1800000000e-01	-2.351886228336e-01
3.1900000000e-01	-2.383826166101e-01
3.2000000000e-01	-2.415788268877e-01
3.2100000000e-01	-2.447772494788e-01
3.2200000000e-01	-2.479778803772e-01
3.2300000000e-01	-2.511807157593e-01
3.2400000000e-01	-2.543857519850e-01
3.2500000000e-01	-2.575929855986e-01
3.2600000000e-01	-2.608024133299e-01
3.2700000000e-01	-2.640140320952e-01
3.2800000000e-01	-2.672278389978e-01
3.2900000000e-01	-2.704438313297e-01
3.3000000000e-01	-2.736620065718e-01
3.3100000000e-01	-2.768823623952e-01
3.3200000000e-01	-2.801048966624e-01
3.3300000000e-01	-2.833296074277e-01
3.3400000000e-01	-2.865564929386e-01
3.3500000000e-01	-2.897855516364e-01
3.3600000000e-01	-2.930167821574e-01
3.3700000000e-01	-2.962501833338e-01
3.3800000000e-01	-2.994857541946e-01
3.3900000000e-01	-3.027234939665e-01
3.4000000000e-01	-3.059634020751e-01
3.4100000000e-01	-3.092054781454e-01
3.4200000000e-01	-3.124497220033e-01
3.4300000000e-01	-3.156961336759e-01
3.4400000000e-01	-3.189447133932e-01
3.4500000000e-01	-3.221954615885e-01
3.4600000000e-01	-3.254483788995e-01
3.4700000000e-01	-3.287034661693e-01
3.4800000000e-01	-3.319607244476e-01
3.4900000000e-01	-3.352201549911e-01
3.5000000000e-01	-3.384817592649e-01
3.5100000000e-01	-3.417455389436e-01
3.5200000000e-01	-3.450114959115e-01
3.5300000000e-01	-3.482796322647e-01
3.5400000000e-01	-3.515499503112e-01
3.5500000000e-01	-3.548224525721e-01
3.5600000000e-01	-3.580971417829e-01
3.5700000000e-01	-3.613740208940e-01
3.5800000000e-01	-3.646530930722e-01
3.5900000000e-01	-3.679343617012e-01
3.6000000000e-01	-3.712178303832e-01
3.6100000000e-01	-3.745035029392e-01
3.6200000000e-01	-3.777913834105e-01
3.6300000000e-01	-3.810814760599e-01
3.6400000000e-01	-3.843737853720e-01
3.6500000000e-01	-3.876683160549e-01
3.6600000000e-01	-3.909650730411e-01
3.6700000000e-01	-3.942640614881e-01
3.6800000000e-01	-3.975652867802e-01
3.6900000000e-01	-4.008687545289e-01
3.7000000000e-01	-4.041744705745e-01
3.7100000000e-01	-4.074824409865e-01
3.7200000000e-01	-4.107926720655e-01
3.7300000000e-01	-4.141051703437e-01
3.7400000000e-01	-4.174199425861e-01
3.7500000000e-01	-4.207369957918e-01
3.7600000000e-01	-4.240563371950e-01
3.7700000000e-01	-4.273779742661e-01
3.7800000000e-01	-4.307019147128e-01
3.7900000000e-01	-4.340281664815e-01
3.8000000000e-01	-4.373567377579e-01
3.8100000000e-01	-4.406876369689e-01
3.8200000000e-01	-4.440208727832e-01
3.8300000000e-01	-4.473564541126e-01
3.8400000000e-01	-4.506943901136e-01
3.8500000000e-01	-4.540346901879e-01
3.8600000000e-01	-4.573773639841e-01
3.8700000000e-01	-4.607224213991e-01
3.8800000000e-01	-4.640698725788e-01
3.8900000000e-01	-4.674197279197e-01
3.9000000000e-01	-4.707719980701e-01
3.9100000000e-01	-4.741266939315e-01
3.9200000000e-01	-4.774838266595e-01
3.9300000000e-01	-4.808434076657e-01
3.9400000000e-01	-4.842054486185e-01
3.9500000000e-01	-4.875699614448e-01
3.9600000000e-01	-4.909369583311e-01
3.9700000000e-01	-4.943064517250e-01
3.9800000000e-01	-4.976784543366e-01
3.9900000000e-01	-5.010529791398e-01
4.0000000000e-01	-5.044300393739e-01
4.0100000000e-01	-5.078096485446e-01
4.0200000000e-01	-5.111918204261e-01
4.0300000000e-01	-5.145765690621e-01
4.0400000000e-01	-5.179639087674e-01
4.0500000000e-01	-5.213538541293e-01
4.0600000000e-01	-5.247464200095e-01
4.0700000000e-01	-5.281416215452e-01
4.0800000000e-01	-5.315394741508e-01
4.0900000000e-01	-5.349399935196e-01
4.1000000000e-01	-5.383431956254e-01
4.1100000000e-01	-5.417490967238e-01
4.1200000000e-01	-5.451577133544e-01
4.1300000000e-01	-5.485690623418e-01
4.1400000000e-01	-5.519831607980e-01
4.1500000000e-01	-5.554000261234e-01
4.1600000000e-01	-5.588196760091e-01
4.1700000000e-01	-5.622421284383e-01
4.1800000000e-01	-5.656674016882e-01
4.1900000000e-01	-5.690955143319e-01
4.2000000000e-01	-5.725264852400e-01
4.2100000000e-01	-5.759603335828e-01
4.2200000000e-01	-5.793970788316e-01
4.2300000000e-01	-5.828367407614e-01
4.2400000000e-01	-5.862793394519e-01
4.2500000000e-01	-5.897248952903e-01
4.2600000000e-01	-5.931734289728e-01
4.2700000000e-01	-5.966249615069e-01
4.2800000000e-01	-6.000795142129e-01
4.2900000000e-01	-6.035371087267e-01
4.3000000000e-01	-6.069977670014e-01
4.3100000000e-01	-6.104615113096e-01
4.3200000000e-01	-6.139283642455e-01
4.3300000000e-01	-6.173983487273e-01
4.3400000000e-01	-6.208714879990e-01
4.3500000000e-01	-6.243478056331e-01
4.3600000000e-01	-6.278273255325e-01
4.3700000000e-01	-6.313100719332e-01
4.3800000000e-01	-6.347960694064e-01
4.3900000000e-01	-6.382853428610e-01
4.4000000000e-01	-6.417779175459e-01
4.4100000000e-01	-6.452738190526e-01
4.4200000000e-01	-6.487730733178e-01
4.4300000000e-01	-6.522757066255e-01
4.4400000000e-01	-6.557817456102e-01
4.4500000000e-01	-6.592912172589e-01
4.4600000000e-01	-6.628041489142e-01
4.4700000000e-01	-6.663205682768e-01
4.4800000000e-01	-6.698405034082e-01
4.4900000000e-01	-6.733639827337e-01
4.5000000000e-01	-6.768910350449e-01
4.5100000000e-01	-6.804216895027e-01
4.5200000000e-01	-6.839559756405e-01
4.5300000000e-01	-6.874939233667e-01
4.5400000000e-01	-6.910355629678e-01
4.5500000000e-01	-6.945809251116e-01
4.5600000000e-01	-6.981300408503e-01
4.5700000000e-01	-7.016829416235e-01
4.5800000000e-01	-7.052396592615e-01
4.5900000000e-01	-7.088002259883e-01
4.6000000000e-01	-7.123646744252e-01
4.6100000000e-01	-7.159330375940e-01
4.6200000000e-01	-7.195053489205e-01
4.6300000000e-01	-7.230816422376e-01
4.6400000000e-01	-7.266619517892e-01
4.6500000000e-01	-7.302463122337e-01
4.6600000000e-01	-7.338347586473e-01
4.6700000000e-01	-7.374273265279e-01
4.6800000000e-01	-7.410240517990e-01
4.6900000000e-01	-7.446249708131e-01
4.7000000000e-01	-7.482301203559e-01
4.7100000000e-01	-7.518395376498e-01
4.7200000000e-01	-7.554532603584e-01
4.7300000000e-01	-7.590713265900e-01
4.7400000000e-01	-7.626937749021e-01
4.7500000000e-01	-7.663206443055e-01
4.7600000000e-01	-7.699519742681e-01
4.7700000000e-01	-7.735878047199e-01
4.7800000000e-01	-7.772281760569e-01
4.7900000000e-01	-7.808731291455e-01
4.8000000000e-01	-7.845227053275e-01
4.8100000000e-01	-7.881769464240e-01
4.8200000000e-01	-7.918358947406e-01
4.8300000000e-01	-7.954995930719e-01
4.8400000000e-01	-7.991680847065e-01
4.8500000000e-01	-8.028414134316e-01
4.8600000000e-01	-8.065196235382e-01
4.8700000000e-01	-8.102027598259e-01
4.8800000000e-01	-8.138908676086e-01
4.8900000000e-01	-8.175839927191e-01
4.9000000000e-01	-8.212821815147e-01
4.9100000000e-01	-8.249854808825e-01
4.9200000000e-01	-8.286939382450e-01
4.9300000000e-01	-8.324076015657e-01
4.9400000000e-01	-8.361265193545e-01
4.9500000000e-01	-8.398507406739e-01
4.9600000000e-01	-8.435803151445e-01
4.9700000000e-01	-8.473152929509e-01
4.9800000000e-01	-8.510557248483e-01
4.9900000000e-01	-8.548016621680e-01
5.0000000000e-01	-8.585531568241e-01
5.0100000000e-01	-8.623102613197e-01
5.0200000000e-01	-8.660730287534e-01
5.0300000000e-01	-8.698415128260e-01
5.0400000000e-01	-8.736157678470e-01
5.0500000000e-01	-8.773958487415e-01
5.0600000000e-01	-8.811818110572e-01
5.0700000000e-01	-8.849737109714e-01
5.0800000000e-01	-8.887716052981e-01
5.0900000000e-01	-8.925755514954e-01
5.1000000000e-01	-8.963856076729e-01
5.1100000000e-01	-9.002018325991e-01
5.1200000000e-01	-9.040242857093e-01
5.1300000000e-01	-9.078530271132e-01
5.1400000000e-01	-9.116881176030e-01
5.1500000000e-01	-9.155296186613e-01
5.1600000000e-01	-9.193775924696e-01
5.1700000000e-01	-9.232321019162e-01
5.1800000000e-01	-9.270932106054e-01
5.1900000000e-01	-9.309609828653e-01
5.2000000000e-01	-9.348354837574e-01
5.2100000000e-01	-9.387167790850e-01
5.2200000000e-01	-9.426049354027e-01
5.2300000000e-01	-9.465000200255e-01
5.2400000000e-01	-9.504021010381e-01
5.2500000000e-01	-9.543112473048e-01
5.2600000000e-01	-9.582275284791e-01
5.2700000000e-01	-9.621510150138e-01
5.2800000000e-01	-9.660817781709e-01
5.2900000000e-01	-9.700198900323e-01
5.3000000000e-01	-9.739654235098e-01
5.3100000000e-01	-9.779184523561e-01
5.3200000000e-01	-9.818790511757e-01
5.3300000000e-01	-9.858472954359e-01
5.3400000000e-01	-9.898232614780e-01
5.3500000000e-01	-9.938070265290e-01
5.3600000000e-01	-9.977986687129e-01
5.3700000000e-01	-1.001798267063e+00
5.3800000000e-01	-1.005805901534e+00
5.3900000000e-01	-1.009821653014e+00
5.4000000000e-01	-1.013845603338e+00
5.4100000000e-01	-1.017877835298e+00
5.4200000000e-01	-1.021918432660e+00
5.4300000000e-01	-1.025967480175e+00
5.4400000000e-01	-1.030025063592e+00
5.4500000000e-01	-1.034091269673e+00
5.4600000000e-01	-1.038166186208e+00
5.4700000000e-01	-1.042249902024e+00
5.4800000000e-01	-1.046342507008e+00
5.4900000000e-01	-1.050444092115e+00
5.5000000000e-01	-1.054554749386e+00
5.5100000000e-01	-1.058674571962e+00
5.5200000000e-01	-1.062803654101e+00
5.5300000000e-01	-1.066942091194e+00
5.5400000000e-01	-1.071089979781e+00
5.5500000000e-01	-1.075247417565e+00
5.5600000000e-01	-1.079414503435e+00
5.5700000000e-01	-1.083591337477e+00
5.5800000000e-01	-1.087778020996e+00
5.5900000000e-01	-1.091974656529e+00
5.6000000000e-01	-1.096181347869e+00
5.6100000000e-01	-1.100398200081e+00
5.6200000000e-01	-1.104625319520e+00
5.6300000000e-01	-1.108862813851e+00
5.6400000000e-01	-1.113110792070e+00
5.6500000000e-01	-1.117369364524e+00
5.6600000000e-01	-1.121638642928e+00
5.6700000000e-01	-1.125918740391e+00
5.6800000000e-01	-1.130209771434e+00
5.6900000000e-01	-1.134511852014e+00
5.7000000000e-01	-1.138825099542e+00
5.7100000000e-01	-1.143149632913e+00
5.7200000000e-01	-1.147485572520e+00
5.7300000000e-01	-1.151833040287e+00
5.7400000000e-01	-1.156192159685e+00
5.7500000000e-01	-1.160563055761e+00
5.7600000000e-01	-1.164945855163e+00
5.7700000000e-01	-1.169340686162e+00
5.7800000000e-01	-1.173747678683e+00
5.7900000000e-01	-1.178166964329e+00
5.8000000000e-01	-1.182598676406e+00
5.8100000000e-01	-1.187042949957e+00
5.8200000000e-01	-1.191499921783e+00
5.8300000000e-01	-1.195969730478e+00
5.8400000000e-01	-1.200452516453e+00
5.8500000000e-01	-1.204948421971e+00
5.8600000000e-01	-1.209457591176e+00
5.8700000000e-01	-1.213980170122e+00
5.8800000000e-01	-1.218516306809e+00
5.8900000000e-01	-1.223066151214e+00
5.9000000000e-01	-1.227629855324e+00
5.9100000000e-01	-1.232207573169e+00
5.9200000000e-01	-1.236799460862e+00
5.9300000000e-01	-1.241405676628e+00
5.9400000000e-01	-1.246026380846e+00
5.9500000000e-01	-1.250661736081e+00
5.9600000000e-01	-1.255311907129e+00
5.9700000000e-01	-1.259977061047e+00
5.9800000000e-01	-1.264657367202e+00
5.9900000000e-01	-1.269352997305e+00
6.0000000000e-01	-1.274064125454e+00
6.0100000000e-01	-1.278790928179e+00
6.0200000000e-01	-1.283533584482e+00
6.0300000000e-01	-1.288292275885e+00
6.0400000000e-01	-1.293067186471e+00
6.0500000000e-01	-1.297858502934e+00
6.0600000000e-01	-1.302666414625e+00
6.0700000000e-01	-1.307491113601e+00
6.0800000000e-01	-1.312332794673e+00
6.0900000000e-01	-1.317191655461e+00
6.1000000000e-01	-1.322067896439e+00
6.1100000000e-01	-1.326961720996e+00
6.1200000000e-01	-1.331873335485e+00
6.1300000000e-01	-1.336802949281e+00
6.1400000000e-01	-1.341750774837e+00
6.1500000000e-01	-1.346717027742e+00
6.1600000000e-01	-1.351701926783e+00
6.1700000000e-01	-1.356705694003e+00
6.1800000000e-01	-1.361728554766e+00
6.1900000000e-01	-1.366770737819e+00
6.2000000000e-01	-1.371832475362e+00
6.2100000000e-01	-1.376914003107e+00
6.2200000000e-01	-1.382015560355e+00
6.2300000000e-01	-1.387137390064e+00
6.2400000000e-01	-1.392279738918e+00
6.2500000000e-01	-1.397442857406e+00
6.2600000000e-01	-1.402626999894e+00
6.2700000000e-01	-1.407832424703e+00
6.2800000000e-01	-1.413059394194e+00
6.2900000000e-01	-1.418308174840e+00
6.3000000000e-01	-1.423579037319e+00
6.3100000000e-01	-1.428872256595e+00
6.3200000000e-01	-1.434188112006e+00
6.3300000000e-01	-1.439526887357e+00
6.3400000000e-01	-1.444888871007e+00
6.3500000000e-01	-1.450274355972e+00
6.3600000000e-01	-1.455683640016e+00
6.3700000000e-01	-1.461117025751e+00
6.3800000000e-01	-1.466574820745e+00
6.3900000000e-01	-1.472057337620e+00
6.4000000000e-01	-1.477564894166e+00
6.4100000000e-01	-1.483097813447e+00
6.4200000000e-01	-1.488656423918e+00
6.4300000000e-01	-1.494241059542e+00
6.4400000000e-01	-1.499852059906e+00
6.4500000000e-01	-1.505489770347e+00
6.4600000000e-01	-1.511154542081e+00
6.4700000000e-01	-1.516846732327e+00
6.4800000000e-01	-1.522566704444e+00
6.4900000000e-01	-1.528314828069e+00
6.5000000000e-01	-1.534091479254e+00
6.5100000000e-01	-1.539897040616e+00
6.5200000000e-01	-1.545731901480e+00
6.5300000000e-01	-1.551596458039e+00
6.5400000000e-01	-1.557491113503e+00
6.5500000000e-01	-1.563416278269e+00
6.5600000000e-01	-1.569372370080e+00
6.5700000000e-01	-1.575359814203e+00
6.5800000000e-01	-1.581379043600e+00
6.5900000000e-01	-1.587430499110e+00
6.6000000000e-01	-1.593514629638e+00
6.6100000000e-01	-1.599631892344e+00
6.6200000000e-01	-1.605782752841e+00
6.6300000000e-01	-1.611967685401e+00
6.6400000000e-01	-1.618187173160e+00
6.6500000000e-01	-1.624441708336e+00
6.6600000000e-01	-1.630731792451e+00
6.6700000000e-01	-1.637057936561e+00
6.6800000000e-01	-1.643420661487e+00
6.6900000000e-01	-1.649820498065e+00
6.7000000000e-01	-1.656257987388e+00
6.7100000000e-01	-1.662733681071e+00
6.7200000000e-01	-1.669248141514e+00
6.7300000000e-01	-1.675801942177e+00
6.7400000000e-01	-1.682395667861e+00
6.7500000000e-01	-1.689029915004e+00
6.7600000000e-01	-1.695705291977e+00
6.7700000000e-01	-1.702422419397e+00
6.7800000000e-01	-1.709181930452e+00
6.7900000000e-01	-1.715984471222e+00
6.8000000000e-01	-1.722830701032e+00
6.8100000000e-01	-1.729721292796e+00
6.8200000000e-01	-1.736656933386e+00
6.8300000000e-01	-1.743638324010e+00
6.8400000000e-01	-1.750666180594e+00
6.8500000000e-01	-1.757741234194e+00
6.8600000000e-01	-1.764864231404e+00
6.8700000000e-01	-1.772035934787e+00
6.8800000000e-01	-1.779257123324e+00
6.8900000000e-01	-1.786528592866e+00
6.9000000000e-01	-1.793851156618e+00
6.9100000000e-01	-1.801225645623e+00
6.9200000000e-01	-1.808652909277e+00
6.9300000000e-01	-1.816133815853e+00
6.9400000000e-01	-1.823669253046e+00
6.9500000000e-01	-1.831260128543e+00
6.9600000000e-01	-1.838907370601e+00
6.9700000000e-01	-1.846611928661e+00
6.9800000000e-01	-1.854374773972e+00
6.9900000000e-01	-1.862196900241e+00
7.0000000000e-01	-1.870079324315e+00
7.0100000000e-01	-1.878023086876e+00
7.0200000000e-01	-1.886029253168e+00
7.0300000000e-01	-1.894098913754e+00
7.0400000000e-01	-1.902233185297e+00
7.0500000000e-01	-1.910433211371e+00
7.0600000000e-01	-1.918700163307e+00
7.0700000000e-01	-1.927035241065e+00
7.0800000000e-01	-1.935439674150e+00
7.0900000000e-01	-1.943914722553e+00
7.1000000000e-01	-1.952461677734e+00
7.1100000000e-01	-1.961081863648e+00
7.1200000000e-01	-1.969776637805e+00
7.1300000000e-01	-1.978547392377e+00
7.1400000000e-01	-1.987395555348e+00
7.1500000000e-01	-1.996322591712e+00
7.1600000000e-01	-2.005330004721e+00
7.1700000000e-01	-2.014419337185e+00
7.1800000000e-01	-2.023592172824e+00
7.1900000000e-01	-2.032850137677e+00
7.2000000000e-01	-2.042194901577e+00
7.2100000000e-01	-2.051628179682e+00
7.2200000000e-01	-2.061151734073e+00
7.2300000000e-01	-2.070767375429e+00
7.2400000000e-01	-2.080476964761e+00
7.2500000000e-01	-2.090282415241e+00
7.2600000000e-01	-2.100185694097e+00
7.2700000000e-01	-2.110188824600e+00
7.2800000000e-01	-2.120293888140e+00
7.2900000000e-01	-2.130503026402e+00
7.3000000000e-01	-2.140818443628e+00
7.3100000000e-01	-2.151242409003e+00
7.3200000000e-01	-2.161777259136e+00
7.3300000000e-01	-2.172425400669e+00
7.3400000000e-01	-2.183189313006e+00
7.3500000000e-01	-2.194071551174e+00
7.3600000000e-01	-2.205074748825e+00
7.3700000000e-01	-2.216201621377e+00
7.3800000000e-01	-2.227454969323e+00
7.3900000000e-01	-2.238837681693e+00
7.4000000000e-01	-2.250352739697e+00
7.4100000000e-01	-2.262003220549e+00
7.4200000000e-01	-2.273792301493e+00
7.4300000000e-01	-2.285723264026e+00
7.4400000000e-01	-2.297799498357e+00
7.4500000000e-01	-2.310024508083e+00
7.4600000000e-01	-2.322401915132e+00
7.4700000000e-01	-2.334935464956e+00
7.4800000000e-01	-2.347629032018e+00
7.4900000000e-01	-2.360486625570e+00
7.5000000000e-01	-2.373512395759e+00
7.5100000000e-01	-2.386710640067e+00
7.5200000000e-01	-2.400085810122e+00
7.5300000000e-01	-2.413642518892e+00
7.5400000000e-01	-2.427385548299e+00
7.5500000000e-01	-2.441319857272e+00
7.5600000000e-01	-2.455450590276e+00
7.5700000000e-01	-2.469783086353e+00
7.5800000000e-01	-2.484322888704e+00
7.5900000000e-01	-2.499075754850e+00
7.6000000000e-01	-2.514047667430e+00
7.6100000000e-01	-2.529244845659e+00
7.6200000000e-01	-2.544673757517e+00
7.6300000000e-01	-2.560341132707e+00
7.6400000000e-01	-2.576253976456e+00
7.6500000000e-01	-2.592419584210e+00
7.6600000000e-01	-2.608845557299e+00
7.6700000000e-01	-2.625539819656e+00
7.6800000000e-01	-2.642510635655e+00
7.6900000000e-01	-2.659766629181e+00
7.7000000000e-01	-2.677316804017e+00
7.7100000000e-01	-2.695170565662e+00
7.7200000000e-01	-2.713337744707e+00
7.7300000000e-01	-2.731828621883e+00
7.7400000000e-01	-2.750653954957e+00
7.7500000000e-01	-2.769825007600e+00
7.7600000000e-01	-2.789353580430e+00
7.7700000000e-01	-2.809252044417e+00
7.7800000000e-01	-2.829533376862e+00
7.7900000000e-01	-2.850211200186e+00
7.8000000000e-01	-2.871299823806e+00
7.8100000000e-01	-2.892814289376e+00
7.8200000000e-01	-2.914770419729e+00
7.8300000000e-01	-2.937184871872e+00
7.8400000000e-01	-2.960075194453e+00
7.8500000000e-01	-2.983459890136e+00
7.8600000000e-01	-3.007358483402e+00
7.8700000000e-01	-3.031791594324e+00
7.8800000000e-01	-3.056781018975e+00
7.8900000000e-01	-3.082349817162e+00
7.9000000000e-01	-3.108522408294e+00
7.9100000000e-01	-3.135324676305e+00
7.9200000000e-01	-3.162784084635e+00
7.9300000000e-01	-3.190929802458e+00
7.9400000000e-01	-3.219792843452e+00
7.9500000000e-01	-3.249406218635e+00
7.9600000000e-01	-3.279805104970e+00
7.9700000000e-01	-3.311027031702e+00
7.9800000000e-01	-3.343112086678e+00
7.9900000000e-01	-3.376103145227e+00
8.0000000000e-01	-3.410046124582e+00
8.0100000000e-01	-3.444990267272e+00
8.0200000000e-01	-3.480988457485e+00
8.0300000000e-01	-3.518097575010e+00
8.0400000000e-01	-3.556378892167e+00
8.0500000000e-01	-3.595898520028e+00
8.0600000000e-01	-3.636727911342e+00
8.0700000000e-01	-3.678944428863e+00
8.0800000000e-01	-3.722631989396e+00
8.0900000000e-01	-3.767881795773e+00
8.1000000000e-01	-3.814793171307e+00
8.1100000000e-01	-3.863474514129e+00
8.1200000000e-01	-3.914044392313e+00
8.1300000000e-01	-3.966632805007e+00
8.1400000000e-01	-4.021382640167e+00
8.1500000000e-01	-4.078451366168e+00
8.1600000000e-01	-4.138013002976e+00
8.1700000000e-01	-4.200260429194e+00
8.1800000000e-01	-4.265408094773e+00
8.1900000000e-01	-4.333695226489e+00
8.2000000000e-01	-4.405389635613e+00
8.2100000000e-01	-4.480792266189e+00
8.2200000000e-01	-4.560242660470e+00
8.2300000000e-01	-4.644125568397e+00
8.2400000000e-01	-4.732878995381e+00
8.2500000000e-01	-4.827004073611e+00
8.2600000000e-01	-4.927077266212e+00
8.2700000000e-01	-5.033765585200e+00
8.2800000000e-01	-5.147845744283e+00
8.2900000000e-01	-5.270228508434e+00
8.3000000000e-01	-5.401989993455e+00
8.3100000000e-01	-5.544412388674e+00
8.3200000000e-01	-5.699037650407e+00
8.3300000000e-01	-5.867739349956e+00
8.3400000000e-01	-6.052820407477e+00
8.3500000000e-01	-6.257148509410e+00
8.3600000000e-01	-6.484347680817e+00
8.3700000000e-01	-6.739075786594e+00
8.3800000000e-01	-7.027437575463e+00
8.3900000000e-01	-7.357619171546e+00
8.4000000000e-01	-7.740899561806e+00
8.4100000000e-01	-8.193336058607e+00
8.4200000000e-01	-8.738728124195e+00
8.4300000000e-01	-9.414190156435e+00
8.4400000000e-01	-1.028156935531e+01
8.4500000000e-01	-1.145368118464e+01
