# t	y_num	y_exact	abs_err	rel_err
1.00000000e-03	2.002003004340e+00	1.000000000000e+00	1.002003004340e+00	1.002003004340e+00
2.00000000e-03	2.004012034767e+00	1.000000000000e+00	1.004012034767e+00	1.004012034767e+00
3.00000000e-03	2.006027117508e+00	1.000000000000e+00	1.006027117508e+00	1.006027117508e+00
4.00000000e-03	2.008048278943e+00	1.000000000000e+00	1.008048278943e+00	1.008048278943e+00
5.00000000e-03	2.010075545601e+00	1.000000000000e+00	1.010075545601e+00	1.010075545601e+00
6.00000000e-03	2.012108944171e+00	1.000000000000e+00	1.012108944171e+00	1.012108944171e+00
7.00000000e-03	2.014148501493e+00	1.000000000000e+00	1.014148501493e+00	1.014148501493e+00
8.00000000e-03	2.016194244566e+00	1.000000000000e+00	1.016194244566e+00	1.016194244566e+00
9.00000000e-03	2.018246200546e+00	1.000000000000e+00	1.018246200546e+00	1.018246200546e+00
1.00000000e-02	2.020304396748e+00	1.000000000000e+00	1.020304396748e+00	1.020304396748e+00
1.10000000e-02	2.022368860648e+00	1.000000000000e+00	1.022368860648e+00	1.022368860648e+00
1.20000000e-02	2.024439619883e+00	1.000000000000e+00	1.024439619883e+00	1.024439619883e+00
1.30000000e-02	2.026516702251e+00	1.000000000000e+00	1.026516702251e+00	1.026516702251e+00
1.40000000e-02	2.028600135716e+00	1.000000000000e+00	1.028600135716e+00	1.028600135716e+00
1.50000000e-02	2.030689948405e+00	1.000000000000e+00	1.030689948405e+00	1.030689948405e+00
1.60000000e-02	2.032786168611e+00	1.000000000000e+00	1.032786168611e+00	1.032786168611e+00
1.70000000e-02	2.034888824797e+00	1.000000000000e+00	1.034888824797e+00	1.034888824797e+00
1.80000000e-02	2.036997945592e+00	1.000000000000e+00	1.036997945592e+00	1.036997945592e+00
1.90000000e-02	2.039113559795e+00	1.000000000000e+00	1.039113559795e+00	1.039113559795e+00
2.00000000e-02	2.041235696377e+00	1.000000000000e+00	1.041235696377e+00	1.041235696377e+00
2.10000000e-02	2.043364384482e+00	1.000000000000e+00	1.043364384482e+00	1.043364384482e+00
2.20000000e-02	2.045499653425e+00	1.000000000000e+00	1.045499653425e+00	1.045499653425e+00
2.30000000e-02	2.047641532699e+00	1.000000000000e+00	1.047641532699e+00	1.047641532699e+00
2.40000000e-02	2.049790051971e+00	1.000000000000e+00	1.049790051971e+00	1.049790051971e+00
2.50000000e-02	2.051945241088e+00	1.000000000000e+00	1.051945241088e+00	1.051945241088e+00
2.60000000e-02	2.054107130072e+00	1.000000000000e+00	1.054107130072e+00	1.054107130072e+00
2.70000000e-02	2.056275749130e+00	1.000000000000e+00	1.056275749130e+00	1.056275749130e+00
2.80000000e-02	2.058451128646e+00	1.000000000000e+00	1.058451128646e+00	1.058451128646e+00
2.90000000e-02	2.060633299191e+00	1.000000000000e+00	1.060633299191e+00	1.060633299191e+00
3.00000000e-02	2.062822291517e+00	1.000000000000e+00	1.062822291517e+00	1.062822291517e+00
3.10000000e-02	2.065018136565e+00	1.000000000000e+00	1.065018136565e+00	1.065018136565e+00
3.20000000e-02	2.067220865459e+00	1.000000000000e+00	1.067220865459e+00	1.067220865459e+00
3.30000000e-02	2.069430509517e+00	1.000000000000e+00	1.069430509517e+00	1.069430509517e+00
3.40000000e-02	2.071647100241e+00	1.000000000000e+00	1.071647100241e+00	1.071647100241e+00
3.50000000e-02	2.073870669330e+00	1.000000000000e+00	1.073870669330e+00	1.073870669330e+00
3.60000000e-02	2.076101248671e+00	1.000000000000e+00	1.076101248671e+00	1.076101248671e+00
3.70000000e-02	2.078338870349e+00	1.000000000000e+00	1.078338870349e+00	1.078338870349e+00
3.80000000e-02	2.080583566643e+00	1.000000000000e+00	1.080583566643e+00	1.080583566643e+00
3.90000000e-02	2.082835370030e+00	1.000000000000e+00	1.082835370030e+00	1.082835370030e+00
4.00000000e-02	2.085094313185e+00	1.000000000000e+00	1.085094313185e+00	1.085094313185e+00
4.10000000e-02	2.087360428985e+00	1.000000000000e+00	1.087360428985e+00	1.087360428985e+00
4.20000000e-02	2.089633750508e+00	1.000000000000e+00	1.089633750508e+00	1.089633750508e+00
4.30000000e-02	2.091914311035e+00	1.000000000000e+00	1.091914311035e+00	1.091914311035e+00
4.40000000e-02	2.094202144052e+00	1.000000000000e+00	1.094202144052e+00	1.094202144052e+00
4.50000000e-02	2.096497283253e+00	1.000000000000e+00	1.096497283253e+00	1.096497283253e+00
4.60000000e-02	2.098799762538e+00	1.000000000000e+00	1.098799762538e+00	1.098799762538e+00
4.70000000e-02	2.101109616019e+00	1.000000000000e+00	1.101109616019e+00	1.101109616019e+00
4.80000000e-02	2.103426878019e+00	1.000000000000e+00	1.103426878019e+00	1.103426878019e+00
4.90000000e-02	2.105751583073e+00	1.000000000000e+00	1.105751583073e+00	1.105751583073e+00
5.00000000e-02	2.108083765932e+00	1.000000000000e+00	1.108083765932e+00	1.108083765932e+00
5.10000000e-02	2.110423461562e+00	1.000000000000e+00	1.110423461562e+00	1.110423461562e+00
5.20000000e-02	2.112770705148e+00	1.000000000000e+00	1.112770705148e+00	1.112770705148e+00
5.30000000e-02	2.115125532095e+00	1.000000000000e+00	1.115125532095e+00	1.115125532095e+00
5.40000000e-02	2.117487978029e+00	1.000000000000e+00	1.117487978029e+00	1.117487978029e+00
5.50000000e-02	2.119858078800e+00	1.000000000000e+00	1.119858078800e+00	1.119858078800e+00
5.60000000e-02	2.122235870483e+00	1.000000000000e+00	1.122235870483e+00	1.122235870483e+00
5.70000000e-02	2.124621389378e+00	1.000000000000e+00	1.124621389378e+00	1.124621389378e+00
5.80000000e-02	2.127014672015e+00	1.000000000000e+00	1.127014672015e+00	1.127014672015e+00
5.90000000e-02	2.129415755155e+00	1.000000000000e+00	1.129415755155e+00	1.129415755155e+00
6.00000000e-02	2.131824675791e+00	1.000000000000e+00	1.131824675791e+00	1.131824675791e+00
6.10000000e-02	2.134241471149e+00	1.000000000000e+00	1.134241471149e+00	1.134241471149e+00
6.20000000e-02	2.136666178690e+00	1.000000000000e+00	1.136666178690e+00	1.136666178690e+00
6.30000000e-02	2.139098836116e+00	1.000000000000e+00	1.139098836116e+00	1.139098836116e+00
6.40000000e-02	2.141539481366e+00	1.000000000000e+00	1.141539481366e+00	1.141539481366e+00
6.50000000e-02	2.143988152621e+00	1.000000000000e+00	1.143988152621e+00	1.143988152621e+00
6.60000000e-02	2.146444888307e+00	1.000000000000e+00	1.146444888307e+00	1.146444888307e+00
6.70000000e-02	2.148909727093e+00	1.000000000000e+00	1.148909727093e+00	1.148909727093e+00
6.80000000e-02	2.151382707897e+00	1.000000000000e+00	1.151382707897e+00	1.151382707897e+00
6.90000000e-02	2.153863869886e+00	1.000000000000e+00	1.153863869886e+00	1.153863869886e+00
7.00000000e-02	2.156353252479e+00	1.000000000000e+00	1.156353252479e+00	1.156353252479e+00
7.10000000e-02	2.158850895347e+00	1.000000000000e+00	1.158850895347e+00	1.158850895347e+00
7.20000000e-02	2.161356838417e+00	1.000000000000e+00	1.161356838417e+00	1.161356838417e+00
7.30000000e-02	2.163871121874e+00	1.000000000000e+00	1.163871121874e+00	1.163871121874e+00
7.40000000e-02	2.166393786162e+00	1.000000000000e+00	1.166393786162e+00	1.166393786162e+00
7.50000000e-02	2.168924871987e+00	1.000000000000e+00	1.168924871987e+00	1.168924871987e+00
7.60000000e-02	2.171464420319e+00	1.000000000000e+00	1.171464420319e+00	1.171464420319e+00
7.70000000e-02	2.174012472394e+00	1.000000000000e+00	1.174012472394e+00	1.174012472394e+00
7.80000000e-02	2.176569069714e+00	1.000000000000e+00	1.176569069714e+00	1.176569069714e+00
7.90000000e-02	2.179134254055e+00	1.000000000000e+00	1.179134254055e+00	1.179134254055e+00
8.00000000e-02	2.181708067462e+00	1.000000000000e+00	1.181708067462e+00	1.181708067462e+00
8.10000000e-02	2.184290552256e+00	1.000000000000e+00	1.184290552256e+00	1.184290552256e+00
8.20000000e-02	2.186881751036e+00	1.000000000000e+00	1.186881751036e+00	1.186881751036e+00
8.30000000e-02	2.189481706679e+00	1.000000000000e+00	1.189481706679e+00	1.189481706679e+00
8.40000000e-02	2.192090462344e+00	1.000000000000e+00	1.192090462344e+00	1.192090462344e+00
8.50000000e-02	2.194708061473e+00	1.000000000000e+00	1.194708061473e+00	1.194708061473e+00
8.60000000e-02	2.197334547796e+00	1.000000000000e+00	1.197334547796e+00	1.197334547796e+00
8.70000000e-02	2.199969965328e+00	1.000000000000e+00	1.199969965328e+00	1.199969965328e+00
8.80000000e-02	2.202614358380e+00	1.000000000000e+00	1.202614358380e+00	1.202614358380e+00
8.90000000e-02	2.205267771551e+00	1.000000000000e+00	1.205267771551e+00	1.205267771551e+00
9.00000000e-02	2.207930249740e+00	1.000000000000e+00	1.207930249740e+00	1.207930249740e+00
9.10000000e-02	2.210601838142e+00	1.000000000000e+00	1.210601838142e+00	1.210601838142e+00
9.20000000e-02	2.213282582253e+00	1.000000000000e+00	1.213282582253e+00	1.213282582253e+00
9.30000000e-02	2.215972527873e+00	1.000000000000e+00	1.215972527873e+00	1.215972527873e+00
9.40000000e-02	2.218671721106e+00	1.000000000000e+00	1.218671721106e+00	1.218671721106e+00
9.50000000e-02	2.221380208365e+00	1.000000000000e+00	1.221380208365e+00	1.221380208365e+00
9.60000000e-02	2.224098036376e+00	1.000000000000e+00	1.224098036376e+00	1.224098036376e+00
9.70000000e-02	2.226825252175e+00	1.000000000000e+00	1.226825252175e+00	1.226825252175e+00
9.80000000e-02	2.229561903117e+00	1.000000000000e+00	1.229561903117e+00	1.229561903117e+00
9.90000000e-02	2.232308036873e+00	1.000000000000e+00	1.232308036873e+00	1.232308036873e+00
1.00000000e-01	2.235063701438e+00	1.000000000000e+00	1.235063701438e+00	1.235063701438e+00
1.01000000e-01	2.237828945129e+00	1.000000000000e+00	1.237828945129e+00	1.237828945129e+00
1.02000000e-01	2.240603816593e+00	1.000000000000e+00	1.240603816593e+00	1.240603816593e+00
1.03000000e-01	2.243388364802e+00	1.000000000000e+00	1.243388364802e+00	1.243388364802e+00
1.04000000e-01	2.246182639065e+00	1.000000000000e+00	1.246182639065e+00	1.246182639065e+00
1.05000000e-01	2.248986689024e+00	1.000000000000e+00	1.248986689024e+00	1.248986689024e+00
1.06000000e-01	2.251800564659e+00	1.000000000000e+00	1.251800564659e+00	1.251800564659e+00
1.07000000e-01	2.254624316291e+00	1.000000000000e+00	1.254624316291e+00	1.254624316291e+00
1.08000000e-01	2.257457994587e+00	1.000000000000e+00	1.257457994587e+00	1.257457994587e+00
1.09000000e-01	2.260301650559e+00	1.000000000000e+00	1.260301650559e+00	1.260301650559e+00
1.10000000e-01	2.263155335569e+00	1.000000000000e+00	1.263155335569e+00	1.263155335569e+00
1.11000000e-01	2.266019101331e+00	1.000000000000e+00	1.266019101331e+00	1.266019101331e+00
1.12000000e-01	2.268892999918e+00	1.000000000000e+00	1.268892999918e+00	1.268892999918e+00
1.13000000e-01	2.271777083758e+00	1.000000000000e+00	1.271777083758e+00	1.271777083758e+00
1.14000000e-01	2.274671405645e+00	1.000000000000e+00	1.274671405645e+00	1.274671405645e+00
1.15000000e-01	2.277576018735e+00	1.000000000000e+00	1.277576018735e+00	1.277576018735e+00
1.16000000e-01	2.280490976553e+00	1.000000000000e+00	1.280490976553e+00	1.280490976553e+00
1.17000000e-01	2.283416332998e+00	1.000000000000e+00	1.283416332998e+00	1.283416332998e+00
1.18000000e-01	2.286352142340e+00	1.000000000000e+00	1.286352142340e+00	1.286352142340e+00
1.19000000e-01	2.289298459231e+00	1.000000000000e+00	1.289298459231e+00	1.289298459231e+00
1.20000000e-01	2.292255338700e+00	1.000000000000e+00	1.292255338700e+00	1.292255338700e+00
1.21000000e-01	2.295222836165e+00	1.000000000000e+00	1.295222836165e+00	1.295222836165e+00
1.22000000e-01	2.298201007430e+00	1.000000000000e+00	1.298201007430e+00	1.298201007430e+00
1.23000000e-01	2.301189908689e+00	1.000000000000e+00	1.301189908689e+00	1.301189908689e+00
1.24000000e-01	2.304189596534e+00	1.000000000000e+00	1.304189596534e+00	1.304189596534e+00
1.25000000e-01	2.307200127952e+00	1.000000000000e+00	1.307200127952e+00	1.307200127952e+00
1.26000000e-01	2.310221560336e+00	1.000000000000e+00	1.310221560336e+00	1.310221560336e+00
1.27000000e-01	2.313253951481e+00	1.000000000000e+00	1.313253951481e+00	1.313253951481e+00
1.28000000e-01	2.316297359591e+00	1.000000000000e+00	1.316297359591e+00	1.316297359591e+00
1.29000000e-01	2.319351843286e+00	1.000000000000e+00	1.319351843286e+00	1.319351843286e+00
1.30000000e-01	2.322417461599e+00	1.000000000000e+00	1.322417461599e+00	1.322417461599e+00
1.31000000e-01	2.325494273983e+00	1.000000000000e+00	1.325494273983e+00	1.325494273983e+00
1.32000000e-01	2.328582340318e+00	1.000000000000e+00	1.328582340318e+00	1.328582340318e+00
1.33000000e-01	2.331681720907e+00	1.000000000000e+00	1.331681720907e+00	1.331681720907e+00
1.34000000e-01	2.334792476489e+00	1.000000000000e+00	1.334792476489e+00	1.334792476489e+00
1.35000000e-01	2.337914668234e+00	1.000000000000e+00	1.337914668234e+00	1.337914668234e+00
1.36000000e-01	2.341048357755e+00	1.000000000000e+00	1.341048357755e+00	1.341048357755e+00
1.37000000e-01	2.344193607104e+00	1.000000000000e+00	1.344193607104e+00	1.344193607104e+00
1.38000000e-01	2.347350478784e+00	1.000000000000e+00	1.347350478784e+00	1.347350478784e+00
1.39000000e-01	2.350519035747e+00	1.000000000000e+00	1.350519035747e+00	1.350519035747e+00
1.40000000e-01	2.353699341400e+00	1.000000000000e+00	1.353699341400e+00	1.353699341400e+00
1.41000000e-01	2.356891459610e+00	1.000000000000e+00	1.356891459610e+00	1.356891459610e+00
1.42000000e-01	2.360095454707e+00	1.000000000000e+00	1.360095454707e+00	1.360095454707e+00
1.43000000e-01	2.363311391489e+00	1.000000000000e+00	1.363311391489e+00	1.363311391489e+00
1.44000000e-01	2.366539335226e+00	1.000000000000e+00	1.366539335226e+00	1.366539335226e+00
1.45000000e-01	2.369779351664e+00	1.000000000000e+00	1.369779351664e+00	1.369779351664e+00
1.46000000e-01	2.373031507029e+00	1.000000000000e+00	1.373031507029e+00	1.373031507029e+00
1.47000000e-01	2.376295868035e+00	1.000000000000e+00	1.376295868035e+00	1.376295868035e+00
1.48000000e-01	2.379572501881e+00	1.000000000000e+00	1.379572501881e+00	1.379572501881e+00
1.49000000e-01	2.382861476262e+00	1.000000000000e+00	1.382861476262e+00	1.382861476262e+00
1.50000000e-01	2.386162859373e+00	1.000000000000e+00	1.386162859373e+00	1.386162859373e+00
1.51000000e-01	2.389476719910e+00	1.000000000000e+00	1.389476719910e+00	1.389476719910e+00
1.52000000e-01	2.392803127076e+00	1.000000000000e+00	1.392803127076e+00	1.392803127076e+00
1.53000000e-01	2.396142150590e+00	1.000000000000e+00	1.396142150590e+00	1.396142150590e+00
1.54000000e-01	2.399493860685e+00	1.000000000000e+00	1.399493860685e+00	1.399493860685e+00
1.55000000e-01	2.402858328116e+00	1.000000000000e+00	1.402858328116e+00	1.402858328116e+00
1.56000000e-01	2.406235624168e+00	1.000000000000e+00	1.406235624168e+00	1.406235624168e+00
1.57000000e-01	2.409625820653e+00	1.000000000000e+00	1.409625820653e+00	1.409625820653e+00
1.58000000e-01	2.413028989925e+00	1.000000000000e+00	1.413028989925e+00	1.413028989925e+00
1.59000000e-01	2.416445204875e+00	1.000000000000e+00	1.416445204875e+00	1.416445204875e+00
1.60000000e-01	2.419874538943e+00	1.000000000000e+00	1.419874538943e+00	1.419874538943e+00
1.61000000e-01	2.423317066122e+00	1.000000000000e+00	1.423317066122e+00	1.423317066122e+00
1.62000000e-01	2.426772860960e+00	1.000000000000e+00	1.426772860960e+00	1.426772860960e+00
1.63000000e-01	2.430241998568e+00	1.000000000000e+00	1.430241998568e+00	1.430241998568e+00
1.64000000e-01	2.433724554627e+00	1.000000000000e+00	1.433724554627e+00	1.433724554627e+00
1.65000000e-01	2.437220605388e+00	1.000000000000e+00	1.437220605388e+00	1.437220605388e+00
1.66000000e-01	2.440730227682e+00	1.000000000000e+00	1.440730227682e+00	1.440730227682e+00
1.67000000e-01	2.444253498924e+00	1.000000000000e+00	1.444253498924e+00	1.444253498924e+00
1.68000000e-01	2.447790497119e+00	1.000000000000e+00	1.447790497119e+00	1.447790497119e+00
1.69000000e-01	2.451341300865e+00	1.000000000000e+00	1.451341300865e+00	1.451341300865e+00
1.70000000e-01	2.454905989365e+00	1.000000000000e+00	1.454905989365e+00	1.454905989365e+00
1.71000000e-01	2.458484642424e+00	1.000000000000e+00	1.458484642424e+00	1.458484642424e+00
1.72000000e-01	2.462077340463e+00	1.000000000000e+00	1.462077340463e+00	1.462077340463e+00
1.73000000e-01	2.465684164520e+00	1.000000000000e+00	1.465684164520e+00	1.465684164520e+00
1.74000000e-01	2.469305196258e+00	1.000000000000e+00	1.469305196258e+00	1.469305196258e+00
1.75000000e-01	2.472940517969e+00	1.000000000000e+00	1.472940517969e+00	1.472940517969e+00
1.76000000e-01	2.476590212583e+00	1.000000000000e+00	1.476590212583e+00	1.476590212583e+00
1.77000000e-01	2.480254363671e+00	1.000000000000e+00	1.480254363671e+00	1.480254363671e+00
1.78000000e-01	2.483933055455e+00	1.000000000000e+00	1.483933055455e+00	1.483933055455e+00
1.79000000e-01	2.487626372810e+00	1.000000000000e+00	1.487626372810e+00	1.487626372810e+00
1.80000000e-01	2.491334401274e+00	1.000000000000e+00	1.491334401274e+00	1.491334401274e+00
1.81000000e-01	2.495057227052e+00	1.000000000000e+00	1.495057227052e+00	1.495057227052e+00
1.82000000e-01	2.498794937025e+00	1.000000000000e+00	1.498794937025e+00	1.498794937025e+00
1.83000000e-01	2.502547618754e+00	1.000000000000e+00	1.502547618754e+00	1.502547618754e+00
1.84000000e-01	2.506315360488e+00	1.000000000000e+00	1.506315360488e+00	1.506315360488e+00
1.85000000e-01	2.510098251170e+00	1.000000000000e+00	1.510098251170e+00	1.510098251170e+00
1.86000000e-01	2.513896380446e+00	1.000000000000e+00	1.513896380446e+00	1.513896380446e+00
1.87000000e-01	2.517709838669e+00	1.000000000000e+00	1.517709838669e+00	1.517709838669e+00
1.88000000e-01	2.521538716908e+00	1.000000000000e+00	1.521538716908e+00	1.521538716908e+00
1.89000000e-01	2.525383106955e+00	1.000000000000e+00	1.525383106955e+00	1.525383106955e+00
1.90000000e-01	2.529243101331e+00	1.000000000000e+00	1.529243101331e+00	1.529243101331e+00
1.91000000e-01	2.533118793293e+00	1.000000000000e+00	1.533118793293e+00	1.533118793293e+00
1.92000000e-01	2.537010276845e+00	1.000000000000e+00	1.537010276845e+00	1.537010276845e+00
1.93000000e-01	2.540917646740e+00	1.000000000000e+00	1.540917646740e+00	1.540917646740e+00
1.94000000e-01	2.544840998492e+00	1.000000000000e+00	1.544840998492e+00	1.544840998492e+00
1.95000000e-01	2.548780428380e+00	1.000000000000e+00	1.548780428380e+00	1.548780428380e+00
1.96000000e-01	2.552736033461e+00	1.000000000000e+00	1.552736033461e+00	1.552736033461e+00
1.97000000e-01	2.556707911570e+00	1.000000000000e+00	1.556707911570e+00	1.556707911570e+00
1.98000000e-01	2.560696161336e+00	1.000000000000e+00	1.560696161336e+00	1.560696161336e+00
1.99000000e-01	2.564700882184e+00	1.000000000000e+00	1.564700882184e+00	1.564700882184e+00
2.00000000e-01	2.568722174348e+00	1.000000000000e+00	1.568722174348e+00	1.568722174348e+00
2.01000000e-01	2.572760138873e+00	1.000000000000e+00	1.572760138873e+00	1.572760138873e+00
2.02000000e-01	2.576814877629e+00	1.000000000000e+00	1.576814877629e+00	1.576814877629e+00
2.03000000e-01	2.580886493318e+00	1.000000000000e+00	1.580886493318e+00	1.580886493318e+00
2.04000000e-01	2.584975089479e+00	1.000000000000e+00	1.584975089479e+00	1.584975089479e+00
2.05000000e-01	2.589080770504e+00	1.000000000000e+00	1.589080770504e+00	1.589080770504e+00
2.06000000e-01	2.593203641637e+00	1.000000000000e+00	1.593203641637e+00	1.593203641637e+00
2.07000000e-01	2.597343808990e+00	1.000000000000e+00	1.597343808990e+00	1.597343808990e+00
2.08000000e-01	2.601501379552e+00	1.000000000000e+00	1.601501379552e+00	1.601501379552e+00
2.09000000e-01	2.605676461192e+00	1.000000000000e+00	1.605676461192e+00	1.605676461192e+00
2.10000000e-01	2.609869162675e+00	1.000000000000e+00	1.609869162675e+00	1.609869162675e+00
2.11000000e-01	2.614079593666e+00	1.000000000000e+00	1.614079593666e+00	1.614079593666e+00
2.12000000e-01	2.618307864744e+00	1.000000000000e+00	1.618307864744e+00	1.618307864744e+00
2.13000000e-01	2.622554087406e+00	1.000000000000e+00	1.622554087406e+00	1.622554087406e+00
2.14000000e-01	2.626818374084e+00	1.000000000000e+00	1.626818374084e+00	1.626818374084e+00
2.15000000e-01	2.631100838147e+00	1.000000000000e+00	1.631100838147e+00	1.631100838147e+00
2.16000000e-01	2.635401593915e+00	1.000000000000e+00	1.635401593915e+00	1.635401593915e+00
2.17000000e-01	2.639720756669e+00	1.000000000000e+00	1.639720756669e+00	1.639720756669e+00
2.18000000e-01	2.644058442661e+00	1.000000000000e+00	1.644058442661e+00	1.644058442661e+00
2.19000000e-01	2.648414769122e+00	1.000000000000e+00	1.648414769122e+00	1.648414769122e+00
2.20000000e-01	2.652789854275e+00	1.000000000000e+00	1.652789854275e+00	1.652789854275e+00
2.21000000e-01	2.657183817345e+00	1.000000000000e+00	1.657183817345e+00	1.657183817345e+00
2.22000000e-01	2.661596778568e+00	1.000000000000e+00	1.661596778568e+00	1.661596778568e+00
2.23000000e-01	2.666028859203e+00	1.000000000000e+00	1.666028859203e+00	1.666028859203e+00
2.24000000e-01	2.670480181543e+00	1.000000000000e+00	1.670480181543e+00	1.670480181543e+00
2.25000000e-01	2.674950868928e+00	1.000000000000e+00	1.674950868928e+00	1.674950868928e+00
2.26000000e-01	2.679441045750e+00	1.000000000000e+00	1.679441045750e+00	1.679441045750e+00
2.27000000e-01	2.683950837471e+00	1.000000000000e+00	1.683950837471e+00	1.683950837471e+00
2.28000000e-01	2.688480370632e+00	1.000000000000e+00	1.688480370632e+00	1.688480370632e+00
2.29000000e-01	2.693029772863e+00	1.000000000000e+00	1.693029772863e+00	1.693029772863e+00
2.30000000e-01	2.697599172897e+00	1.000000000000e+00	1.697599172897e+00	1.697599172897e+00
2.31000000e-01	2.702188700581e+00	1.000000000000e+00	1.702188700581e+00	1.702188700581e+00
2.32000000e-01	2.706798486889e+00	1.000000000000e+00	1.706798486889e+00	1.706798486889e+00
2.33000000e-01	2.711428663933e+00	1.000000000000e+00	1.711428663933e+00	1.711428663933e+00
2.34000000e-01	2.716079364975e+00	1.000000000000e+00	1.716079364975e+00	1.716079364975e+00
2.35000000e-01	2.720750724441e+00	1.000000000000e+00	1.720750724441e+00	1.720750724441e+00
2.36000000e-01	2.725442877933e+00	1.000000000000e+00	1.725442877933e+00	1.725442877933e+00
2.37000000e-01	2.730155962243e+00	1.000000000000e+00	1.730155962243e+00	1.730155962243e+00
2.38000000e-01	2.734890115364e+00	1.000000000000e+00	1.734890115364e+00	1.734890115364e+00
2.39000000e-01	2.739645476505e+00	1.000000000000e+00	1.739645476505e+00	1.739645476505e+00
2.40000000e-01	2.744422186104e+00	1.000000000000e+00	1.744422186104e+00	1.744422186104e+00
2.41000000e-01	2.749220385839e+00	1.000000000000e+00	1.749220385839e+00	1.749220385839e+00
2.42000000e-01	2.754040218648e+00	1.000000000000e+00	1.754040218648e+00	1.754040218648e+00
2.43000000e-01	2.758881828736e+00	1.000000000000e+00	1.758881828736e+00	1.758881828736e+00
2.44000000e-01	2.763745361593e+00	1.000000000000e+00	1.763745361593e+00	1.763745361593e+00
2.45000000e-01	2.768630964007e+00	1.000000000000e+00	1.768630964007e+00	1.768630964007e+00
2.46000000e-01	2.773538784082e+00	1.000000000000e+00	1.773538784082e+00	1.773538784082e+00
2.47000000e-01	2.778468971245e+00	1.000000000000e+00	1.778468971245e+00	1.778468971245e+00
2.48000000e-01	2.783421676270e+00	1.000000000000e+00	1.783421676270e+00	1.783421676270e+00
2.49000000e-01	2.788397051287e+00	1.000000000000e+00	1.788397051287e+00	1.788397051287e+00
2.50000000e-01	2.793395249797e+00	1.000000000000e+00	1.793395249797e+00	1.793395249797e+00
2.51000000e-01	2.798416426694e+00	1.000000000000e+00	1.798416426694e+00	1.798416426694e+00
2.52000000e-01	2.803460738272e+00	1.000000000000e+00	1.803460738272e+00	1.803460738272e+00
2.53000000e-01	2.808528342250e+00	1.000000000000e+00	1.808528342250e+00	1.808528342250e+00
2.54000000e-01	2.813619397778e+00	1.000000000000e+00	1.813619397778e+00	1.813619397778e+00
2.55000000e-01	2.818734065464e+00	1.000000000000e+00	1.818734065464e+00	1.818734065464e+00
2.56000000e-01	2.823872507383e+00	1.000000000000e+00	1.823872507383e+00	1.823872507383e+00
2.57000000e-01	2.829034887095e+00	1.000000000000e+00	1.829034887095e+00	1.829034887095e+00
2.58000000e-01	2.834221369667e+00	1.000000000000e+00	1.834221369667e+00	1.834221369667e+00
2.59000000e-01	2.839432121685e+00	1.000000000000e+00	1.839432121685e+00	1.839432121685e+00
2.60000000e-01	2.844667311271e+00	1.000000000000e+00	1.844667311271e+00	1.844667311271e+00
2.61000000e-01	2.849927108107e+00	1.000000000000e+00	1.849927108107e+00	1.849927108107e+00
2.62000000e-01	2.855211683447e+00	1.000000000000e+00	1.855211683447e+00	1.855211683447e+00
2.63000000e-01	2.860521210137e+00	1.000000000000e+00	1.860521210137e+00	1.860521210137e+00
2.64000000e-01	2.865855862637e+00	1.000000000000e+00	1.865855862637e+00	1.865855862637e+00
2.65000000e-01	2.871215817032e+00	1.000000000000e+00	1.871215817032e+00	1.871215817032e+00
2.66000000e-01	2.876601251061e+00	1.000000000000e+00	1.876601251061e+00	1.876601251061e+00
2.67000000e-01	2.882012344127e+00	1.000000000000e+00	1.882012344127e+00	1.882012344127e+00
2.68000000e-01	2.887449277324e+00	1.000000000000e+00	1.887449277324e+00	1.887449277324e+00
2.69000000e-01	2.892912233451e+00	1.000000000000e+00	1.892912233451e+00	1.892912233451e+00
2.70000000e-01	2.898401397037e+00	1.000000000000e+00	1.898401397037e+00	1.898401397037e+00
2.71000000e-01	2.903916954359e+00	1.000000000000e+00	1.903916954359e+00	1.903916954359e+00
2.72000000e-01	2.909459093463e+00	1.000000000000e+00	1.909459093463e+00	1.909459093463e+00
2.73000000e-01	2.915028004184e+00	1.000000000000e+00	1.915028004184e+00	1.915028004184e+00
2.74000000e-01	2.920623878171e+00	1.000000000000e+00	1.920623878171e+00	1.920623878171e+00
2.75000000e-01	2.926246908905e+00	1.000000000000e+00	1.926246908905e+00	1.926246908905e+00
2.76000000e-01	2.931897291721e+00	1.000000000000e+00	1.931897291721e+00	1.931897291721e+00
2.77000000e-01	2.937575223833e+00	1.000000000000e+00	1.937575223833e+00	1.937575223833e+00
2.78000000e-01	2.943280904355e+00	1.000000000000e+00	1.943280904355e+00	1.943280904355e+00
2.79000000e-01	2.949014534323e+00	1.000000000000e+00	1.949014534323e+00	1.949014534323e+00
2.80000000e-01	2.954776316721e+00	1.000000000000e+00	1.954776316721e+00	1.954776316721e+00
2.81000000e-01	2.960566456502e+00	1.000000000000e+00	1.960566456502e+00	1.960566456502e+00
2.82000000e-01	2.966385160612e+00	1.000000000000e+00	1.966385160612e+00	1.966385160612e+00
2.83000000e-01	2.972232638017e+00	1.000000000000e+00	1.972232638017e+00	1.972232638017e+00
2.84000000e-01	2.978109099724e+00	1.000000000000e+00	1.978109099724e+00	1.978109099724e+00
2.85000000e-01	2.984014758809e+00	1.000000000000e+00	1.984014758809e+00	1.984014758809e+00
2.86000000e-01	2.989949830442e+00	1.000000000000e+00	1.989949830442e+00	1.989949830442e+00
2.87000000e-01	2.995914531911e+00	1.000000000000e+00	1.995914531911e+00	1.995914531911e+00
2.88000000e-01	3.001909082648e+00	1.000000000000e+00	2.001909082648e+00	2.001909082648e+00
2.89000000e-01	3.007933704259e+00	1.000000000000e+00	2.007933704259e+00	2.007933704259e+00
2.90000000e-01	3.013988620548e+00	1.000000000000e+00	2.013988620548e+00	2.013988620548e+00
2.91000000e-01	3.020074057545e+00	1.000000000000e+00	2.020074057545e+00	2.020074057545e+00
2.92000000e-01	3.026190243532e+00	1.000000000000e+00	2.026190243532e+00	2.026190243532e+00
2.93000000e-01	3.032337409076e+00	1.000000000000e+00	2.032337409076e+00	2.032337409076e+00
2.94000000e-01	3.038515787052e+00	1.000000000000e+00	2.038515787052e+00	2.038515787052e+00
2.95000000e-01	3.044725612676e+00	1.000000000000e+00	2.044725612676e+00	2.044725612676e+00
2.96000000e-01	3.050967123533e+00	1.000000000000e+00	2.050967123533e+00	2.050967123533e+00
2.97000000e-01	3.057240559604e+00	1.000000000000e+00	2.057240559604e+00	2.057240559604e+00
2.98000000e-01	3.063546163304e+00	1.000000000000e+00	2.063546163304e+00	2.063546163304e+00
2.99000000e-01	3.069884179504e+00	1.000000000000e+00	2.069884179504e+00	2.069884179504e+00
3.00000000e-01	3.076254855569e+00	1.000000000000e+00	2.076254855569e+00	2.076254855569e+00
3.01000000e-01	3.082658441386e+00	1.000000000000e+00	2.082658441386e+00	2.082658441386e+00
3.02000000e-01	3.089095189396e+00	1.000000000000e+00	2.089095189396e+00	2.089095189396e+00
3.03000000e-01	3.095565354630e+00	1.000000000000e+00	2.095565354630e+00	2.095565354630e+00
3.04000000e-01	3.102069194740e+00	1.000000000000e+00	2.102069194740e+00	2.102069194740e+00
3.05000000e-01	3.108606970033e+00	1.000000000000e+00	2.108606970033e+00	2.108606970033e+00
3.06000000e-01	3.115178943505e+00	1.000000000000e+00	2.115178943505e+00	2.115178943505e+00
3.07000000e-01	3.121785380877e+00	1.000000000000e+00	2.121785380877e+00	2.121785380877e+00
3.08000000e-01	3.128426550629e+00	1.000000000000e+00	2.128426550629e+00	2.128426550629e+00
3.09000000e-01	3.135102724036e+00	1.000000000000e+00	2.135102724036e+00	2.135102724036e+00
3.10000000e-01	3.141814175206e+00	1.000000000000e+00	2.141814175206e+00	2.141814175206e+00
3.11000000e-01	3.148561181116e+00	1.000000000000e+00	2.148561181116e+00	2.148561181116e+00
3.12000000e-01	3.155344021649e+00	1.000000000000e+00	2.155344021649e+00	2.155344021649e+00
3.13000000e-01	3.162162979634e+00	1.000000000000e+00	2.162162979634e+00	2.162162979634e+00
3.14000000e-01	3.169018340881e+00	1.000000000000e+00	2.169018340881e+00	2.169018340881e+00
3.15000000e-01	3.175910394228e+00	1.000000000000e+00	2.175910394228e+00	2.175910394228e+00
3.16000000e-01	3.182839431571e+00	1.000000000000e+00	2.182839431571e+00	2.182839431571e+00
3.17000000e-01	3.189805747915e+00	1.000000000000e+00	2.189805747915e+00	2.189805747915e+00
3.18000000e-01	3.196809641406e+00	1.000000000000e+00	2.196809641406e+00	2.196809641406e+00
3.19000000e-01	3.203851413379e+00	1.000000000000e+00	2.203851413379e+00	2.203851413379e+00
3.20000000e-01	3.210931368401e+00	1.000000000000e+00	2.210931368401e+00	2.210931368401e+00
3.21000000e-01	3.218049814311e+00	1.000000000000e+00	2.218049814311e+00	2.218049814311e+00
3.22000000e-01	3.225207062264e+00	1.000000000000e+00	2.225207062264e+00	2.225207062264e+00
3.23000000e-01	3.232403426780e+00	1.000000000000e+00	2.232403426780e+00	2.232403426780e+00
3.24000000e-01	3.239639225785e+00	1.000000000000e+00	2.239639225785e+00	2.239639225785e+00
3.25000000e-01	3.246914780662e+00	1.000000000000e+00	2.246914780662e+00	2.246914780662e+00
3.26000000e-01	3.254230416292e+00	1.000000000000e+00	2.254230416292e+00	2.254230416292e+00
3.27000000e-01	3.261586461108e+00	1.000000000000e+00	2.261586461108e+00	2.261586461108e+00
3.28000000e-01	3.268983247138e+00	1.000000000000e+00	2.268983247138e+00	2.268983247138e+00
3.29000000e-01	3.276421110058e+00	1.000000000000e+00	2.276421110058e+00	2.276421110058e+00
3.30000000e-01	3.283900389244e+00	1.000000000000e+00	2.283900389244e+00	2.283900389244e+00
3.31000000e-01	3.291421427817e+00	1.000000000000e+00	2.291421427817e+00	2.291421427817e+00
3.32000000e-01	3.298984572699e+00	1.000000000000e+00	2.298984572699e+00	2.298984572699e+00
3.33000000e-01	3.306590174666e+00	1.000000000000e+00	2.306590174666e+00	2.306590174666e+00
3.34000000e-01	3.314238588400e+00	1.000000000000e+00	2.314238588400e+00	2.314238588400e+00
3.35000000e-01	3.321930172544e+00	1.000000000000e+00	2.321930172544e+00	2.321930172544e+00
3.36000000e-01	3.329665289759e+00	1.000000000000e+00	2.329665289759e+00	2.329665289759e+00
3.37000000e-01	3.337444306777e+00	1.000000000000e+00	2.337444306777e+00	2.337444306777e+00
3.38000000e-01	3.345267594463e+00	1.000000000000e+00	2.345267594463e+00	2.345267594463e+00
3.39000000e-01	3.353135527867e+00	1.000000000000e+00	2.353135527867e+00	2.353135527867e+00
3.40000000e-01	3.361048486291e+00	1.000000000000e+00	2.361048486291e+00	2.361048486291e+00
3.41000000e-01	3.369006853342e+00	1.000000000000e+00	2.369006853342e+00	2.369006853342e+00
3.42000000e-01	3.377011017000e+00	1.000000000000e+00	2.377011017000e+00	2.377011017000e+00
3.43000000e-01	3.385061369675e+00	1.000000000000e+00	2.385061369675e+00	2.385061369675e+00
3.44000000e-01	3.393158308272e+00	1.000000000000e+00	2.393158308272e+00	2.393158308272e+00
3.45000000e-01	3.401302234257e+00	1.000000000000e+00	2.401302234257e+00	2.401302234257e+00
3.46000000e-01	3.409493553722e+00	1.000000000000e+00	2.409493553722e+00	2.409493553722e+00
3.47000000e-01	3.417732677452e+00	1.000000000000e+00	2.417732677452e+00	2.417732677452e+00
3.48000000e-01	3.426020020992e+00	1.000000000000e+00	2.426020020992e+00	2.426020020992e+00
3.49000000e-01	3.434356004715e+00	1.000000000000e+00	2.434356004715e+00	2.434356004715e+00
3.50000000e-01	3.442741053898e+00	1.000000000000e+00	2.442741053898e+00	2.442741053898e+00
3.51000000e-01	3.451175598787e+00	1.000000000000e+00	2.451175598787e+00	2.451175598787e+00
3.52000000e-01	3.459660074673e+00	1.000000000000e+00	2.459660074673e+00	2.459660074673e+00
3.53000000e-01	3.468194921967e+00	1.000000000000e+00	2.468194921967e+00	2.468194921967e+00
3.54000000e-01	3.476780586271e+00	1.000000000000e+00	2.476780586271e+00	2.476780586271e+00
3.55000000e-01	3.485417518462e+00	1.000000000000e+00	2.485417518462e+00	2.485417518462e+00
3.56000000e-01	3.494106174764e+00	1.000000000000e+00	2.494106174764e+00	2.494106174764e+00
3.57000000e-01	3.502847016831e+00	1.000000000000e+00	2.502847016831e+00	2.502847016831e+00
3.58000000e-01	3.511640511825e+00	1.000000000000e+00	2.511640511825e+00	2.511640511825e+00
3.59000000e-01	3.520487132501e+00	1.000000000000e+00	2.520487132501e+00	2.520487132501e+00
3.60000000e-01	3.529387357292e+00	1.000000000000e+00	2.529387357292e+00	2.529387357292e+00
3.61000000e-01	3.538341670389e+00	1.000000000000e+00	2.538341670389e+00	2.538341670389e+00
3.62000000e-01	3.547350561835e+00	1.000000000000e+00	2.547350561835e+00	2.547350561835e+00
3.63000000e-01	3.556414527607e+00	1.000000000000e+00	2.556414527607e+00	2.556414527607e+00
3.64000000e-01	3.565534069713e+00	1.000000000000e+00	2.565534069713e+00	2.565534069713e+00
3.65000000e-01	3.574709696276e+00	1.000000000000e+00	2.574709696276e+00	2.574709696276e+00
3.66000000e-01	3.583941921636e+00	1.000000000000e+00	2.583941921636e+00	2.583941921636e+00
3.67000000e-01	3.593231266438e+00	1.000000000000e+00	2.593231266438e+00	2.593231266438e+00
3.68000000e-01	3.602578257733e+00	1.000000000000e+00	2.602578257733e+00	2.602578257733e+00
3.69000000e-01	3.611983429074e+00	1.000000000000e+00	2.611983429074e+00	2.611983429074e+00
3.70000000e-01	3.621447320622e+00	1.000000000000e+00	2.621447320622e+00	2.621447320622e+00
3.71000000e-01	3.630970479242e+00	1.000000000000e+00	2.630970479242e+00	2.630970479242e+00
3.72000000e-01	3.640553458611e+00	1.000000000000e+00	2.640553458611e+00	2.640553458611e+00
3.73000000e-01	3.650196819323e+00	1.000000000000e+00	2.650196819323e+00	2.650196819323e+00
3.74000000e-01	3.659901129001e+00	1.000000000000e+00	2.659901129001e+00	2.659901129001e+00
3.75000000e-01	3.669666962400e+00	1.000000000000e+00	2.669666962400e+00	2.669666962400e+00
3.76000000e-01	3.679494901527e+00	1.000000000000e+00	2.679494901527e+00	2.679494901527e+00
3.77000000e-01	3.689385535753e+00	1.000000000000e+00	2.689385535753e+00	2.689385535753e+00
3.78000000e-01	3.699339461927e+00	1.000000000000e+00	2.699339461927e+00	2.699339461927e+00
3.79000000e-01	3.709357284500e+00	1.000000000000e+00	2.709357284500e+00	2.709357284500e+00
3.80000000e-01	3.719439615643e+00	1.000000000000e+00	2.719439615643e+00	2.719439615643e+00
3.81000000e-01	3.729587075369e+00	1.000000000000e+00	2.729587075369e+00	2.729587075369e+00
3.82000000e-01	3.739800291667e+00	1.000000000000e+00	2.739800291667e+00	2.739800291667e+00
3.83000000e-01	3.750079900620e+00	1.000000000000e+00	2.750079900620e+00	2.750079900620e+00
3.84000000e-01	3.760426546545e+00	1.000000000000e+00	2.760426546545e+00	2.760426546545e+00
3.85000000e-01	3.770840882118e+00	1.000000000000e+00	2.770840882118e+00	2.770840882118e+00
3.86000000e-01	3.781323568520e+00	1.000000000000e+00	2.781323568520e+00	2.781323568520e+00
3.87000000e-01	3.791875275567e+00	1.000000000000e+00	2.791875275567e+00	2.791875275567e+00
3.88000000e-01	3.802496681857e+00	1.000000000000e+00	2.802496681857e+00	2.802496681857e+00
3.89000000e-01	3.813188474910e+00	1.000000000000e+00	2.813188474910e+00	2.813188474910e+00
3.90000000e-01	3.823951351322e+00	1.000000000000e+00	2.823951351322e+00	2.823951351322e+00
3.91000000e-01	3.834786016906e+00	1.000000000000e+00	2.834786016906e+00	2.834786016906e+00
3.92000000e-01	3.845693186854e+00	1.000000000000e+00	2.845693186854e+00	2.845693186854e+00
3.93000000e-01	3.856673585886e+00	1.000000000000e+00	2.856673585886e+00	2.856673585886e+00
3.94000000e-01	3.867727948413e+00	1.000000000000e+00	2.867727948413e+00	2.867727948413e+00
3.95000000e-01	3.878857018701e+00	1.000000000000e+00	2.878857018701e+00	2.878857018701e+00
3.96000000e-01	3.890061551033e+00	1.000000000000e+00	2.890061551033e+00	2.890061551033e+00
3.97000000e-01	3.901342309880e+00	1.000000000000e+00	2.901342309880e+00	2.901342309880e+00
3.98000000e-01	3.912700070073e+00	1.000000000000e+00	2.912700070073e+00	2.912700070073e+00
3.99000000e-01	3.924135616980e+00	1.000000000000e+00	2.924135616980e+00	2.924135616980e+00
4.00000000e-01	3.935649746685e+00	1.000000000000e+00	2.935649746685e+00	2.935649746685e+00
4.01000000e-01	3.947243266173e+00	1.000000000000e+00	2.947243266173e+00	2.947243266173e+00
4.02000000e-01	3.958916993515e+00	1.000000000000e+00	2.958916993515e+00	2.958916993515e+00
4.03000000e-01	3.970671758058e+00	1.000000000000e+00	2.970671758058e+00	2.970671758058e+00
4.04000000e-01	3.982508400625e+00	1.000000000000e+00	2.982508400625e+00	2.982508400625e+00
4.05000000e-01	3.994427773709e+00	1.000000000000e+00	2.994427773709e+00	2.994427773709e+00
4.06000000e-01	4.006430741679e+00	1.000000000000e+00	3.006430741679e+00	3.006430741679e+00
4.07000000e-01	4.018518180986e+00	1.000000000000e+00	3.018518180986e+00	3.018518180986e+00
4.08000000e-01	4.030690980378e+00	1.000000000000e+00	3.030690980378e+00	3.030690980378e+00
4.09000000e-01	4.042950041110e+00	1.000000000000e+00	3.042950041110e+00	3.042950041110e+00
4.10000000e-01	4.055296277173e+00	1.000000000000e+00	3.055296277173e+00	3.055296277173e+00
4.11000000e-01	4.067730615512e+00	1.000000000000e+00	3.067730615512e+00	3.067730615512e+00
4.12000000e-01	4.080253996262e+00	1.000000000000e+00	3.080253996262e+00	3.080253996262e+00
4.13000000e-01	4.092867372981e+00	1.000000000000e+00	3.092867372981e+00	3.092867372981e+00
4.14000000e-01	4.105571712891e+00	1.000000000000e+00	3.105571712891e+00	3.105571712891e+00
4.15000000e-01	4.118367997122e+00	1.000000000000e+00	3.118367997122e+00	3.118367997122e+00
4.16000000e-01	4.131257220965e+00	1.000000000000e+00	3.131257220965e+00	3.131257220965e+00
4.17000000e-01	4.144240394129e+00	1.000000000000e+00	3.144240394129e+00	3.144240394129e+00
4.18000000e-01	4.157318541001e+00	1.000000000000e+00	3.157318541001e+00	3.157318541001e+00
4.19000000e-01	4.170492700913e+00	1.000000000000e+00	3.170492700913e+00	3.170492700913e+00
4.20000000e-01	4.183763928418e+00	1.000000000000e+00	3.183763928418e+00	3.183763928418e+00
4.21000000e-01	4.197133293569e+00	1.000000000000e+00	3.197133293569e+00	3.197133293569e+00
4.22000000e-01	4.210601882205e+00	1.000000000000e+00	3.210601882205e+00	3.210601882205e+00
4.23000000e-01	4.224170796240e+00	1.000000000000e+00	3.224170796240e+00	3.224170796240e+00
4.24000000e-01	4.237841153967e+00	1.000000000000e+00	3.237841153967e+00	3.237841153967e+00
4.25000000e-01	4.251614090360e+00	1.000000000000e+00	3.251614090360e+00	3.251614090360e+00
4.26000000e-01	4.265490757386e+00	1.000000000000e+00	3.265490757386e+00	3.265490757386e+00
4.27000000e-01	4.279472324326e+00	1.000000000000e+00	3.279472324326e+00	3.279472324326e+00
4.28000000e-01	4.293559978100e+00	1.000000000000e+00	3.293559978100e+00	3.293559978100e+00
4.29000000e-01	4.307754923602e+00	1.000000000000e+00	3.307754923602e+00	3.307754923602e+00
4.30000000e-01	4.322058384040e+00	1.000000000000e+00	3.322058384040e+00	3.322058384040e+00
4.31000000e-01	4.336471601288e+00	1.000000000000e+00	3.336471601288e+00	3.336471601288e+00
4.32000000e-01	4.350995836240e+00	1.000000000000e+00	3.350995836240e+00	3.350995836240e+00
4.33000000e-01	4.365632369178e+00	1.000000000000e+00	3.365632369178e+00	3.365632369178e+00
4.34000000e-01	4.380382500147e+00	1.000000000000e+00	3.380382500147e+00	3.380382500147e+00
4.35000000e-01	4.395247549332e+00	1.000000000000e+00	3.395247549332e+00	3.395247549332e+00
4.36000000e-01	4.410228857458e+00	1.000000000000e+00	3.410228857458e+00	3.410228857458e+00
4.37000000e-01	4.425327786184e+00	1.000000000000e+00	3.425327786184e+00	3.425327786184e+00
4.38000000e-01	4.440545718518e+00	1.000000000000e+00	3.440545718518e+00	3.440545718518e+00
4.39000000e-01	4.455884059232e+00	1.000000000000e+00	3.455884059232e+00	3.455884059232e+00
4.40000000e-01	4.471344235298e+00	1.000000000000e+00	3.471344235298e+00	3.471344235298e+00
4.41000000e-01	4.486927696322e+00	1.000000000000e+00	3.486927696322e+00	3.486927696322e+00
4.42000000e-01	4.502635915001e+00	1.000000000000e+00	3.502635915001e+00	3.502635915001e+00
4.43000000e-01	4.518470387578e+00	1.000000000000e+00	3.518470387578e+00	3.518470387578e+00
4.44000000e-01	4.534432634320e+00	1.000000000000e+00	3.534432634320e+00	3.534432634320e+00
4.45000000e-01	4.550524199997e+00	1.000000000000e+00	3.550524199997e+00	3.550524199997e+00
4.46000000e-01	4.566746654384e+00	1.000000000000e+00	3.566746654384e+00	3.566746654384e+00
4.47000000e-01	4.583101592763e+00	1.000000000000e+00	3.583101592763e+00	3.583101592763e+00
4.48000000e-01	4.599590636447e+00	1.000000000000e+00	3.599590636447e+00	3.599590636447e+00
4.49000000e-01	4.616215433309e+00	1.000000000000e+00	3.616215433309e+00	3.616215433309e+00
4.50000000e-01	4.632977658335e+00	1.000000000000e+00	3.632977658335e+00	3.632977658335e+00
4.51000000e-01	4.649879014177e+00	1.000000000000e+00	3.649879014177e+00	3.649879014177e+00
4.52000000e-01	4.666921231730e+00	1.000000000000e+00	3.666921231730e+00	3.666921231730e+00
4.53000000e-01	4.684106070720e+00	1.000000000000e+00	3.684106070720e+00	3.684106070720e+00
4.54000000e-01	4.701435320305e+00	1.000000000000e+00	3.701435320305e+00	3.701435320305e+00
4.55000000e-01	4.718910799696e+00	1.000000000000e+00	3.718910799696e+00	3.718910799696e+00
4.56000000e-01	4.736534358787e+00	1.000000000000e+00	3.736534358787e+00	3.736534358787e+00
4.57000000e-01	4.754307878807e+00	1.000000000000e+00	3.754307878807e+00	3.754307878807e+00
4.58000000e-01	4.772233272987e+00	1.000000000000e+00	3.772233272987e+00	3.772233272987e+00
4.59000000e-01	4.790312487240e+00	1.000000000000e+00	3.790312487240e+00	3.790312487240e+00
4.60000000e-01	4.808547500865e+00	1.000000000000e+00	3.808547500865e+00	3.808547500865e+00
4.61000000e-01	4.826940327265e+00	1.000000000000e+00	3.826940327265e+00	3.826940327265e+00
4.62000000e-01	4.845493014686e+00	1.000000000000e+00	3.845493014686e+00	3.845493014686e+00
4.63000000e-01	4.864207646971e+00	1.000000000000e+00	3.864207646971e+00	3.864207646971e+00
4.64000000e-01	4.883086344340e+00	1.000000000000e+00	3.883086344340e+00	3.883086344340e+00
4.65000000e-01	4.902131264182e+00	1.000000000000e+00	3.902131264182e+00	3.902131264182e+00
4.66000000e-01	4.921344601883e+00	1.000000000000e+00	3.921344601883e+00	3.921344601883e+00
4.67000000e-01	4.940728591655e+00	1.000000000000e+00	3.940728591655e+00	3.940728591655e+00
4.68000000e-01	4.960285507405e+00	1.000000000000e+00	3.960285507405e+00	3.960285507405e+00
4.69000000e-01	4.980017663618e+00	1.000000000000e+00	3.980017663618e+00	3.980017663618e+00
4.70000000e-01	4.999927416269e+00	1.000000000000e+00	3.999927416269e+00	3.999927416269e+00
4.71000000e-01	5.020017163752e+00	1.000000000000e+00	4.020017163752e+00	4.020017163752e+00
4.72000000e-01	5.040289347843e+00	1.000000000000e+00	4.040289347843e+00	4.040289347843e+00
4.73000000e-01	5.060746454685e+00	1.000000000000e+00	4.060746454685e+00	4.060746454685e+00
4.74000000e-01	5.081391015797e+00	1.000000000000e+00	4.081391015797e+00	4.081391015797e+00
4.75000000e-01	5.102225609119e+00	1.000000000000e+00	4.102225609119e+00	4.102225609119e+00
4.76000000e-01	5.123252860077e+00	1.000000000000e+00	4.123252860077e+00	4.123252860077e+00
4.77000000e-01	5.144475442683e+00	1.000000000000e+00	4.144475442683e+00	4.144475442683e+00
4.78000000e-01	5.165896080662e+00	1.000000000000e+00	4.165896080662e+00	4.165896080662e+00
4.79000000e-01	5.187517548619e+00	1.000000000000e+00	4.187517548619e+00	4.187517548619e+00
4.80000000e-01	5.209342673223e+00	1.000000000000e+00	4.209342673223e+00	4.209342673223e+00
4.81000000e-01	5.231374334443e+00	1.000000000000e+00	4.231374334443e+00	4.231374334443e+00
4.82000000e-01	5.253615466805e+00	1.000000000000e+00	4.253615466805e+00	4.253615466805e+00
4.83000000e-01	5.276069060691e+00	1.000000000000e+00	4.276069060691e+00	4.276069060691e+00
4.84000000e-01	5.298738163676e+00	1.000000000000e+00	4.298738163676e+00	4.298738163676e+00
4.85000000e-01	5.321625881899e+00	1.000000000000e+00	4.321625881899e+00	4.321625881899e+00
4.86000000e-01	5.344735381480e+00	1.000000000000e+00	4.344735381480e+00	4.344735381480e+00
4.87000000e-01	5.368069889971e+00	1.000000000000e+00	4.368069889971e+00	4.368069889971e+00
4.88000000e-01	5.391632697856e+00	1.000000000000e+00	4.391632697856e+00	4.391632697856e+00
4.89000000e-01	5.415427160094e+00	1.000000000000e+00	4.415427160094e+00	4.415427160094e+00
4.90000000e-01	5.439456697699e+00	1.000000000000e+00	4.439456697699e+00	4.439456697699e+00
4.91000000e-01	5.463724799383e+00	1.000000000000e+00	4.463724799383e+00	4.463724799383e+00
4.92000000e-01	5.488235023230e+00	1.000000000000e+00	4.488235023230e+00	4.488235023230e+00
4.93000000e-01	5.512990998436e+00	1.000000000000e+00	4.512990998436e+00	4.512990998436e+00
4.94000000e-01	5.537996427092e+00	1.000000000000e+00	4.537996427092e+00	4.537996427092e+00
4.95000000e-01	5.563255086020e+00	1.000000000000e+00	4.563255086020e+00	4.563255086020e+00
4.96000000e-01	5.588770828673e+00	1.000000000000e+00	4.588770828673e+00	4.588770828673e+00
4.97000000e-01	5.614547587088e+00	1.000000000000e+00	4.614547587088e+00	4.614547587088e+00
4.98000000e-01	5.640589373896e+00	1.000000000000e+00	4.640589373896e+00	4.640589373896e+00
4.99000000e-01	5.666900284402e+00	1.000000000000e+00	4.666900284402e+00	4.666900284402e+00
5.00000000e-01	5.693484498720e+00	1.000000000000e+00	4.693484498720e+00	4.693484498720e+00
5.01000000e-01	5.720346283985e+00	1.000000000000e+00	4.720346283985e+00	4.720346283985e+00
5.02000000e-01	5.747489996627e+00	1.000000000000e+00	4.747489996627e+00	4.747489996627e+00
5.03000000e-01	5.774920084719e+00	1.000000000000e+00	4.774920084719e+00	4.774920084719e+00
5.04000000e-01	5.802641090399e+00	1.000000000000e+00	4.802641090399e+00	4.802641090399e+00
5.05000000e-01	5.830657652370e+00	1.000000000000e+00	4.830657652370e+00	4.830657652370e+00
5.06000000e-01	5.858974508483e+00	1.000000000000e+00	4.858974508483e+00	4.858974508483e+00
5.07000000e-01	5.887596498394e+00	1.000000000000e+00	4.887596498394e+00	4.887596498394e+00
5.08000000e-01	5.916528566321e+00	1.000000000000e+00	4.916528566321e+00	4.916528566321e+00
5.09000000e-01	5.945775763874e+00	1.000000000000e+00	4.945775763874e+00	4.945775763874e+00
5.10000000e-01	5.975343252996e+00	1.000000000000e+00	4.975343252996e+00	4.975343252996e+00
5.11000000e-01	6.005236308986e+00	1.000000000000e+00	5.005236308986e+00	5.005236308986e+00
5.12000000e-01	6.035460323627e+00	1.000000000000e+00	5.035460323627e+00	5.035460323627e+00
5.13000000e-01	6.066020808426e+00	1.000000000000e+00	5.066020808426e+00	5.066020808426e+00
5.14000000e-01	6.096923397947e+00	1.000000000000e+00	5.096923397947e+00	5.096923397947e+00
5.15000000e-01	6.128173853270e+00	1.000000000000e+00	5.128173853270e+00	5.128173853270e+00
5.16000000e-01	6.159778065560e+00	1.000000000000e+00	5.159778065560e+00	5.159778065560e+00
5.17000000e-01	6.191742059761e+00	1.000000000000e+00	5.191742059761e+00	5.191742059761e+00
5.18000000e-01	6.224071998413e+00	1.000000000000e+00	5.224071998413e+00	5.224071998413e+00
5.19000000e-01	6.256774185605e+00	1.000000000000e+00	5.256774185605e+00	5.256774185605e+00
5.20000000e-01	6.289855071059e+00	1.000000000000e+00	5.289855071059e+00	5.289855071059e+00
5.21000000e-01	6.323321254365e+00	1.000000000000e+00	5.323321254365e+00	5.323321254365e+00
5.22000000e-01	6.357179489355e+00	1.000000000000e+00	5.357179489355e+00	5.357179489355e+00
5.23000000e-01	6.391436688635e+00	1.000000000000e+00	5.391436688635e+00	5.391436688635e+00
5.24000000e-01	6.426099928285e+00	1.000000000000e+00	5.426099928285e+00	5.426099928285e+00
5.25000000e-01	6.461176452710e+00	1.000000000000e+00	5.461176452710e+00	5.461176452710e+00
5.26000000e-01	6.496673679686e+00	1.000000000000e+00	5.496673679686e+00	5.496673679686e+00
5.27000000e-01	6.532599205568e+00	1.000000000000e+00	5.532599205568e+00	5.532599205568e+00
5.28000000e-01	6.568960810703e+00	1.000000000000e+00	5.568960810703e+00	5.568960810703e+00
5.29000000e-01	6.605766465032e+00	1.000000000000e+00	5.605766465032e+00	5.605766465032e+00
5.30000000e-01	6.643024333899e+00	1.000000000000e+00	5.643024333899e+00	5.643024333899e+00
5.31000000e-01	6.680742784079e+00	1.000000000000e+00	5.680742784079e+00	5.680742784079e+00
5.32000000e-01	6.718930390030e+00	1.000000000000e+00	5.718930390030e+00	5.718930390030e+00
5.33000000e-01	6.757595940370e+00	1.000000000000e+00	5.757595940370e+00	5.757595940370e+00
5.34000000e-01	6.796748444611e+00	1.000000000000e+00	5.796748444611e+00	5.796748444611e+00
5.35000000e-01	6.836397140144e+00	1.000000000000e+00	5.836397140144e+00	5.836397140144e+00
5.36000000e-01	6.876551499483e+00	1.000000000000e+00	5.876551499483e+00	5.876551499483e+00
5.37000000e-01	6.917221237800e+00	1.000000000000e+00	5.917221237800e+00	5.917221237800e+00
5.38000000e-01	6.958416320743e+00	1.000000000000e+00	5.958416320743e+00	5.958416320743e+00
5.39000000e-01	7.000146972560e+00	1.000000000000e+00	6.000146972560e+00	6.000146972560e+00
5.40000000e-01	7.042423684543e+00	1.000000000000e+00	6.042423684543e+00	6.042423684543e+00
5.41000000e-01	7.085257223803e+00	1.000000000000e+00	6.085257223803e+00	6.085257223803e+00
5.42000000e-01	7.128658642395e+00	1.000000000000e+00	6.128658642395e+00	6.128658642395e+00
5.43000000e-01	7.172639286806e+00	1.000000000000e+00	6.172639286806e+00	6.172639286806e+00
5.44000000e-01	7.217210807825e+00	1.000000000000e+00	6.217210807825e+00	6.217210807825e+00
5.45000000e-01	7.262385170816e+00	1.000000000000e+00	6.262385170816e+00	6.262385170816e+00
5.46000000e-01	7.308174666405e+00	1.000000000000e+00	6.308174666405e+00	6.308174666405e+00
5.47000000e-01	7.354591921606e+00	1.000000000000e+00	6.354591921606e+00	6.354591921606e+00
5.48000000e-01	7.401649911412e+00	1.000000000000e+00	6.401649911412e+00	6.401649911412e+00
5.49000000e-01	7.449361970867e+00	1.000000000000e+00	6.449361970867e+00	6.449361970867e+00
5.50000000e-01	7.497741807635e+00	1.000000000000e+00	6.497741807635e+00	6.497741807635e+00
5.51000000e-01	7.546803515114e+00	1.000000000000e+00	6.546803515114e+00	6.546803515114e+00
5.52000000e-01	7.596561586097e+00	1.000000000000e+00	6.596561586097e+00	6.596561586097e+00
5.53000000e-01	7.647030927022e+00	1.000000000000e+00	6.647030927022e+00	6.647030927022e+00
5.54000000e-01	7.698226872835e+00	1.000000000000e+00	6.698226872835e+00	6.698226872835e+00
5.55000000e-01	7.750165202500e+00	1.000000000000e+00	6.750165202500e+00	6.750165202500e+00
5.56000000e-01	7.802862155184e+00	1.000000000000e+00	6.802862155184e+00	6.802862155184e+00
5.57000000e-01	7.856334447163e+00	1.000000000000e+00	6.856334447163e+00	6.856334447163e+00
5.58000000e-01	7.910599289468e+00	1.000000000000e+00	6.910599289468e+00	6.910599289468e+00
5.59000000e-01	7.965674406329e+00	1.000000000000e+00	6.965674406329e+00	6.965674406329e+00
5.60000000e-01	8.021578054446e+00	1.000000000000e+00	7.021578054446e+00	7.021578054446e+00
5.61000000e-01	8.078329043136e+00	1.000000000000e+00	7.078329043136e+00	7.078329043136e+00
5.62000000e-01	8.135946755403e+00	1.000000000000e+00	7.135946755403e+00	7.135946755403e+00
5.63000000e-01	8.194451169973e+00	1.000000000000e+00	7.194451169973e+00	7.194451169973e+00
5.64000000e-01	8.253862884364e+00	1.000000000000e+00	7.253862884364e+00	7.253862884364e+00
5.65000000e-01	8.314203139025e+00	1.000000000000e+00	7.314203139025e+00	7.314203139025e+00
5.66000000e-01	8.375493842623e+00	1.000000000000e+00	7.375493842623e+00	7.375493842623e+00
5.67000000e-01	8.437757598526e+00	1.000000000000e+00	7.437757598526e+00	7.437757598526e+00
5.68000000e-01	8.501017732556e+00	1.000000000000e+00	7.501017732556e+00	7.501017732556e+00
5.69000000e-01	8.565298322092e+00	1.000000000000e+00	7.565298322092e+00	7.565298322092e+00
5.70000000e-01	8.630624226579e+00	1.000000000000e+00	7.630624226579e+00	7.630624226579e+00
5.71000000e-01	8.697021119546e+00	1.000000000000e+00	7.697021119546e+00	7.697021119546e+00
5.72000000e-01	8.764515522199e+00	1.000000000000e+00	7.764515522199e+00	7.764515522199e+00
5.73000000e-01	8.833134838703e+00	1.000000000000e+00	7.833134838703e+00	7.833134838703e+00
5.74000000e-01	8.902907393232e+00	1.000000000000e+00	7.902907393232e+00	7.902907393232e+00
5.75000000e-01	8.973862468908e+00	1.000000000000e+00	7.973862468908e+00	7.973862468908e+00
5.76000000e-01	9.046030348723e+00	1.000000000000e+00	8.046030348723e+00	8.046030348723e+00
5.77000000e-01	9.119442358590e+00	1.000000000000e+00	8.119442358590e+00	8.119442358590e+00
5.78000000e-01	9.194130912624e+00	1.000000000000e+00	8.194130912624e+00	8.194130912624e+00
5.79000000e-01	9.270129560812e+00	1.000000000000e+00	8.270129560812e+00	8.270129560812e+00
5.80000000e-01	9.347473039205e+00	1.000000000000e+00	8.347473039205e+00	8.347473039205e+00
5.81000000e-01	9.426197322800e+00	1.000000000000e+00	8.426197322800e+00	8.426197322800e+00
5.82000000e-01	9.506339681271e+00	1.000000000000e+00	8.506339681271e+00	8.506339681271e+00
5.83000000e-01	9.587938737744e+00	1.000000000000e+00	8.587938737744e+00	8.587938737744e+00
5.84000000e-01	9.671034530796e+00	1.000000000000e+00	8.671034530796e+00	8.671034530796e+00
5.85000000e-01	9.755668579893e+00	1.000000000000e+00	8.755668579893e+00	8.755668579893e+00
5.86000000e-01	9.841883954502e+00	1.000000000000e+00	8.841883954502e+00	8.841883954502e+00
5.87000000e-01	9.929725347095e+00	1.000000000000e+00	8.929725347095e+00	8.929725347095e+00
5.88000000e-01	1.001923915033e+01	1.000000000000e+00	9.019239150335e+00	9.019239150335e+00
5.89000000e-01	1.011047353869e+01	1.000000000000e+00	9.110473538693e+00	9.110473538693e+00
5.90000000e-01	1.020347855482e+01	1.000000000000e+00	9.203478554824e+00	9.203478554824e+00
5.91000000e-01	1.029830620102e+01	1.000000000000e+00	9.298306201015e+00	9.298306201015e+00
5.92000000e-01	1.039501053605e+01	1.000000000000e+00	9.395010536048e+00	9.395010536048e+00
5.93000000e-01	1.049364777788e+01	1.000000000000e+00	9.493647777882e+00	9.493647777882e+00
5.94000000e-01	1.059427641253e+01	1.000000000000e+00	9.594276412533e+00	9.594276412533e+00
5.95000000e-01	1.069695730962e+01	1.000000000000e+00	9.696957309623e+00	9.696957309623e+00
5.96000000e-01	1.080175384506e+01	1.000000000000e+00	9.801753845060e+00	9.801753845060e+00
5.97000000e-01	1.090873203137e+01	1.000000000000e+00	9.908732031368e+00	9.908732031368e+00
5.98000000e-01	1.101796065625e+01	1.000000000000e+00	1.001796065625e+01	1.001796065625e+01
5.99000000e-01	1.112951142997e+01	1.000000000000e+00	1.012951142997e+01	1.012951142997e+01
6.00000000e-01	1.124345914222e+01	1.000000000000e+00	1.024345914222e+01	1.024345914222e+01
6.01000000e-01	1.135988182923e+01	1.000000000000e+00	1.035988182923e+01	1.035988182923e+01
6.02000000e-01	1.147886095187e+01	1.000000000000e+00	1.047886095187e+01	1.047886095187e+01
6.03000000e-01	1.160048158556e+01	1.000000000000e+00	1.060048158556e+01	1.060048158556e+01
6.04000000e-01	1.172483262302e+01	1.000000000000e+00	1.072483262302e+01	1.072483262302e+01
6.05000000e-01	1.185200699082e+01	1.000000000000e+00	1.085200699082e+01	1.085200699082e+01
6.06000000e-01	1.198210188080e+01	1.000000000000e+00	1.098210188080e+01	1.098210188080e+01
6.07000000e-01	1.211521899760e+01	1.000000000000e+00	1.111521899760e+01	1.111521899760e+01
6.08000000e-01	1.225146482371e+01	1.000000000000e+00	1.125146482371e+01	1.125146482371e+01
6.09000000e-01	1.239095090334e+01	1.000000000000e+00	1.139095090334e+01	1.139095090334e+01
6.10000000e-01	1.253379414681e+01	1.000000000000e+00	1.153379414681e+01	1.153379414681e+01
6.11000000e-01	1.268011715716e+01	1.000000000000e+00	1.168011715716e+01	1.168011715716e+01
6.12000000e-01	1.283004858092e+01	1.000000000000e+00	1.183004858092e+01	1.183004858092e+01
6.13000000e-01	1.298372348515e+01	1.000000000000e+00	1.198372348515e+01	1.198372348515e+01
6.14000000e-01	1.314128376300e+01	1.000000000000e+00	1.214128376300e+01	1.214128376300e+01
6.15000000e-01	1.330287857052e+01	1.000000000000e+00	1.230287857052e+01	1.230287857052e+01
6.16000000e-01	1.346866479731e+01	1.000000000000e+00	1.246866479731e+01	1.246866479731e+01
6.17000000e-01	1.363880757439e+01	1.000000000000e+00	1.263880757439e+01	1.263880757439e+01
6.18000000e-01	1.381348082249e+01	1.000000000000e+00	1.281348082249e+01	1.281348082249e+01
6.19000000e-01	1.399286784482e+01	1.000000000000e+00	1.299286784482e+01	1.299286784482e+01
6.20000000e-01	1.417716196838e+01	1.000000000000e+00	1.317716196838e+01	1.317716196838e+01
6.21000000e-01	1.436656723865e+01	1.000000000000e+00	1.336656723865e+01	1.336656723865e+01
6.22000000e-01	1.456129917284e+01	1.000000000000e+00	1.356129917284e+01	1.356129917284e+01
6.23000000e-01	1.476158557762e+01	1.000000000000e+00	1.376158557762e+01	1.376158557762e+01
6.24000000e-01	1.496766743769e+01	1.000000000000e+00	1.396766743769e+01	1.396766743769e+01
6.25000000e-01	1.517979988274e+01	1.000000000000e+00	1.417979988274e+01	1.417979988274e+01
6.26000000e-01	1.539825324069e+01	1.000000000000e+00	1.439825324069e+01	1.439825324069e+01
6.27000000e-01	1.562331418649e+01	1.000000000000e+00	1.462331418649e+01	1.462331418649e+01
6.28000000e-01	1.585528699680e+01	1.000000000000e+00	1.485528699680e+01	1.485528699680e+01
6.29000000e-01	1.609449492193e+01	1.000000000000e+00	1.509449492193e+01	1.509449492193e+01
6.30000000e-01	1.634128168817e+01	1.000000000000e+00	1.534128168817e+01	1.534128168817e+01
6.31000000e-01	1.659601314519e+01	1.000000000000e+00	1.559601314519e+01	1.559601314519e+01
6.32000000e-01	1.685907907505e+01	1.000000000000e+00	1.585907907505e+01	1.585907907505e+01
6.33000000e-01	1.713089518172e+01	1.000000000000e+00	1.613089518172e+01	1.613089518172e+01
6.34000000e-01	1.741190528231e+01	1.000000000000e+00	1.641190528231e+01	1.641190528231e+01
6.35000000e-01	1.770258372459e+01	1.000000000000e+00	1.670258372459e+01	1.670258372459e+01
6.36000000e-01	1.800343805811e+01	1.000000000000e+00	1.700343805811e+01	1.700343805811e+01
6.37000000e-01	1.831501199095e+01	1.000000000000e+00	1.731501199095e+01	1.731501199095e+01
6.38000000e-01	1.863788866807e+01	1.000000000000e+00	1.763788866807e+01	1.763788866807e+01
6.39000000e-01	1.897269431292e+01	1.000000000000e+00	1.797269431292e+01	1.797269431292e+01
6.40000000e-01	1.932010228022e+01	1.000000000000e+00	1.832010228022e+01	1.832010228022e+01
6.41000000e-01	1.968083757502e+01	1.000000000000e+00	1.868083757502e+01	1.868083757502e+01
6.42000000e-01	2.005568190187e+01	1.000000000000e+00	1.905568190187e+01	1.905568190187e+01
6.43000000e-01	2.044547931816e+01	1.000000000000e+00	1.944547931816e+01	1.944547931816e+01
6.44000000e-01	2.085114257756e+01	1.000000000000e+00	1.985114257756e+01	1.985114257756e+01
6.45000000e-01	2.127366026405e+01	1.000000000000e+00	2.027366026405e+01	2.027366026405e+01
6.46000000e-01	2.171410483374e+01	1.000000000000e+00	2.071410483374e+01	2.071410483374e+01
6.47000000e-01	2.217364170240e+01	1.000000000000e+00	2.117364170240e+01	2.117364170240e+01
6.48000000e-01	2.265353954056e+01	1.000000000000e+00	2.165353954056e+01	2.165353954056e+01
6.49000000e-01	2.315518196795e+01	1.000000000000e+00	2.215518196795e+01	2.215518196795e+01
6.50000000e-01	2.368008087407e+01	1.000000000000e+00	2.268008087407e+01	2.268008087407e+01
6.51000000e-01	2.422989163505e+01	1.000000000000e+00	2.322989163505e+01	2.322989163505e+01
6.52000000e-01	2.480643054948e+01	1.000000000000e+00	2.380643054948e+01	2.380643054948e+01
6.53000000e-01	2.541169487993e+01	1.000000000000e+00	2.441169487993e+01	2.441169487993e+01
6.54000000e-01	2.604788596626e+01	1.000000000000e+00	2.504788596626e+01	2.504788596626e+01
6.55000000e-01	2.671743597429e+01	1.000000000000e+00	2.571743597429e+01	2.571743597429e+01
6.56000000e-01	2.742303896486e+01	1.000000000000e+00	2.642303896486e+01	2.642303896486e+01
6.57000000e-01	2.816768712014e+01	1.000000000000e+00	2.716768712014e+01	2.716768712014e+01
6.58000000e-01	2.895471315392e+01	1.000000000000e+00	2.795471315392e+01	2.795471315392e+01
6.59000000e-01	2.978784017403e+01	1.000000000000e+00	2.878784017403e+01	2.878784017403e+01
6.60000000e-01	3.067124057029e+01	1.000000000000e+00	2.967124057029e+01	2.967124057029e+01
6.61000000e-01	3.160960589340e+01	1.000000000000e+00	3.060960589340e+01	3.060960589340e+01
6.62000000e-01	3.260823019488e+01	1.000000000000e+00	3.160823019488e+01	3.160823019488e+01
6.63000000e-01	3.367310995367e+01	1.000000000000e+00	3.267310995367e+01	3.267310995367e+01
6.64000000e-01	3.481106457270e+01	1.000000000000e+00	3.381106457270e+01	3.381106457270e+01
6.65000000e-01	3.602988256123e+01	1.000000000000e+00	3.502988256123e+01	3.502988256123e+01
6.66000000e-01	3.733850002600e+01	1.000000000000e+00	3.633850002600e+01	3.633850002600e+01
6.67000000e-01	3.874722012073e+01	1.000000000000e+00	3.774722012073e+01	3.774722012073e+01
6.68000000e-01	4.026798485536e+01	1.000000000000e+00	3.926798485536e+01	3.926798485536e+01
6.69000000e-01	4.191471444328e+01	1.000000000000e+00	4.091471444328e+01	4.091471444328e+01
6.70000000e-01	4.370373461108e+01	1.000000000000e+00	4.270373461108e+01	4.270373461108e+01
6.71000000e-01	4.565431967290e+01	1.000000000000e+00	4.465431967290e+01	4.465431967290e+01
6.72000000e-01	4.778938968878e+01	1.000000000000e+00	4.678938968878e+01	4.678938968878e+01
6.73000000e-01	5.013641524271e+01	1.000000000000e+00	4.913641524271e+01	4.913641524271e+01
6.74000000e-01	5.272860574359e+01	1.000000000000e+00	5.172860574359e+01	5.172860574359e+01
6.75000000e-01	5.560649061392e+01	1.000000000000e+00	5.460649061392e+01	5.460649061392e+01
6.76000000e-01	5.882005375459e+01	1.000000000000e+00	5.782005375459e+01	5.782005375459e+01
6.77000000e-01	6.243166113771e+01	1.000000000000e+00	6.143166113771e+01	6.143166113771e+01
6.78000000e-01	6.652014805694e+01	1.000000000000e+00	6.552014805694e+01	6.552014805694e+01
6.79000000e-01	7.118663983106e+01	1.000000000000e+00	7.018663983106e+01	7.018663983106e+01
6.80000000e-01	7.656302890779e+01	1.000000000000e+00	7.556302890779e+01	7.556302890779e+01
6.81000000e-01	8.282463915571e+01	1.000000000000e+00	8.182463915571e+01	8.182463915571e+01
6.82000000e-01	9.020970672883e+01	1.000000000000e+00	8.920970672883e+01	8.920970672883e+01
6.83000000e-01	9.905037987381e+01	1.000000000000e+00	9.805037987381e+01	9.805037987381e+01
6.84000000e-01	1.098240526473e+02	1.000000000000e+00	1.088240526473e+02	1.088240526473e+02
6.85000000e-01	1.232425031365e+02	1.000000000000e+00	1.222425031365e+02	1.222425031365e+02
6.86000000e-01	1.404158616700e+02	1.000000000000e+00	1.394158616700e+02	1.394158616700e+02
6.87000000e-01	1.631766185151e+02	1.000000000000e+00	1.621766185151e+02	1.621766185151e+02
6.88000000e-01	1.947813111099e+02	1.000000000000e+00	1.937813111099e+02	1.937813111099e+02
6.89000000e-01	2.416273257607e+02	1.000000000000e+00	2.406273257607e+02	2.406273257607e+02
6.90000000e-01	3.182422626158e+02	1.000000000000e+00	3.172422626158e+02	3.172422626158e+02
6.91000000e-01	4.662094163159e+02	1.000000000000e+00	4.652094163159e+02	4.652094163159e+02
6.92000000e-01	8.718428258099e+02	1.000000000000e+00	8.708428258099e+02	8.708428258099e+02
