# t	y_num	y_exact	abs_err	rel_err
1.00000000e-03	1.801441874316e+00	1.000000000000e+00	8.014418743165e-01	8.014418743165e-01
2.00000000e-03	1.802887506555e+00	1.000000000000e+00	8.028875065545e-01	8.028875065545e-01
3.00000000e-03	1.804336910699e+00	1.000000000000e+00	8.043369106990e-01	8.043369106990e-01
4.00000000e-03	1.805790100804e+00	1.000000000000e+00	8.057901008040e-01	8.057901008040e-01
5.00000000e-03	1.807247090993e+00	1.000000000000e+00	8.072470909934e-01	8.072470909934e-01
6.00000000e-03	1.808707895461e+00	1.000000000000e+00	8.087078954609e-01	8.087078954609e-01
7.00000000e-03	1.810172528471e+00	1.000000000000e+00	8.101725284713e-01	8.101725284713e-01
8.00000000e-03	1.811641004360e+00	1.000000000000e+00	8.116410043601e-01	8.116410043601e-01
9.00000000e-03	1.813113337534e+00	1.000000000000e+00	8.131133375342e-01	8.131133375342e-01
1.00000000e-02	1.814589542473e+00	1.000000000000e+00	8.145895424728e-01	8.145895424728e-01
1.10000000e-02	1.816069633727e+00	1.000000000000e+00	8.160696337272e-01	8.160696337272e-01
1.20000000e-02	1.817553625921e+00	1.000000000000e+00	8.175536259214e-01	8.175536259214e-01
1.30000000e-02	1.819041533753e+00	1.000000000000e+00	8.190415337529e-01	8.190415337529e-01
1.40000000e-02	1.820533371993e+00	1.000000000000e+00	8.205333719930e-01	8.205333719930e-01
1.50000000e-02	1.822029155487e+00	1.000000000000e+00	8.220291554869e-01	8.220291554869e-01
1.60000000e-02	1.823528899155e+00	1.000000000000e+00	8.235288991547e-01	8.235288991547e-01
1.70000000e-02	1.825032617992e+00	1.000000000000e+00	8.250326179916e-01	8.250326179916e-01
1.80000000e-02	1.826540327068e+00	1.000000000000e+00	8.265403270684e-01	8.265403270684e-01
1.90000000e-02	1.828052041532e+00	1.000000000000e+00	8.280520415320e-01	8.280520415320e-01
2.00000000e-02	1.829567776606e+00	1.000000000000e+00	8.295677766058e-01	8.295677766058e-01
2.10000000e-02	1.831087547590e+00	1.000000000000e+00	8.310875475902e-01	8.310875475902e-01
2.20000000e-02	1.832611369863e+00	1.000000000000e+00	8.326113698635e-01	8.326113698635e-01
2.30000000e-02	1.834139258881e+00	1.000000000000e+00	8.341392588815e-01	8.341392588815e-01
2.40000000e-02	1.835671230179e+00	1.000000000000e+00	8.356712301790e-01	8.356712301790e-01
2.50000000e-02	1.837207299370e+00	1.000000000000e+00	8.372072993695e-01	8.372072993695e-01
2.60000000e-02	1.838747482146e+00	1.000000000000e+00	8.387474821463e-01	8.387474821463e-01
2.70000000e-02	1.840291794283e+00	1.000000000000e+00	8.402917942826e-01	8.402917942826e-01
2.80000000e-02	1.841840251632e+00	1.000000000000e+00	8.418402516320e-01	8.418402516320e-01
2.90000000e-02	1.843392870130e+00	1.000000000000e+00	8.433928701295e-01	8.433928701295e-01
3.00000000e-02	1.844949665792e+00	1.000000000000e+00	8.449496657915e-01	8.449496657915e-01
3.10000000e-02	1.846510654716e+00	1.000000000000e+00	8.465106547165e-01	8.465106547165e-01
3.20000000e-02	1.848075853086e+00	1.000000000000e+00	8.480758530856e-01	8.480758530856e-01
3.30000000e-02	1.849645277163e+00	1.000000000000e+00	8.496452771632e-01	8.496452771632e-01
3.40000000e-02	1.851218943297e+00	1.000000000000e+00	8.512189432973e-01	8.512189432973e-01
3.50000000e-02	1.852796867920e+00	1.000000000000e+00	8.527968679201e-01	8.527968679201e-01
3.60000000e-02	1.854379067549e+00	1.000000000000e+00	8.543790675488e-01	8.543790675488e-01
3.70000000e-02	1.855965558786e+00	1.000000000000e+00	8.559655587858e-01	8.559655587858e-01
3.80000000e-02	1.857556358319e+00	1.000000000000e+00	8.575563583192e-01	8.575563583192e-01
3.90000000e-02	1.859151482924e+00	1.000000000000e+00	8.591514829238e-01	8.591514829238e-01
4.00000000e-02	1.860750949461e+00	1.000000000000e+00	8.607509494614e-01	8.607509494614e-01
4.10000000e-02	1.862354774881e+00	1.000000000000e+00	8.623547748812e-01	8.623547748812e-01
4.20000000e-02	1.863962976221e+00	1.000000000000e+00	8.639629762206e-01	8.639629762206e-01
4.30000000e-02	1.865575570606e+00	1.000000000000e+00	8.655755706057e-01	8.655755706057e-01
4.40000000e-02	1.867192575252e+00	1.000000000000e+00	8.671925752520e-01	8.671925752520e-01
4.50000000e-02	1.868814007465e+00	1.000000000000e+00	8.688140074648e-01	8.688140074648e-01
4.60000000e-02	1.870439884640e+00	1.000000000000e+00	8.704398846398e-01	8.704398846398e-01
4.70000000e-02	1.872070224264e+00	1.000000000000e+00	8.720702242638e-01	8.720702242638e-01
4.80000000e-02	1.873705043915e+00	1.000000000000e+00	8.737050439153e-01	8.737050439153e-01
4.90000000e-02	1.875344361265e+00	1.000000000000e+00	8.753443612648e-01	8.753443612648e-01
5.00000000e-02	1.876988194076e+00	1.000000000000e+00	8.769881940761e-01	8.769881940761e-01
5.10000000e-02	1.878636560206e+00	1.000000000000e+00	8.786365602061e-01	8.786365602061e-01
5.20000000e-02	1.880289477606e+00	1.000000000000e+00	8.802894776058e-01	8.802894776058e-01
5.30000000e-02	1.881946964321e+00	1.000000000000e+00	8.819469643212e-01	8.819469643212e-01
5.40000000e-02	1.883609038493e+00	1.000000000000e+00	8.836090384932e-01	8.836090384932e-01
5.50000000e-02	1.885275718359e+00	1.000000000000e+00	8.852757183590e-01	8.852757183590e-01
5.60000000e-02	1.886947022252e+00	1.000000000000e+00	8.869470222523e-01	8.869470222523e-01
5.70000000e-02	1.888622968604e+00	1.000000000000e+00	8.886229686040e-01	8.886229686040e-01
5.80000000e-02	1.890303575943e+00	1.000000000000e+00	8.903035759429e-01	8.903035759429e-01
5.90000000e-02	1.891988862896e+00	1.000000000000e+00	8.919888628962e-01	8.919888628962e-01
6.00000000e-02	1.893678848190e+00	1.000000000000e+00	8.936788481905e-01	8.936788481905e-01
6.10000000e-02	1.895373550652e+00	1.000000000000e+00	8.953735506521e-01	8.953735506521e-01
6.20000000e-02	1.897072989208e+00	1.000000000000e+00	8.970729892080e-01	8.970729892080e-01
6.30000000e-02	1.898777182886e+00	1.000000000000e+00	8.987771828861e-01	8.987771828861e-01
6.40000000e-02	1.900486150816e+00	1.000000000000e+00	9.004861508164e-01	9.004861508164e-01
6.50000000e-02	1.902199912231e+00	1.000000000000e+00	9.021999122313e-01	9.021999122313e-01
6.60000000e-02	1.903918486467e+00	1.000000000000e+00	9.039184864666e-01	9.039184864666e-01
6.70000000e-02	1.905641892962e+00	1.000000000000e+00	9.056418929619e-01	9.056418929619e-01
6.80000000e-02	1.907370151261e+00	1.000000000000e+00	9.073701512614e-01	9.073701512614e-01
6.90000000e-02	1.909103281015e+00	1.000000000000e+00	9.091032810147e-01	9.091032810147e-01
7.00000000e-02	1.910841301977e+00	1.000000000000e+00	9.108413019775e-01	9.108413019775e-01
7.10000000e-02	1.912584234012e+00	1.000000000000e+00	9.125842340121e-01	9.125842340121e-01
7.20000000e-02	1.914332097088e+00	1.000000000000e+00	9.143320970884e-01	9.143320970884e-01
7.30000000e-02	1.916084911285e+00	1.000000000000e+00	9.160849112846e-01	9.160849112846e-01
7.40000000e-02	1.917842696788e+00	1.000000000000e+00	9.178426967876e-01	9.178426967876e-01
7.50000000e-02	1.919605473894e+00	1.000000000000e+00	9.196054738942e-01	9.196054738942e-01
7.60000000e-02	1.921373263011e+00	1.000000000000e+00	9.213732630115e-01	9.213732630115e-01
7.70000000e-02	1.923146084658e+00	1.000000000000e+00	9.231460846578e-01	9.231460846578e-01
7.80000000e-02	1.924923959464e+00	1.000000000000e+00	9.249239594635e-01	9.249239594635e-01
7.90000000e-02	1.926706908172e+00	1.000000000000e+00	9.267069081715e-01	9.267069081715e-01
8.00000000e-02	1.928494951638e+00	1.000000000000e+00	9.284949516383e-01	9.284949516383e-01
8.10000000e-02	1.930288110835e+00	1.000000000000e+00	9.302881108346e-01	9.302881108346e-01
8.20000000e-02	1.932086406846e+00	1.000000000000e+00	9.320864068462e-01	9.320864068462e-01
8.30000000e-02	1.933889860875e+00	1.000000000000e+00	9.338898608745e-01	9.338898608745e-01
8.40000000e-02	1.935698494238e+00	1.000000000000e+00	9.356984942380e-01	9.356984942380e-01
8.50000000e-02	1.937512328372e+00	1.000000000000e+00	9.375123283721e-01	9.375123283721e-01
8.60000000e-02	1.939331384831e+00	1.000000000000e+00	9.393313848308e-01	9.393313848308e-01
8.70000000e-02	1.941155685287e+00	1.000000000000e+00	9.411556852871e-01	9.411556852871e-01
8.80000000e-02	1.942985251534e+00	1.000000000000e+00	9.429852515337e-01	9.429852515337e-01
8.90000000e-02	1.944820105484e+00	1.000000000000e+00	9.448201054841e-01	9.448201054841e-01
9.00000000e-02	1.946660269173e+00	1.000000000000e+00	9.466602691734e-01	9.466602691734e-01
9.10000000e-02	1.948505764759e+00	1.000000000000e+00	9.485057647592e-01	9.485057647592e-01
9.20000000e-02	1.950356614522e+00	1.000000000000e+00	9.503566145220e-01	9.503566145220e-01
9.30000000e-02	1.952212840867e+00	1.000000000000e+00	9.522128408668e-01	9.522128408668e-01
9.40000000e-02	1.954074466323e+00	1.000000000000e+00	9.540744663232e-01	9.540744663232e-01
9.50000000e-02	1.955941513547e+00	1.000000000000e+00	9.559415135470e-01	9.559415135470e-01
9.60000000e-02	1.957814005320e+00	1.000000000000e+00	9.578140053203e-01	9.578140053203e-01
9.70000000e-02	1.959691964553e+00	1.000000000000e+00	9.596919645532e-01	9.596919645532e-01
9.80000000e-02	1.961575414284e+00	1.000000000000e+00	9.615754142840e-01	9.615754142840e-01
9.90000000e-02	1.963464377681e+00	1.000000000000e+00	9.634643776807e-01	9.634643776807e-01
1.00000000e-01	1.965358878041e+00	1.000000000000e+00	9.653588780414e-01	9.653588780414e-01
1.01000000e-01	1.967258938795e+00	1.000000000000e+00	9.672589387954e-01	9.672589387954e-01
1.02000000e-01	1.969164583504e+00	1.000000000000e+00	9.691645835043e-01	9.691645835043e-01
1.03000000e-01	1.971075835863e+00	1.000000000000e+00	9.710758358627e-01	9.710758358627e-01
1.04000000e-01	1.972992719699e+00	1.000000000000e+00	9.729927196993e-01	9.729927196993e-01
1.05000000e-01	1.974915258978e+00	1.000000000000e+00	9.749152589778e-01	9.749152589778e-01
1.06000000e-01	1.976843477798e+00	1.000000000000e+00	9.768434777976e-01	9.768434777976e-01
1.07000000e-01	1.978777400395e+00	1.000000000000e+00	9.787774003953e-01	9.787774003953e-01
1.08000000e-01	1.980717051145e+00	1.000000000000e+00	9.807170511453e-01	9.807170511453e-01
1.09000000e-01	1.982662454561e+00	1.000000000000e+00	9.826624545608e-01	9.826624545608e-01
1.10000000e-01	1.984613635295e+00	1.000000000000e+00	9.846136352948e-01	9.846136352948e-01
1.11000000e-01	1.986570618141e+00	1.000000000000e+00	9.865706181412e-01	9.865706181412e-01
1.12000000e-01	1.988533428036e+00	1.000000000000e+00	9.885334280359e-01	9.885334280359e-01
1.13000000e-01	1.990502090057e+00	1.000000000000e+00	9.905020900574e-01	9.905020900574e-01
1.14000000e-01	1.992476629428e+00	1.000000000000e+00	9.924766294284e-01	9.924766294284e-01
1.15000000e-01	1.994457071516e+00	1.000000000000e+00	9.944570715163e-01	9.944570715163e-01
1.16000000e-01	1.996443441835e+00	1.000000000000e+00	9.964434418345e-01	9.964434418345e-01
1.17000000e-01	1.998435766044e+00	1.000000000000e+00	9.984357660436e-01	9.984357660436e-01
1.18000000e-01	2.000434069952e+00	1.000000000000e+00	1.000434069952e+00	1.000434069952e+00
1.19000000e-01	2.002438379518e+00	1.000000000000e+00	1.002438379518e+00	1.002438379518e+00
1.20000000e-01	2.004448720848e+00	1.000000000000e+00	1.004448720848e+00	1.004448720848e+00
1.21000000e-01	2.006465120203e+00	1.000000000000e+00	1.006465120203e+00	1.006465120203e+00
1.22000000e-01	2.008487603995e+00	1.000000000000e+00	1.008487603995e+00	1.008487603995e+00
1.23000000e-01	2.010516198787e+00	1.000000000000e+00	1.010516198787e+00	1.010516198787e+00
1.24000000e-01	2.012550931301e+00	1.000000000000e+00	1.012550931301e+00	1.012550931301e+00
1.25000000e-01	2.014591828411e+00	1.000000000000e+00	1.014591828411e+00	1.014591828411e+00
1.26000000e-01	2.016638917151e+00	1.000000000000e+00	1.016638917151e+00	1.016638917151e+00
1.27000000e-01	2.018692224711e+00	1.000000000000e+00	1.018692224711e+00	1.018692224711e+00
1.28000000e-01	2.020751778441e+00	1.000000000000e+00	1.020751778441e+00	1.020751778441e+00
1.29000000e-01	2.022817605851e+00	1.000000000000e+00	1.022817605851e+00	1.022817605851e+00
1.30000000e-01	2.024889734614e+00	1.000000000000e+00	1.024889734614e+00	1.024889734614e+00
1.31000000e-01	2.026968192562e+00	1.000000000000e+00	1.026968192562e+00	1.026968192562e+00
1.32000000e-01	2.029053007696e+00	1.000000000000e+00	1.029053007696e+00	1.029053007696e+00
1.33000000e-01	2.031144208179e+00	1.000000000000e+00	1.031144208179e+00	1.031144208179e+00
1.34000000e-01	2.033241822340e+00	1.000000000000e+00	1.033241822340e+00	1.033241822340e+00
1.35000000e-01	2.035345878677e+00	1.000000000000e+00	1.035345878677e+00	1.035345878677e+00
1.36000000e-01	2.037456405858e+00	1.000000000000e+00	1.037456405858e+00	1.037456405858e+00
1.37000000e-01	2.039573432718e+00	1.000000000000e+00	1.039573432718e+00	1.039573432718e+00
1.38000000e-01	2.041696988265e+00	1.000000000000e+00	1.041696988265e+00	1.041696988265e+00
1.39000000e-01	2.043827101681e+00	1.000000000000e+00	1.043827101681e+00	1.043827101681e+00
1.40000000e-01	2.045963802319e+00	1.000000000000e+00	1.045963802319e+00	1.045963802319e+00
1.41000000e-01	2.048107119710e+00	1.000000000000e+00	1.048107119710e+00	1.048107119710e+00
1.42000000e-01	2.050257083559e+00	1.000000000000e+00	1.050257083559e+00	1.050257083559e+00
1.43000000e-01	2.052413723751e+00	1.000000000000e+00	1.052413723751e+00	1.052413723751e+00
1.44000000e-01	2.054577070349e+00	1.000000000000e+00	1.054577070349e+00	1.054577070349e+00
1.45000000e-01	2.056747153598e+00	1.000000000000e+00	1.056747153598e+00	1.056747153598e+00
1.46000000e-01	2.058924003922e+00	1.000000000000e+00	1.058924003922e+00	1.058924003922e+00
1.47000000e-01	2.061107651932e+00	1.000000000000e+00	1.061107651932e+00	1.061107651932e+00
1.48000000e-01	2.063298128420e+00	1.000000000000e+00	1.063298128420e+00	1.063298128420e+00
1.49000000e-01	2.065495464366e+00	1.000000000000e+00	1.065495464366e+00	1.065495464366e+00
1.50000000e-01	2.067699690938e+00	1.000000000000e+00	1.067699690938e+00	1.067699690938e+00
1.51000000e-01	2.069910839492e+00	1.000000000000e+00	1.069910839492e+00	1.069910839492e+00
1.52000000e-01	2.072128941573e+00	1.000000000000e+00	1.072128941573e+00	1.072128941573e+00
1.53000000e-01	2.074354028921e+00	1.000000000000e+00	1.074354028921e+00	1.074354028921e+00
1.54000000e-01	2.076586133466e+00	1.000000000000e+00	1.076586133466e+00	1.076586133466e+00
1.55000000e-01	2.078825287335e+00	1.000000000000e+00	1.078825287335e+00	1.078825287335e+00
1.56000000e-01	2.081071522849e+00	1.000000000000e+00	1.081071522849e+00	1.081071522849e+00
1.57000000e-01	2.083324872528e+00	1.000000000000e+00	1.083324872528e+00	1.083324872528e+00
1.58000000e-01	2.085585369092e+00	1.000000000000e+00	1.085585369092e+00	1.085585369092e+00
1.59000000e-01	2.087853045461e+00	1.000000000000e+00	1.087853045461e+00	1.087853045461e+00
1.60000000e-01	2.090127934755e+00	1.000000000000e+00	1.090127934755e+00	1.090127934755e+00
1.61000000e-01	2.092410070301e+00	1.000000000000e+00	1.092410070301e+00	1.092410070301e+00
1.62000000e-01	2.094699485630e+00	1.000000000000e+00	1.094699485630e+00	1.094699485630e+00
1.63000000e-01	2.096996214481e+00	1.000000000000e+00	1.096996214481e+00	1.096996214481e+00
1.64000000e-01	2.099300290799e+00	1.000000000000e+00	1.099300290799e+00	1.099300290799e+00
1.65000000e-01	2.101611748742e+00	1.000000000000e+00	1.101611748742e+00	1.101611748742e+00
1.66000000e-01	2.103930622678e+00	1.000000000000e+00	1.103930622678e+00	1.103930622678e+00
1.67000000e-01	2.106256947190e+00	1.000000000000e+00	1.106256947190e+00	1.106256947190e+00
1.68000000e-01	2.108590757074e+00	1.000000000000e+00	1.108590757074e+00	1.108590757074e+00
1.69000000e-01	2.110932087345e+00	1.000000000000e+00	1.110932087345e+00	1.110932087345e+00
1.70000000e-01	2.113280973235e+00	1.000000000000e+00	1.113280973235e+00	1.113280973235e+00
1.71000000e-01	2.115637450196e+00	1.000000000000e+00	1.115637450196e+00	1.115637450196e+00
1.72000000e-01	2.118001553904e+00	1.000000000000e+00	1.118001553904e+00	1.118001553904e+00
1.73000000e-01	2.120373320257e+00	1.000000000000e+00	1.120373320257e+00	1.120373320257e+00
1.74000000e-01	2.122752785377e+00	1.000000000000e+00	1.122752785377e+00	1.122752785377e+00
1.75000000e-01	2.125139985617e+00	1.000000000000e+00	1.125139985617e+00	1.125139985617e+00
1.76000000e-01	2.127534957555e+00	1.000000000000e+00	1.127534957555e+00	1.127534957555e+00
1.77000000e-01	2.129937738002e+00	1.000000000000e+00	1.129937738002e+00	1.129937738002e+00
1.78000000e-01	2.132348364001e+00	1.000000000000e+00	1.132348364001e+00	1.132348364001e+00
1.79000000e-01	2.134766872830e+00	1.000000000000e+00	1.134766872830e+00	1.134766872830e+00
1.80000000e-01	2.137193302002e+00	1.000000000000e+00	1.137193302002e+00	1.137193302002e+00
1.81000000e-01	2.139627689270e+00	1.000000000000e+00	1.139627689270e+00	1.139627689270e+00
1.82000000e-01	2.142070072625e+00	1.000000000000e+00	1.142070072625e+00	1.142070072625e+00
1.83000000e-01	2.144520490302e+00	1.000000000000e+00	1.144520490302e+00	1.144520490302e+00
1.84000000e-01	2.146978980778e+00	1.000000000000e+00	1.146978980778e+00	1.146978980778e+00
1.85000000e-01	2.149445582777e+00	1.000000000000e+00	1.149445582777e+00	1.149445582777e+00
1.86000000e-01	2.151920335271e+00	1.000000000000e+00	1.151920335271e+00	1.151920335271e+00
1.87000000e-01	2.154403277481e+00	1.000000000000e+00	1.154403277481e+00	1.154403277481e+00
1.88000000e-01	2.156894448880e+00	1.000000000000e+00	1.156894448880e+00	1.156894448880e+00
1.89000000e-01	2.159393889195e+00	1.000000000000e+00	1.159393889195e+00	1.159393889195e+00
1.90000000e-01	2.161901638409e+00	1.000000000000e+00	1.161901638409e+00	1.161901638409e+00
1.91000000e-01	2.164417736763e+00	1.000000000000e+00	1.164417736763e+00	1.164417736763e+00
1.92000000e-01	2.166942224758e+00	1.000000000000e+00	1.166942224758e+00	1.166942224758e+00
1.93000000e-01	2.169475143156e+00	1.000000000000e+00	1.169475143156e+00	1.169475143156e+00
1.94000000e-01	2.172016532985e+00	1.000000000000e+00	1.172016532985e+00	1.172016532985e+00
1.95000000e-01	2.174566435539e+00	1.000000000000e+00	1.174566435539e+00	1.174566435539e+00
1.96000000e-01	2.177124892378e+00	1.000000000000e+00	1.177124892378e+00	1.177124892378e+00
1.97000000e-01	2.179691945338e+00	1.000000000000e+00	1.179691945338e+00	1.179691945338e+00
1.98000000e-01	2.182267636522e+00	1.000000000000e+00	1.182267636522e+00	1.182267636522e+00
1.99000000e-01	2.184852008312e+00	1.000000000000e+00	1.184852008312e+00	1.184852008312e+00
2.00000000e-01	2.187445103368e+00	1.000000000000e+00	1.187445103368e+00	1.187445103368e+00
2.01000000e-01	2.190046964626e+00	1.000000000000e+00	1.190046964626e+00	1.190046964626e+00
2.02000000e-01	2.192657635307e+00	1.000000000000e+00	1.192657635307e+00	1.192657635307e+00
2.03000000e-01	2.195277158916e+00	1.000000000000e+00	1.195277158916e+00	1.195277158916e+00
2.04000000e-01	2.197905579243e+00	1.000000000000e+00	1.197905579243e+00	1.197905579243e+00
2.05000000e-01	2.200542940369e+00	1.000000000000e+00	1.200542940369e+00	1.200542940369e+00
2.06000000e-01	2.203189286666e+00	1.000000000000e+00	1.203189286666e+00	1.203189286666e+00
2.07000000e-01	2.205844662800e+00	1.000000000000e+00	1.205844662800e+00	1.205844662800e+00
2.08000000e-01	2.208509113731e+00	1.000000000000e+00	1.208509113731e+00	1.208509113731e+00
2.09000000e-01	2.211182684720e+00	1.000000000000e+00	1.211182684720e+00	1.211182684720e+00
2.10000000e-01	2.213865421329e+00	1.000000000000e+00	1.213865421329e+00	1.213865421329e+00
2.11000000e-01	2.216557369424e+00	1.000000000000e+00	1.216557369424e+00	1.216557369424e+00
2.12000000e-01	2.219258575176e+00	1.000000000000e+00	1.219258575176e+00	1.219258575176e+00
2.13000000e-01	2.221969085066e+00	1.000000000000e+00	1.221969085066e+00	1.221969085066e+00
2.14000000e-01	2.224688945885e+00	1.000000000000e+00	1.224688945885e+00	1.224688945885e+00
2.15000000e-01	2.227418204741e+00	1.000000000000e+00	1.227418204741e+00	1.227418204741e+00
2.16000000e-01	2.230156909054e+00	1.000000000000e+00	1.230156909054e+00	1.230156909054e+00
2.17000000e-01	2.232905106568e+00	1.000000000000e+00	1.232905106568e+00	1.232905106568e+00
2.18000000e-01	2.235662845346e+00	1.000000000000e+00	1.235662845346e+00	1.235662845346e+00
2.19000000e-01	2.238430173777e+00	1.000000000000e+00	1.238430173777e+00	1.238430173777e+00
2.20000000e-01	2.241207140578e+00	1.000000000000e+00	1.241207140578e+00	1.241207140578e+00
2.21000000e-01	2.243993794794e+00	1.000000000000e+00	1.243993794794e+00	1.243993794794e+00
2.22000000e-01	2.246790185806e+00	1.000000000000e+00	1.246790185806e+00	1.246790185806e+00
2.23000000e-01	2.249596363329e+00	1.000000000000e+00	1.249596363329e+00	1.249596363329e+00
2.24000000e-01	2.252412377417e+00	1.000000000000e+00	1.252412377417e+00	1.252412377417e+00
2.25000000e-01	2.255238278466e+00	1.000000000000e+00	1.255238278466e+00	1.255238278466e+00
2.26000000e-01	2.258074117216e+00	1.000000000000e+00	1.258074117216e+00	1.258074117216e+00
2.27000000e-01	2.260919944757e+00	1.000000000000e+00	1.260919944757e+00	1.260919944757e+00
2.28000000e-01	2.263775812525e+00	1.000000000000e+00	1.263775812525e+00	1.263775812525e+00
2.29000000e-01	2.266641772314e+00	1.000000000000e+00	1.266641772314e+00	1.266641772314e+00
2.30000000e-01	2.269517876271e+00	1.000000000000e+00	1.269517876271e+00	1.269517876271e+00
2.31000000e-01	2.272404176906e+00	1.000000000000e+00	1.272404176906e+00	1.272404176906e+00
2.32000000e-01	2.275300727088e+00	1.000000000000e+00	1.275300727088e+00	1.275300727088e+00
2.33000000e-01	2.278207580056e+00	1.000000000000e+00	1.278207580056e+00	1.278207580056e+00
2.34000000e-01	2.281124789414e+00	1.000000000000e+00	1.281124789414e+00	1.281124789414e+00
2.35000000e-01	2.284052409142e+00	1.000000000000e+00	1.284052409142e+00	1.284052409142e+00
2.36000000e-01	2.286990493592e+00	1.000000000000e+00	1.286990493592e+00	1.286990493592e+00
2.37000000e-01	2.289939097498e+00	1.000000000000e+00	1.289939097498e+00	1.289939097498e+00
2.38000000e-01	2.292898275973e+00	1.000000000000e+00	1.292898275973e+00	1.292898275973e+00
2.39000000e-01	2.295868084518e+00	1.000000000000e+00	1.295868084518e+00	1.295868084518e+00
2.40000000e-01	2.298848579022e+00	1.000000000000e+00	1.298848579022e+00	1.298848579022e+00
2.41000000e-01	2.301839815765e+00	1.000000000000e+00	1.301839815765e+00	1.301839815765e+00
2.42000000e-01	2.304841851424e+00	1.000000000000e+00	1.304841851424e+00	1.304841851424e+00
2.43000000e-01	2.307854743074e+00	1.000000000000e+00	1.307854743074e+00	1.307854743074e+00
2.44000000e-01	2.310878548195e+00	1.000000000000e+00	1.310878548195e+00	1.310878548195e+00
2.45000000e-01	2.313913324670e+00	1.000000000000e+00	1.313913324670e+00	1.313913324670e+00
2.46000000e-01	2.316959130794e+00	1.000000000000e+00	1.316959130794e+00	1.316959130794e+00
2.47000000e-01	2.320016025274e+00	1.000000000000e+00	1.320016025274e+00	1.320016025274e+00
2.48000000e-01	2.323084067236e+00	1.000000000000e+00	1.323084067236e+00	1.323084067236e+00
2.49000000e-01	2.326163316226e+00	1.000000000000e+00	1.326163316226e+00	1.326163316226e+00
2.50000000e-01	2.329253832213e+00	1.000000000000e+00	1.329253832213e+00	1.329253832213e+00
2.51000000e-01	2.332355675596e+00	1.000000000000e+00	1.332355675596e+00	1.332355675596e+00
2.52000000e-01	2.335468907206e+00	1.000000000000e+00	1.335468907206e+00	1.335468907206e+00
2.53000000e-01	2.338593588310e+00	1.000000000000e+00	1.338593588310e+00	1.338593588310e+00
2.54000000e-01	2.341729780614e+00	1.000000000000e+00	1.341729780614e+00	1.341729780614e+00
2.55000000e-01	2.344877546271e+00	1.000000000000e+00	1.344877546271e+00	1.344877546271e+00
2.56000000e-01	2.348036947877e+00	1.000000000000e+00	1.348036947877e+00	1.348036947877e+00
2.57000000e-01	2.351208048485e+00	1.000000000000e+00	1.351208048485e+00	1.351208048485e+00
2.58000000e-01	2.354390911600e+00	1.000000000000e+00	1.354390911600e+00	1.354390911600e+00
2.59000000e-01	2.357585601190e+00	1.000000000000e+00	1.357585601190e+00	1.357585601190e+00
2.60000000e-01	2.360792181686e+00	1.000000000000e+00	1.360792181686e+00	1.360792181686e+00
2.61000000e-01	2.364010717989e+00	1.000000000000e+00	1.364010717989e+00	1.364010717989e+00
2.62000000e-01	2.367241275470e+00	1.000000000000e+00	1.367241275470e+00	1.367241275470e+00
2.63000000e-01	2.370483919980e+00	1.000000000000e+00	1.370483919980e+00	1.370483919980e+00
2.64000000e-01	2.373738717851e+00	1.000000000000e+00	1.373738717851e+00	1.373738717851e+00
2.65000000e-01	2.377005735900e+00	1.000000000000e+00	1.377005735900e+00	1.377005735900e+00
2.66000000e-01	2.380285041435e+00	1.000000000000e+00	1.380285041435e+00	1.380285041435e+00
2.67000000e-01	2.383576702258e+00	1.000000000000e+00	1.383576702258e+00	1.383576702258e+00
2.68000000e-01	2.386880786672e+00	1.000000000000e+00	1.386880786672e+00	1.386880786672e+00
2.69000000e-01	2.390197363484e+00	1.000000000000e+00	1.390197363484e+00	1.390197363484e+00
2.70000000e-01	2.393526502008e+00	1.000000000000e+00	1.393526502008e+00	1.393526502008e+00
2.71000000e-01	2.396868272074e+00	1.000000000000e+00	1.396868272074e+00	1.396868272074e+00
2.72000000e-01	2.400222744027e+00	1.000000000000e+00	1.400222744027e+00	1.400222744027e+00
2.73000000e-01	2.403589988739e+00	1.000000000000e+00	1.403589988739e+00	1.403589988739e+00
2.74000000e-01	2.406970077606e+00	1.000000000000e+00	1.406970077606e+00	1.406970077606e+00
2.75000000e-01	2.410363082559e+00	1.000000000000e+00	1.410363082559e+00	1.410363082559e+00
2.76000000e-01	2.413769076066e+00	1.000000000000e+00	1.413769076066e+00	1.413769076066e+00
2.77000000e-01	2.417188131140e+00	1.000000000000e+00	1.417188131140e+00	1.417188131140e+00
2.78000000e-01	2.420620321338e+00	1.000000000000e+00	1.420620321338e+00	1.420620321338e+00
2.79000000e-01	2.424065720774e+00	1.000000000000e+00	1.424065720774e+00	1.424065720774e+00
2.80000000e-01	2.427524404118e+00	1.000000000000e+00	1.427524404118e+00	1.427524404118e+00
2.81000000e-01	2.430996446603e+00	1.000000000000e+00	1.430996446603e+00	1.430996446603e+00
2.82000000e-01	2.434481924034e+00	1.000000000000e+00	1.434481924034e+00	1.434481924034e+00
2.83000000e-01	2.437980912788e+00	1.000000000000e+00	1.437980912788e+00	1.437980912788e+00
2.84000000e-01	2.441493489820e+00	1.000000000000e+00	1.441493489820e+00	1.441493489820e+00
2.85000000e-01	2.445019732675e+00	1.000000000000e+00	1.445019732675e+00	1.445019732675e+00
2.86000000e-01	2.448559719485e+00	1.000000000000e+00	1.448559719485e+00	1.448559719485e+00
2.87000000e-01	2.452113528979e+00	1.000000000000e+00	1.452113528979e+00	1.452113528979e+00
2.88000000e-01	2.455681240490e+00	1.000000000000e+00	1.455681240490e+00	1.455681240490e+00
2.89000000e-01	2.459262933956e+00	1.000000000000e+00	1.459262933956e+00	1.459262933956e+00
2.90000000e-01	2.462858689933e+00	1.000000000000e+00	1.462858689933e+00	1.462858689933e+00
2.91000000e-01	2.466468589591e+00	1.000000000000e+00	1.466468589591e+00	1.466468589591e+00
2.92000000e-01	2.470092714731e+00	1.000000000000e+00	1.470092714731e+00	1.470092714731e+00
2.93000000e-01	2.473731147783e+00	1.000000000000e+00	1.473731147783e+00	1.473731147783e+00
2.94000000e-01	2.477383971815e+00	1.000000000000e+00	1.477383971815e+00	1.477383971815e+00
2.95000000e-01	2.481051270539e+00	1.000000000000e+00	1.481051270539e+00	1.481051270539e+00
2.96000000e-01	2.484733128318e+00	1.000000000000e+00	1.484733128318e+00	1.484733128318e+00
2.97000000e-01	2.488429630170e+00	1.000000000000e+00	1.488429630170e+00	1.488429630170e+00
2.98000000e-01	2.492140861778e+00	1.000000000000e+00	1.492140861778e+00	1.492140861778e+00
2.99000000e-01	2.495866909493e+00	1.000000000000e+00	1.495866909493e+00	1.495866909493e+00
3.00000000e-01	2.499607860341e+00	1.000000000000e+00	1.499607860341e+00	1.499607860341e+00
3.01000000e-01	2.503363802034e+00	1.000000000000e+00	1.503363802034e+00	1.503363802034e+00
3.02000000e-01	2.507134822970e+00	1.000000000000e+00	1.507134822970e+00	1.507134822970e+00
3.03000000e-01	2.510921012244e+00	1.000000000000e+00	1.510921012244e+00	1.510921012244e+00
3.04000000e-01	2.514722459655e+00	1.000000000000e+00	1.514722459655e+00	1.514722459655e+00
3.05000000e-01	2.518539255712e+00	1.000000000000e+00	1.518539255712e+00	1.518539255712e+00
3.06000000e-01	2.522371491638e+00	1.000000000000e+00	1.522371491638e+00	1.522371491638e+00
3.07000000e-01	2.526219259383e+00	1.000000000000e+00	1.526219259383e+00	1.526219259383e+00
3.08000000e-01	2.530082651628e+00	1.000000000000e+00	1.530082651628e+00	1.530082651628e+00
3.09000000e-01	2.533961761791e+00	1.000000000000e+00	1.533961761791e+00	1.533961761791e+00
3.10000000e-01	2.537856684038e+00	1.000000000000e+00	1.537856684038e+00	1.537856684038e+00
3.11000000e-01	2.541767513286e+00	1.000000000000e+00	1.541767513286e+00	1.541767513286e+00
3.12000000e-01	2.545694345215e+00	1.000000000000e+00	1.545694345215e+00	1.545694345215e+00
3.13000000e-01	2.549637276273e+00	1.000000000000e+00	1.549637276273e+00	1.549637276273e+00
3.14000000e-01	2.553596403682e+00	1.000000000000e+00	1.553596403682e+00	1.553596403682e+00
3.15000000e-01	2.557571825452e+00	1.000000000000e+00	1.557571825452e+00	1.557571825452e+00
3.16000000e-01	2.561563640382e+00	1.000000000000e+00	1.561563640382e+00	1.561563640382e+00
3.17000000e-01	2.565571948073e+00	1.000000000000e+00	1.565571948073e+00	1.565571948073e+00
3.18000000e-01	2.569596848932e+00	1.000000000000e+00	1.569596848932e+00	1.569596848932e+00
3.19000000e-01	2.573638444185e+00	1.000000000000e+00	1.573638444185e+00	1.573638444185e+00
3.20000000e-01	2.577696835881e+00	1.000000000000e+00	1.577696835881e+00	1.577696835881e+00
3.21000000e-01	2.581772126903e+00	1.000000000000e+00	1.581772126903e+00	1.581772126903e+00
3.22000000e-01	2.585864420974e+00	1.000000000000e+00	1.585864420974e+00	1.585864420974e+00
3.23000000e-01	2.589973822669e+00	1.000000000000e+00	1.589973822669e+00	1.589973822669e+00
3.24000000e-01	2.594100437421e+00	1.000000000000e+00	1.594100437421e+00	1.594100437421e+00
3.25000000e-01	2.598244371532e+00	1.000000000000e+00	1.598244371532e+00	1.598244371532e+00
3.26000000e-01	2.602405732180e+00	1.000000000000e+00	1.602405732180e+00	1.602405732180e+00
3.27000000e-01	2.606584627428e+00	1.000000000000e+00	1.606584627428e+00	1.606584627428e+00
3.28000000e-01	2.610781166234e+00	1.000000000000e+00	1.610781166234e+00	1.610781166234e+00
3.29000000e-01	2.614995458464e+00	1.000000000000e+00	1.614995458464e+00	1.614995458464e+00
3.30000000e-01	2.619227614892e+00	1.000000000000e+00	1.619227614892e+00	1.619227614892e+00
3.31000000e-01	2.623477747219e+00	1.000000000000e+00	1.623477747219e+00	1.623477747219e+00
3.32000000e-01	2.627745968079e+00	1.000000000000e+00	1.627745968079e+00	1.627745968079e+00
3.33000000e-01	2.632032391045e+00	1.000000000000e+00	1.632032391045e+00	1.632032391045e+00
3.34000000e-01	2.636337130647e+00	1.000000000000e+00	1.636337130647e+00	1.636337130647e+00
3.35000000e-01	2.640660302375e+00	1.000000000000e+00	1.640660302375e+00	1.640660302375e+00
3.36000000e-01	2.645002022692e+00	1.000000000000e+00	1.645002022692e+00	1.645002022692e+00
3.37000000e-01	2.649362409043e+00	1.000000000000e+00	1.649362409043e+00	1.649362409043e+00
3.38000000e-01	2.653741579869e+00	1.000000000000e+00	1.653741579869e+00	1.653741579869e+00
3.39000000e-01	2.658139654612e+00	1.000000000000e+00	1.658139654612e+00	1.658139654612e+00
3.40000000e-01	2.662556753729e+00	1.000000000000e+00	1.662556753729e+00	1.662556753729e+00
3.41000000e-01	2.666992998704e+00	1.000000000000e+00	1.666992998704e+00	1.666992998704e+00
3.42000000e-01	2.671448512055e+00	1.000000000000e+00	1.671448512055e+00	1.671448512055e+00
3.43000000e-01	2.675923417349e+00	1.000000000000e+00	1.675923417349e+00	1.675923417349e+00
3.44000000e-01	2.680417839211e+00	1.000000000000e+00	1.680417839211e+00	1.680417839211e+00
3.45000000e-01	2.684931903334e+00	1.000000000000e+00	1.684931903334e+00	1.684931903334e+00
3.46000000e-01	2.689465736495e+00	1.000000000000e+00	1.689465736495e+00	1.689465736495e+00
3.47000000e-01	2.694019466563e+00	1.000000000000e+00	1.694019466563e+00	1.694019466563e+00
3.48000000e-01	2.698593222511e+00	1.000000000000e+00	1.698593222511e+00	1.698593222511e+00
3.49000000e-01	2.703187134430e+00	1.000000000000e+00	1.703187134430e+00	1.703187134430e+00
3.50000000e-01	2.707801333539e+00	1.000000000000e+00	1.707801333539e+00	1.707801333539e+00
3.51000000e-01	2.712435952198e+00	1.000000000000e+00	1.712435952198e+00	1.712435952198e+00
3.52000000e-01	2.717091123922e+00	1.000000000000e+00	1.717091123922e+00	1.717091123922e+00
3.53000000e-01	2.721766983391e+00	1.000000000000e+00	1.721766983391e+00	1.721766983391e+00
3.54000000e-01	2.726463666463e+00	1.000000000000e+00	1.726463666463e+00	1.726463666463e+00
3.55000000e-01	2.731181310191e+00	1.000000000000e+00	1.731181310191e+00	1.731181310191e+00
3.56000000e-01	2.735920052829e+00	1.000000000000e+00	1.735920052829e+00	1.735920052829e+00
3.57000000e-01	2.740680033852e+00	1.000000000000e+00	1.740680033852e+00	1.740680033852e+00
3.58000000e-01	2.745461393966e+00	1.000000000000e+00	1.745461393966e+00	1.745461393966e+00
3.59000000e-01	2.750264275121e+00	1.000000000000e+00	1.750264275121e+00	1.750264275121e+00
3.60000000e-01	2.755088820529e+00	1.000000000000e+00	1.755088820529e+00	1.755088820529e+00
3.61000000e-01	2.759935174673e+00	1.000000000000e+00	1.759935174673e+00	1.759935174673e+00
3.62000000e-01	2.764803483323e+00	1.000000000000e+00	1.764803483323e+00	1.764803483323e+00
3.63000000e-01	2.769693893552e+00	1.000000000000e+00	1.769693893552e+00	1.769693893552e+00
3.64000000e-01	2.774606553748e+00	1.000000000000e+00	1.774606553748e+00	1.774606553748e+00
3.65000000e-01	2.779541613630e+00	1.000000000000e+00	1.779541613630e+00	1.779541613630e+00
3.66000000e-01	2.784499224265e+00	1.000000000000e+00	1.784499224265e+00	1.784499224265e+00
3.67000000e-01	2.789479538079e+00	1.000000000000e+00	1.789479538079e+00	1.789479538079e+00
3.68000000e-01	2.794482708874e+00	1.000000000000e+00	1.794482708874e+00	1.794482708874e+00
3.69000000e-01	2.799508891847e+00	1.000000000000e+00	1.799508891847e+00	1.799508891847e+00
3.70000000e-01	2.804558243599e+00	1.000000000000e+00	1.804558243599e+00	1.804558243599e+00
3.71000000e-01	2.809630922157e+00	1.000000000000e+00	1.809630922157e+00	1.809630922157e+00
3.72000000e-01	2.814727086989e+00	1.000000000000e+00	1.814727086989e+00	1.814727086989e+00
3.73000000e-01	2.819846899017e+00	1.000000000000e+00	1.819846899017e+00	1.819846899017e+00
3.74000000e-01	2.824990520638e+00	1.000000000000e+00	1.824990520638e+00	1.824990520638e+00
3.75000000e-01	2.830158115738e+00	1.000000000000e+00	1.830158115738e+00	1.830158115738e+00
3.76000000e-01	2.835349849711e+00	1.000000000000e+00	1.835349849711e+00	1.835349849711e+00
3.77000000e-01	2.840565889475e+00	1.000000000000e+00	1.840565889475e+00	1.840565889475e+00
3.78000000e-01	2.845806403489e+00	1.000000000000e+00	1.845806403489e+00	1.845806403489e+00
3.79000000e-01	2.851071561775e+00	1.000000000000e+00	1.851071561775e+00	1.851071561775e+00
3.80000000e-01	2.856361535931e+00	1.000000000000e+00	1.856361535931e+00	1.856361535931e+00
3.81000000e-01	2.861676499151e+00	1.000000000000e+00	1.861676499151e+00	1.861676499151e+00
3.82000000e-01	2.867016626245e+00	1.000000000000e+00	1.867016626245e+00	1.867016626245e+00
3.83000000e-01	2.872382093657e+00	1.000000000000e+00	1.872382093657e+00	1.872382093657e+00
3.84000000e-01	2.877773079485e+00	1.000000000000e+00	1.877773079485e+00	1.877773079485e+00
3.85000000e-01	2.883189763496e+00	1.000000000000e+00	1.883189763496e+00	1.883189763496e+00
3.86000000e-01	2.888632327154e+00	1.000000000000e+00	1.888632327154e+00	1.888632327154e+00
3.87000000e-01	2.894100953630e+00	1.000000000000e+00	1.894100953630e+00	1.894100953630e+00
3.88000000e-01	2.899595827832e+00	1.000000000000e+00	1.899595827832e+00	1.899595827832e+00
3.89000000e-01	2.905117136418e+00	1.000000000000e+00	1.905117136418e+00	1.905117136418e+00
3.90000000e-01	2.910665067820e+00	1.000000000000e+00	1.910665067820e+00	1.910665067820e+00
3.91000000e-01	2.916239812267e+00	1.000000000000e+00	1.916239812267e+00	1.916239812267e+00
3.92000000e-01	2.921841561800e+00	1.000000000000e+00	1.921841561800e+00	1.921841561800e+00
3.93000000e-01	2.927470510303e+00	1.000000000000e+00	1.927470510303e+00	1.927470510303e+00
3.94000000e-01	2.933126853517e+00	1.000000000000e+00	1.933126853517e+00	1.933126853517e+00
3.95000000e-01	2.938810789064e+00	1.000000000000e+00	1.938810789064e+00	1.938810789064e+00
3.96000000e-01	2.944522516476e+00	1.000000000000e+00	1.944522516476e+00	1.944522516476e+00
3.97000000e-01	2.950262237208e+00	1.000000000000e+00	1.950262237208e+00	1.950262237208e+00
3.98000000e-01	2.956030154668e+00	1.000000000000e+00	1.956030154668e+00	1.956030154668e+00
3.99000000e-01	2.961826474242e+00	1.000000000000e+00	1.961826474242e+00	1.961826474242e+00
4.00000000e-01	2.967651403310e+00	1.000000000000e+00	1.967651403310e+00	1.967651403310e+00
4.01000000e-01	2.973505151280e+00	1.000000000000e+00	1.973505151280e+00	1.973505151280e+00
4.02000000e-01	2.979387929606e+00	1.000000000000e+00	1.979387929606e+00	1.979387929606e+00
4.03000000e-01	2.985299951815e+00	1.000000000000e+00	1.985299951815e+00	1.985299951815e+00
4.04000000e-01	2.991241433535e+00	1.000000000000e+00	1.991241433535e+00	1.991241433535e+00
4.05000000e-01	2.997212592516e+00	1.000000000000e+00	1.997212592516e+00	1.997212592516e+00
4.06000000e-01	3.003213648661e+00	1.000000000000e+00	2.003213648661e+00	2.003213648661e+00
4.07000000e-01	3.009244824050e+00	1.000000000000e+00	2.009244824050e+00	2.009244824050e+00
4.08000000e-01	3.015306342967e+00	1.000000000000e+00	2.015306342967e+00	2.015306342967e+00
4.09000000e-01	3.021398431928e+00	1.000000000000e+00	2.021398431928e+00	2.021398431928e+00
4.10000000e-01	3.027521319710e+00	1.000000000000e+00	2.027521319710e+00	2.027521319710e+00
4.11000000e-01	3.033675237377e+00	1.000000000000e+00	2.033675237377e+00	2.033675237377e+00
4.12000000e-01	3.039860418309e+00	1.000000000000e+00	2.039860418309e+00	2.039860418309e+00
4.13000000e-01	3.046077098235e+00	1.000000000000e+00	2.046077098235e+00	2.046077098235e+00
4.14000000e-01	3.052325515256e+00	1.000000000000e+00	2.052325515256e+00	2.052325515256e+00
4.15000000e-01	3.058605909880e+00	1.000000000000e+00	2.058605909880e+00	2.058605909880e+00
4.16000000e-01	3.064918525050e+00	1.000000000000e+00	2.064918525050e+00	2.064918525050e+00
4.17000000e-01	3.071263606178e+00	1.000000000000e+00	2.071263606178e+00	2.071263606178e+00
4.18000000e-01	3.077641401171e+00	1.000000000000e+00	2.077641401171e+00	2.077641401171e+00
4.19000000e-01	3.084052160469e+00	1.000000000000e+00	2.084052160469e+00	2.084052160469e+00
4.20000000e-01	3.090496137071e+00	1.000000000000e+00	2.090496137071e+00	2.090496137071e+00
4.21000000e-01	3.096973586576e+00	1.000000000000e+00	2.096973586576e+00	2.096973586576e+00
4.22000000e-01	3.103484767206e+00	1.000000000000e+00	2.103484767206e+00	2.103484767206e+00
4.23000000e-01	3.110029939851e+00	1.000000000000e+00	2.110029939851e+00	2.110029939851e+00
4.24000000e-01	3.116609368095e+00	1.000000000000e+00	2.116609368095e+00	2.116609368095e+00
4.25000000e-01	3.123223318253e+00	1.000000000000e+00	2.123223318253e+00	2.123223318253e+00
4.26000000e-01	3.129872059409e+00	1.000000000000e+00	2.129872059409e+00	2.129872059409e+00
4.27000000e-01	3.136555863450e+00	1.000000000000e+00	2.136555863450e+00	2.136555863450e+00
4.28000000e-01	3.143275005104e+00	1.000000000000e+00	2.143275005104e+00	2.143275005104e+00
4.29000000e-01	3.150029761973e+00	1.000000000000e+00	2.150029761973e+00	2.150029761973e+00
4.30000000e-01	3.156820414578e+00	1.000000000000e+00	2.156820414578e+00	2.156820414578e+00
4.31000000e-01	3.163647246391e+00	1.000000000000e+00	2.163647246391e+00	2.163647246391e+00
4.32000000e-01	3.170510543876e+00	1.000000000000e+00	2.170510543876e+00	2.170510543876e+00
4.33000000e-01	3.177410596529e+00	1.000000000000e+00	2.177410596529e+00	2.177410596529e+00
4.34000000e-01	3.184347696919e+00	1.000000000000e+00	2.184347696919e+00	2.184347696919e+00
4.35000000e-01	3.191322140728e+00	1.000000000000e+00	2.191322140728e+00	2.191322140728e+00
4.36000000e-01	3.198334226792e+00	1.000000000000e+00	2.198334226792e+00	2.198334226792e+00
4.37000000e-01	3.205384257142e+00	1.000000000000e+00	2.205384257142e+00	2.205384257142e+00
4.38000000e-01	3.212472537051e+00	1.000000000000e+00	2.212472537051e+00	2.212472537051e+00
4.39000000e-01	3.219599375073e+00	1.000000000000e+00	2.219599375073e+00	2.219599375073e+00
4.40000000e-01	3.226765083092e+00	1.000000000000e+00	2.226765083092e+00	2.226765083092e+00
4.41000000e-01	3.233969976362e+00	1.000000000000e+00	2.233969976362e+00	2.233969976362e+00
4.42000000e-01	3.241214373554e+00	1.000000000000e+00	2.241214373554e+00	2.241214373554e+00
4.43000000e-01	3.248498596806e+00	1.000000000000e+00	2.248498596806e+00	2.248498596806e+00
4.44000000e-01	3.255822971767e+00	1.000000000000e+00	2.255822971767e+00	2.255822971767e+00
4.45000000e-01	3.263187827644e+00	1.000000000000e+00	2.263187827644e+00	2.263187827644e+00
4.46000000e-01	3.270593497254e+00	1.000000000000e+00	2.270593497254e+00	2.270593497254e+00
4.47000000e-01	3.278040317071e+00	1.000000000000e+00	2.278040317071e+00	2.278040317071e+00
4.48000000e-01	3.285528627278e+00	1.000000000000e+00	2.285528627278e+00	2.285528627278e+00
4.49000000e-01	3.293058771817e+00	1.000000000000e+00	2.293058771817e+00	2.293058771817e+00
4.50000000e-01	3.300631098442e+00	1.000000000000e+00	2.300631098442e+00	2.300631098442e+00
4.51000000e-01	3.308245958771e+00	1.000000000000e+00	2.308245958771e+00	2.308245958771e+00
4.52000000e-01	3.315903708342e+00	1.000000000000e+00	2.315903708342e+00	2.315903708342e+00
4.53000000e-01	3.323604706665e+00	1.000000000000e+00	2.323604706665e+00	2.323604706665e+00
4.54000000e-01	3.331349317278e+00	1.000000000000e+00	2.331349317278e+00	2.331349317278e+00
4.55000000e-01	3.339137907806e+00	1.000000000000e+00	2.339137907806e+00	2.339137907806e+00
4.56000000e-01	3.346970850016e+00	1.000000000000e+00	2.346970850016e+00	2.346970850016e+00
4.57000000e-01	3.354848519877e+00	1.000000000000e+00	2.354848519877e+00	2.354848519877e+00
4.58000000e-01	3.362771297618e+00	1.000000000000e+00	2.362771297618e+00	2.362771297618e+00
4.59000000e-01	3.370739567792e+00	1.000000000000e+00	2.370739567792e+00	2.370739567792e+00
4.60000000e-01	3.378753719332e+00	1.000000000000e+00	2.378753719332e+00	2.378753719332e+00
4.61000000e-01	3.386814145619e+00	1.000000000000e+00	2.386814145619e+00	2.386814145619e+00
4.62000000e-01	3.394921244543e+00	1.000000000000e+00	2.394921244543e+00	2.394921244543e+00
4.63000000e-01	3.403075418567e+00	1.000000000000e+00	2.403075418567e+00	2.403075418567e+00
4.64000000e-01	3.411277074796e+00	1.000000000000e+00	2.411277074796e+00	2.411277074796e+00
4.65000000e-01	3.419526625041e+00	1.000000000000e+00	2.419526625041e+00	2.419526625041e+00
4.66000000e-01	3.427824485890e+00	1.000000000000e+00	2.427824485890e+00	2.427824485890e+00
4.67000000e-01	3.436171078773e+00	1.000000000000e+00	2.436171078773e+00	2.436171078773e+00
4.68000000e-01	3.444566830040e+00	1.000000000000e+00	2.444566830040e+00	2.444566830040e+00
4.69000000e-01	3.453012171023e+00	1.000000000000e+00	2.453012171023e+00	2.453012171023e+00
4.70000000e-01	3.461507538120e+00	1.000000000000e+00	2.461507538120e+00	2.461507538120e+00
4.71000000e-01	3.470053372860e+00	1.000000000000e+00	2.470053372860e+00	2.470053372860e+00
4.72000000e-01	3.478650121985e+00	1.000000000000e+00	2.478650121985e+00	2.478650121985e+00
4.73000000e-01	3.487298237524e+00	1.000000000000e+00	2.487298237524e+00	2.487298237524e+00
4.74000000e-01	3.495998176872e+00	1.000000000000e+00	2.495998176872e+00	2.495998176872e+00
4.75000000e-01	3.504750402872e+00	1.000000000000e+00	2.504750402872e+00	2.504750402872e+00
4.76000000e-01	3.513555383892e+00	1.000000000000e+00	2.513555383892e+00	2.513555383892e+00
4.77000000e-01	3.522413593912e+00	1.000000000000e+00	2.522413593912e+00	2.522413593912e+00
4.78000000e-01	3.531325512606e+00	1.000000000000e+00	2.531325512606e+00	2.531325512606e+00
4.79000000e-01	3.540291625429e+00	1.000000000000e+00	2.540291625429e+00	2.540291625429e+00
4.80000000e-01	3.549312423703e+00	1.000000000000e+00	2.549312423703e+00	2.549312423703e+00
4.81000000e-01	3.558388404705e+00	1.000000000000e+00	2.558388404705e+00	2.558388404705e+00
4.82000000e-01	3.567520071763e+00	1.000000000000e+00	2.567520071763e+00	2.567520071763e+00
4.83000000e-01	3.576707934341e+00	1.000000000000e+00	2.576707934341e+00	2.576707934341e+00
4.84000000e-01	3.585952508137e+00	1.000000000000e+00	2.585952508137e+00	2.585952508137e+00
4.85000000e-01	3.595254315179e+00	1.000000000000e+00	2.595254315179e+00	2.595254315179e+00
4.86000000e-01	3.604613883921e+00	1.000000000000e+00	2.604613883921e+00	2.604613883921e+00
4.87000000e-01	3.614031749340e+00	1.000000000000e+00	2.614031749340e+00	2.614031749340e+00
4.88000000e-01	3.623508453042e+00	1.000000000000e+00	2.623508453042e+00	2.623508453042e+00
4.89000000e-01	3.633044543362e+00	1.000000000000e+00	2.633044543362e+00	2.633044543362e+00
4.90000000e-01	3.642640575469e+00	1.000000000000e+00	2.642640575469e+00	2.642640575469e+00
4.91000000e-01	3.652297111473e+00	1.000000000000e+00	2.652297111473e+00	2.652297111473e+00
4.92000000e-01	3.662014720533e+00	1.000000000000e+00	2.662014720533e+00	2.662014720533e+00
4.93000000e-01	3.671793978970e+00	1.000000000000e+00	2.671793978970e+00	2.671793978970e+00
4.94000000e-01	3.681635470378e+00	1.000000000000e+00	2.681635470378e+00	2.681635470378e+00
4.95000000e-01	3.691539785741e+00	1.000000000000e+00	2.691539785741e+00	2.691539785741e+00
4.96000000e-01	3.701507523546e+00	1.000000000000e+00	2.701507523546e+00	2.701507523546e+00
4.97000000e-01	3.711539289908e+00	1.000000000000e+00	2.711539289908e+00	2.711539289908e+00
4.98000000e-01	3.721635698691e+00	1.000000000000e+00	2.721635698691e+00	2.721635698691e+00
4.99000000e-01	3.731797371628e+00	1.000000000000e+00	2.731797371628e+00	2.731797371628e+00
5.00000000e-01	3.742024938450e+00	1.000000000000e+00	2.742024938450e+00	2.742024938450e+00
5.01000000e-01	3.752319037018e+00	1.000000000000e+00	2.752319037018e+00	2.752319037018e+00
5.02000000e-01	3.762680313450e+00	1.000000000000e+00	2.762680313450e+00	2.762680313450e+00
5.03000000e-01	3.773109422257e+00	1.000000000000e+00	2.773109422257e+00	2.773109422257e+00
5.04000000e-01	3.783607026479e+00	1.000000000000e+00	2.783607026479e+00	2.783607026479e+00
5.05000000e-01	3.794173797828e+00	1.000000000000e+00	2.794173797828e+00	2.794173797828e+00
5.06000000e-01	3.804810416823e+00	1.000000000000e+00	2.804810416823e+00	2.804810416823e+00
5.07000000e-01	3.815517572943e+00	1.000000000000e+00	2.815517572943e+00	2.815517572943e+00
5.08000000e-01	3.826295964769e+00	1.000000000000e+00	2.826295964769e+00	2.826295964769e+00
5.09000000e-01	3.837146300137e+00	1.000000000000e+00	2.837146300137e+00	2.837146300137e+00
5.10000000e-01	3.848069296291e+00	1.000000000000e+00	2.848069296291e+00	2.848069296291e+00
5.11000000e-01	3.859065680042e+00	1.000000000000e+00	2.859065680042e+00	2.859065680042e+00
5.12000000e-01	3.870136187926e+00	1.000000000000e+00	2.870136187926e+00	2.870136187926e+00
5.13000000e-01	3.881281566365e+00	1.000000000000e+00	2.881281566365e+00	2.881281566365e+00
5.14000000e-01	3.892502571840e+00	1.000000000000e+00	2.892502571840e+00	2.892502571840e+00
5.15000000e-01	3.903799971055e+00	1.000000000000e+00	2.903799971055e+00	2.903799971055e+00
5.16000000e-01	3.915174541111e+00	1.000000000000e+00	2.915174541111e+00	2.915174541111e+00
5.17000000e-01	3.926627069687e+00	1.000000000000e+00	2.926627069687e+00	2.926627069687e+00
5.18000000e-01	3.938158355216e+00	1.000000000000e+00	2.938158355216e+00	2.938158355216e+00
5.19000000e-01	3.949769207071e+00	1.000000000000e+00	2.949769207071e+00	2.949769207071e+00
5.20000000e-01	3.961460445754e+00	1.000000000000e+00	2.961460445754e+00	2.961460445754e+00
5.21000000e-01	3.973232903086e+00	1.000000000000e+00	2.973232903086e+00	2.973232903086e+00
5.22000000e-01	3.985087422404e+00	1.000000000000e+00	2.985087422404e+00	2.985087422404e+00
5.23000000e-01	3.997024858760e+00	1.000000000000e+00	2.997024858760e+00	2.997024858760e+00
5.24000000e-01	4.009046079127e+00	1.000000000000e+00	3.009046079127e+00	3.009046079127e+00
5.25000000e-01	4.021151962607e+00	1.000000000000e+00	3.021151962607e+00	3.021151962607e+00
5.26000000e-01	4.033343400641e+00	1.000000000000e+00	3.033343400641e+00	3.033343400641e+00
5.27000000e-01	4.045621297229e+00	1.000000000000e+00	3.045621297229e+00	3.045621297229e+00
5.28000000e-01	4.057986569154e+00	1.000000000000e+00	3.057986569154e+00	3.057986569154e+00
5.29000000e-01	4.070440146202e+00	1.000000000000e+00	3.070440146202e+00	3.070440146202e+00
5.30000000e-01	4.082982971401e+00	1.000000000000e+00	3.082982971401e+00	3.082982971401e+00
5.31000000e-01	4.095616001252e+00	1.000000000000e+00	3.095616001252e+00	3.095616001252e+00
5.32000000e-01	4.108340205975e+00	1.000000000000e+00	3.108340205975e+00	3.108340205975e+00
5.33000000e-01	4.121156569749e+00	1.000000000000e+00	3.121156569749e+00	3.121156569749e+00
5.34000000e-01	4.134066090974e+00	1.000000000000e+00	3.134066090974e+00	3.134066090974e+00
5.35000000e-01	4.147069782518e+00	1.000000000000e+00	3.147069782518e+00	3.147069782518e+00
5.36000000e-01	4.160168671989e+00	1.000000000000e+00	3.160168671989e+00	3.160168671989e+00
5.37000000e-01	4.173363801998e+00	1.000000000000e+00	3.173363801998e+00	3.173363801998e+00
5.38000000e-01	4.186656230438e+00	1.000000000000e+00	3.186656230438e+00	3.186656230438e+00
5.39000000e-01	4.200047030761e+00	1.000000000000e+00	3.200047030761e+00	3.200047030761e+00
5.40000000e-01	4.213537292269e+00	1.000000000000e+00	3.213537292269e+00	3.213537292269e+00
5.41000000e-01	4.227128120404e+00	1.000000000000e+00	3.227128120404e+00	3.227128120404e+00
5.42000000e-01	4.240820637053e+00	1.000000000000e+00	3.240820637053e+00	3.240820637053e+00
5.43000000e-01	4.254615980849e+00	1.000000000000e+00	3.254615980849e+00	3.254615980849e+00
5.44000000e-01	4.268515307488e+00	1.000000000000e+00	3.268515307488e+00	3.268515307488e+00
5.45000000e-01	4.282519790051e+00	1.000000000000e+00	3.282519790051e+00	3.282519790051e+00
5.46000000e-01	4.296630619328e+00	1.000000000000e+00	3.296630619328e+00	3.296630619328e+00
5.47000000e-01	4.310849004158e+00	1.000000000000e+00	3.310849004158e+00	3.310849004158e+00
5.48000000e-01	4.325176171769e+00	1.000000000000e+00	3.325176171769e+00	3.325176171769e+00
5.49000000e-01	4.339613368130e+00	1.000000000000e+00	3.339613368130e+00	3.339613368130e+00
5.50000000e-01	4.354161858312e+00	1.000000000000e+00	3.354161858312e+00	3.354161858312e+00
5.51000000e-01	4.368822926851e+00	1.000000000000e+00	3.368822926851e+00	3.368822926851e+00
5.52000000e-01	4.383597878130e+00	1.000000000000e+00	3.383597878130e+00	3.383597878130e+00
5.53000000e-01	4.398488036756e+00	1.000000000000e+00	3.398488036756e+00	3.398488036756e+00
5.54000000e-01	4.413494747963e+00	1.000000000000e+00	3.413494747963e+00	3.413494747963e+00
5.55000000e-01	4.428619378005e+00	1.000000000000e+00	3.428619378005e+00	3.428619378005e+00
5.56000000e-01	4.443863314576e+00	1.000000000000e+00	3.443863314576e+00	3.443863314576e+00
5.57000000e-01	4.459227967230e+00	1.000000000000e+00	3.459227967230e+00	3.459227967230e+00
5.58000000e-01	4.474714767810e+00	1.000000000000e+00	3.474714767810e+00	3.474714767810e+00
5.59000000e-01	4.490325170894e+00	1.000000000000e+00	3.490325170894e+00	3.490325170894e+00
5.60000000e-01	4.506060654248e+00	1.000000000000e+00	3.506060654248e+00	3.506060654248e+00
5.61000000e-01	4.521922719286e+00	1.000000000000e+00	3.521922719286e+00	3.521922719286e+00
5.62000000e-01	4.537912891550e+00	1.000000000000e+00	3.537912891550e+00	3.537912891550e+00
5.63000000e-01	4.554032721195e+00	1.000000000000e+00	3.554032721195e+00	3.554032721195e+00
5.64000000e-01	4.570283783483e+00	1.000000000000e+00	3.570283783483e+00	3.570283783483e+00
5.65000000e-01	4.586667679301e+00	1.000000000000e+00	3.586667679301e+00	3.586667679301e+00
5.66000000e-01	4.603186035679e+00	1.000000000000e+00	3.603186035679e+00	3.603186035679e+00
5.67000000e-01	4.619840506326e+00	1.000000000000e+00	3.619840506326e+00	3.619840506326e+00
5.68000000e-01	4.636632772181e+00	1.000000000000e+00	3.636632772181e+00	3.636632772181e+00
5.69000000e-01	4.653564541976e+00	1.000000000000e+00	3.653564541976e+00	3.653564541976e+00
5.70000000e-01	4.670637552810e+00	1.000000000000e+00	3.670637552810e+00	3.670637552810e+00
5.71000000e-01	4.687853570743e+00	1.000000000000e+00	3.687853570743e+00	3.687853570743e+00
5.72000000e-01	4.705214391401e+00	1.000000000000e+00	3.705214391401e+00	3.705214391401e+00
5.73000000e-01	4.722721840597e+00	1.000000000000e+00	3.722721840597e+00	3.722721840597e+00
5.74000000e-01	4.740377774969e+00	1.000000000000e+00	3.740377774969e+00	3.740377774969e+00
5.75000000e-01	4.758184082630e+00	1.000000000000e+00	3.758184082630e+00	3.758184082630e+00
5.76000000e-01	4.776142683845e+00	1.000000000000e+00	3.776142683845e+00	3.776142683845e+00
5.77000000e-01	4.794255531710e+00	1.000000000000e+00	3.794255531710e+00	3.794255531710e+00
5.78000000e-01	4.812524612862e+00	1.000000000000e+00	3.812524612862e+00	3.812524612862e+00
5.79000000e-01	4.830951948200e+00	1.000000000000e+00	3.830951948200e+00	3.830951948200e+00
5.80000000e-01	4.849539593628e+00	1.000000000000e+00	3.849539593628e+00	3.849539593628e+00
5.81000000e-01	4.868289640815e+00	1.000000000000e+00	3.868289640815e+00	3.868289640815e+00
5.82000000e-01	4.887204217976e+00	1.000000000000e+00	3.887204217976e+00	3.887204217976e+00
5.83000000e-01	4.906285490676e+00	1.000000000000e+00	3.906285490676e+00	3.906285490676e+00
5.84000000e-01	4.925535662651e+00	1.000000000000e+00	3.925535662651e+00	3.925535662651e+00
5.85000000e-01	4.944956976652e+00	1.000000000000e+00	3.944956976652e+00	3.944956976652e+00
5.86000000e-01	4.964551715313e+00	1.000000000000e+00	3.964551715313e+00	3.964551715313e+00
5.87000000e-01	4.984322202045e+00	1.000000000000e+00	3.984322202045e+00	3.984322202045e+00
5.88000000e-01	5.004270801944e+00	1.000000000000e+00	4.004270801944e+00	4.004270801944e+00
5.89000000e-01	5.024399922734e+00	1.000000000000e+00	4.024399922734e+00	4.024399922734e+00
5.90000000e-01	5.044712015735e+00	1.000000000000e+00	4.044712015735e+00	4.044712015735e+00
5.91000000e-01	5.065209576845e+00	1.000000000000e+00	4.065209576845e+00	4.065209576845e+00
5.92000000e-01	5.085895147567e+00	1.000000000000e+00	4.085895147567e+00	4.085895147567e+00
5.93000000e-01	5.106771316051e+00	1.000000000000e+00	4.106771316051e+00	4.106771316051e+00
5.94000000e-01	5.127840718171e+00	1.000000000000e+00	4.127840718171e+00	4.127840718171e+00
5.95000000e-01	5.149106038628e+00	1.000000000000e+00	4.149106038628e+00	4.149106038628e+00
5.96000000e-01	5.170570012086e+00	1.000000000000e+00	4.170570012086e+00	4.170570012086e+00
5.97000000e-01	5.192235424343e+00	1.000000000000e+00	4.192235424343e+00	4.192235424343e+00
5.98000000e-01	5.214105113529e+00	1.000000000000e+00	4.214105113529e+00	4.214105113529e+00
5.99000000e-01	5.236181971338e+00	1.000000000000e+00	4.236181971338e+00	4.236181971338e+00
6.00000000e-01	5.258468944306e+00	1.000000000000e+00	4.258468944306e+00	4.258468944306e+00
6.01000000e-01	5.280969035109e+00	1.000000000000e+00	4.280969035109e+00	4.280969035109e+00
6.02000000e-01	5.303685303908e+00	1.000000000000e+00	4.303685303908e+00	4.303685303908e+00
6.03000000e-01	5.326620869736e+00	1.000000000000e+00	4.326620869736e+00	4.326620869736e+00
6.04000000e-01	5.349778911916e+00	1.000000000000e+00	4.349778911916e+00	4.349778911916e+00
6.05000000e-01	5.373162671526e+00	1.000000000000e+00	4.373162671526e+00	4.373162671526e+00
6.06000000e-01	5.396775452906e+00	1.000000000000e+00	4.396775452906e+00	4.396775452906e+00
6.07000000e-01	5.420620625210e+00	1.000000000000e+00	4.420620625210e+00	4.420620625210e+00
6.08000000e-01	5.444701624000e+00	1.000000000000e+00	4.444701624000e+00	4.444701624000e+00
6.09000000e-01	5.469021952893e+00	1.000000000000e+00	4.469021952893e+00	4.469021952893e+00
6.10000000e-01	5.493585185255e+00	1.000000000000e+00	4.493585185255e+00	4.493585185255e+00
6.11000000e-01	5.518394965943e+00	1.000000000000e+00	4.518394965943e+00	4.518394965943e+00
6.12000000e-01	5.543455013104e+00	1.000000000000e+00	4.543455013104e+00	4.543455013104e+00
6.13000000e-01	5.568769120023e+00	1.000000000000e+00	4.568769120023e+00	4.568769120023e+00
6.14000000e-01	5.594341157035e+00	1.000000000000e+00	4.594341157035e+00	4.594341157035e+00
6.15000000e-01	5.620175073491e+00	1.000000000000e+00	4.620175073491e+00	4.620175073491e+00
6.16000000e-01	5.646274899779e+00	1.000000000000e+00	4.646274899779e+00	4.646274899779e+00
6.17000000e-01	5.672644749421e+00	1.000000000000e+00	4.672644749421e+00	4.672644749421e+00
6.18000000e-01	5.699288821222e+00	1.000000000000e+00	4.699288821222e+00	4.699288821222e+00
6.19000000e-01	5.726211401496e+00	1.000000000000e+00	4.726211401496e+00	4.726211401496e+00
6.20000000e-01	5.753416866352e+00	1.000000000000e+00	4.753416866352e+00	4.753416866352e+00
6.21000000e-01	5.780909684065e+00	1.000000000000e+00	4.780909684065e+00	4.780909684065e+00
6.22000000e-01	5.808694417509e+00	1.000000000000e+00	4.808694417509e+00	4.808694417509e+00
6.23000000e-01	5.836775726676e+00	1.000000000000e+00	4.836775726676e+00	4.836775726676e+00
6.24000000e-01	5.865158371277e+00	1.000000000000e+00	4.865158371277e+00	4.865158371277e+00
6.25000000e-01	5.893847213416e+00	1.000000000000e+00	4.893847213416e+00	4.893847213416e+00
6.26000000e-01	5.922847220368e+00	1.000000000000e+00	4.922847220368e+00	4.922847220368e+00
6.27000000e-01	5.952163467429e+00	1.000000000000e+00	4.952163467429e+00	4.952163467429e+00
6.28000000e-01	5.981801140875e+00	1.000000000000e+00	4.981801140875e+00	4.981801140875e+00
6.29000000e-01	6.011765541009e+00	1.000000000000e+00	5.011765541009e+00	5.011765541009e+00
6.30000000e-01	6.042062085312e+00	1.000000000000e+00	5.042062085312e+00	5.042062085312e+00
6.31000000e-01	6.072696311701e+00	1.000000000000e+00	5.072696311701e+00	5.072696311701e+00
6.32000000e-01	6.103673881893e+00	1.000000000000e+00	5.103673881893e+00	5.103673881893e+00
6.33000000e-01	6.135000584885e+00	1.000000000000e+00	5.135000584885e+00	5.135000584885e+00
6.34000000e-01	6.166682340548e+00	1.000000000000e+00	5.166682340548e+00	5.166682340548e+00
6.35000000e-01	6.198725203351e+00	1.000000000000e+00	5.198725203351e+00	5.198725203351e+00
6.36000000e-01	6.231135366205e+00	1.000000000000e+00	5.231135366205e+00	5.231135366205e+00
6.37000000e-01	6.263919164444e+00	1.000000000000e+00	5.263919164444e+00	5.263919164444e+00
6.38000000e-01	6.297083079943e+00	1.000000000000e+00	5.297083079943e+00	5.297083079943e+00
6.39000000e-01	6.330633745378e+00	1.000000000000e+00	5.330633745378e+00	5.330633745378e+00
6.40000000e-01	6.364577948639e+00	1.000000000000e+00	5.364577948639e+00	5.364577948639e+00
6.41000000e-01	6.398922637396e+00	1.000000000000e+00	5.398922637396e+00	5.398922637396e+00
6.42000000e-01	6.433674923831e+00	1.000000000000e+00	5.433674923831e+00	5.433674923831e+00
6.43000000e-01	6.468842089532e+00	1.000000000000e+00	5.468842089532e+00	5.468842089532e+00
6.44000000e-01	6.504431590567e+00	1.000000000000e+00	5.504431590567e+00	5.504431590567e+00
6.45000000e-01	6.540451062748e+00	1.000000000000e+00	5.540451062748e+00	5.540451062748e+00
6.46000000e-01	6.576908327072e+00	1.000000000000e+00	5.576908327072e+00	5.576908327072e+00
6.47000000e-01	6.613811395376e+00	1.000000000000e+00	5.613811395376e+00	5.613811395376e+00
6.48000000e-01	6.651168476187e+00	1.000000000000e+00	5.651168476187e+00	5.651168476187e+00
6.49000000e-01	6.688987980802e+00	1.000000000000e+00	5.688987980802e+00	5.688987980802e+00
6.50000000e-01	6.727278529584e+00	1.000000000000e+00	5.727278529584e+00	5.727278529584e+00
6.51000000e-01	6.766048958497e+00	1.000000000000e+00	5.766048958497e+00	5.766048958497e+00
6.52000000e-01	6.805308325894e+00	1.000000000000e+00	5.805308325894e+00	5.805308325894e+00
6.53000000e-01	6.845065919552e+00	1.000000000000e+00	5.845065919552e+00	5.845065919552e+00
6.54000000e-01	6.885331263984e+00	1.000000000000e+00	5.885331263984e+00	5.885331263984e+00
6.55000000e-01	6.926114128033e+00	1.000000000000e+00	5.926114128033e+00	5.926114128033e+00
6.56000000e-01	6.967424532752e+00	1.000000000000e+00	5.967424532752e+00	5.967424532752e+00
6.57000000e-01	7.009272759601e+00	1.000000000000e+00	6.009272759601e+00	6.009272759601e+00
6.58000000e-01	7.051669358955e+00	1.000000000000e+00	6.051669358955e+00	6.051669358955e+00
6.59000000e-01	7.094625158963e+00	1.000000000000e+00	6.094625158963e+00	6.094625158963e+00
6.60000000e-01	7.138151274741e+00	1.000000000000e+00	6.138151274741e+00	6.138151274741e+00
6.61000000e-01	7.182259117947e+00	1.000000000000e+00	6.182259117947e+00	6.182259117947e+00
6.62000000e-01	7.226960406736e+00	1.000000000000e+00	6.226960406736e+00	6.226960406736e+00
6.63000000e-01	7.272267176118e+00	1.000000000000e+00	6.272267176118e+00	6.272267176118e+00
6.64000000e-01	7.318191788742e+00	1.000000000000e+00	6.318191788742e+00	6.318191788742e+00
6.65000000e-01	7.364746946122e+00	1.000000000000e+00	6.364746946122e+00	6.364746946122e+00
6.66000000e-01	7.411945700327e+00	1.000000000000e+00	6.411945700327e+00	6.411945700327e+00
6.67000000e-01	7.459801466157e+00	1.000000000000e+00	6.459801466157e+00	6.459801466157e+00
6.68000000e-01	7.508328033838e+00	1.000000000000e+00	6.508328033838e+00	6.508328033838e+00
6.69000000e-01	7.557539582241e+00	1.000000000000e+00	6.557539582241e+00	6.557539582241e+00
6.70000000e-01	7.607450692674e+00	1.000000000000e+00	6.607450692674e+00	6.607450692674e+00
6.71000000e-01	7.658076363261e+00	1.000000000000e+00	6.658076363261e+00	6.658076363261e+00
6.72000000e-01	7.709432023944e+00	1.000000000000e+00	6.709432023944e+00	6.709432023944e+00
6.73000000e-01	7.761533552136e+00	1.000000000000e+00	6.761533552136e+00	6.761533552136e+00
6.74000000e-01	7.814397289058e+00	1.000000000000e+00	6.814397289058e+00	6.814397289058e+00
6.75000000e-01	7.868040056805e+00	1.000000000000e+00	6.868040056805e+00	6.868040056805e+00
6.76000000e-01	7.922479176159e+00	1.000000000000e+00	6.922479176159e+00	6.922479176159e+00
6.77000000e-01	7.977732485210e+00	1.000000000000e+00	6.977732485210e+00	6.977732485210e+00
6.78000000e-01	8.033818358815e+00	1.000000000000e+00	7.033818358815e+00	7.033818358815e+00
6.79000000e-01	8.090755728938e+00	1.000000000000e+00	7.090755728938e+00	7.090755728938e+00
6.80000000e-01	8.148564105925e+00	1.000000000000e+00	7.148564105925e+00	7.148564105925e+00
6.81000000e-01	8.207263600765e+00	1.000000000000e+00	7.207263600765e+00	7.207263600765e+00
6.82000000e-01	8.266874948378e+00	1.000000000000e+00	7.266874948378e+00	7.266874948378e+00
6.83000000e-01	8.327419532005e+00	1.000000000000e+00	7.327419532005e+00	7.327419532005e+00
6.84000000e-01	8.388919408746e+00	1.000000000000e+00	7.388919408746e+00	7.388919408746e+00
6.85000000e-01	8.451397336312e+00	1.000000000000e+00	7.451397336312e+00	7.451397336312e+00
6.86000000e-01	8.514876801068e+00	1.000000000000e+00	7.514876801068e+00	7.514876801068e+00
6.87000000e-01	8.579382047431e+00	1.000000000000e+00	7.579382047431e+00	7.579382047431e+00
6.88000000e-01	8.644938108700e+00	1.000000000000e+00	7.644938108700e+00	7.644938108700e+00
6.89000000e-01	8.711570839409e+00	1.000000000000e+00	7.711570839409e+00	7.711570839409e+00
6.90000000e-01	8.779306949279e+00	1.000000000000e+00	7.779306949279e+00	7.779306949279e+00
6.91000000e-01	8.848174038873e+00	1.000000000000e+00	7.848174038873e+00	7.848174038873e+00
6.92000000e-01	8.918200637049e+00	1.000000000000e+00	7.918200637049e+00	7.918200637049e+00
6.93000000e-01	8.989416240315e+00	1.000000000000e+00	7.989416240315e+00	7.989416240315e+00
6.94000000e-01	9.061851354212e+00	1.000000000000e+00	8.061851354212e+00	8.061851354212e+00
6.95000000e-01	9.135537536824e+00	1.000000000000e+00	8.135537536824e+00	8.135537536824e+00
6.96000000e-01	9.210507444578e+00	1.000000000000e+00	8.210507444578e+00	8.210507444578e+00
6.97000000e-01	9.286794880440e+00	1.000000000000e+00	8.286794880440e+00	8.286794880440e+00
6.98000000e-01	9.364434844680e+00	1.000000000000e+00	8.364434844680e+00	8.364434844680e+00
6.99000000e-01	9.443463588357e+00	1.000000000000e+00	8.443463588357e+00	8.443463588357e+00
7.00000000e-01	9.523918669698e+00	1.000000000000e+00	8.523918669698e+00	8.523918669698e+00
7.01000000e-01	9.605839013548e+00	1.000000000000e+00	8.605839013548e+00	8.605839013548e+00
7.02000000e-01	9.689264974101e+00	1.000000000000e+00	8.689264974101e+00	8.689264974101e+00
7.03000000e-01	9.774238401119e+00	1.000000000000e+00	8.774238401119e+00	8.774238401119e+00
7.04000000e-01	9.860802709861e+00	1.000000000000e+00	8.860802709861e+00	8.860802709861e+00
7.05000000e-01	9.949002954975e+00	1.000000000000e+00	8.949002954975e+00	8.949002954975e+00
7.06000000e-01	1.003888590862e+01	1.000000000000e+00	9.038885908621e+00	9.038885908621e+00
7.07000000e-01	1.013050014309e+01	1.000000000000e+00	9.130500143092e+00	9.130500143092e+00
7.08000000e-01	1.022389611827e+01	1.000000000000e+00	9.223896118265e+00	9.223896118265e+00
7.09000000e-01	1.031912627419e+01	1.000000000000e+00	9.319126274190e+00	9.319126274190e+00
7.10000000e-01	1.041624512918e+01	1.000000000000e+00	9.416245129183e+00	9.416245129183e+00
7.11000000e-01	1.051530938382e+01	1.000000000000e+00	9.515309383820e+00	9.515309383820e+00
7.12000000e-01	1.061637803122e+01	1.000000000000e+00	9.616378031221e+00	9.616378031221e+00
7.13000000e-01	1.071951247411e+01	1.000000000000e+00	9.719512474107e+00	9.719512474107e+00
7.14000000e-01	1.082477664909e+01	1.000000000000e+00	9.824776649089e+00	9.824776649089e+00
7.15000000e-01	1.093223715875e+01	1.000000000000e+00	9.932237158745e+00	9.932237158745e+00
7.16000000e-01	1.104196341203e+01	1.000000000000e+00	1.004196341203e+01	1.004196341203e+01
7.17000000e-01	1.115402777367e+01	1.000000000000e+00	1.015402777367e+01	1.015402777367e+01
7.18000000e-01	1.126850572318e+01	1.000000000000e+00	1.026850572318e+01	1.026850572318e+01
7.19000000e-01	1.138547602430e+01	1.000000000000e+00	1.038547602430e+01	1.038547602430e+01
7.20000000e-01	1.150502090554e+01	1.000000000000e+00	1.050502090554e+01	1.050502090554e+01
7.21000000e-01	1.162722625289e+01	1.000000000000e+00	1.062722625289e+01	1.062722625289e+01
7.22000000e-01	1.175218181537e+01	1.000000000000e+00	1.075218181537e+01	1.075218181537e+01
7.23000000e-01	1.187998142476e+01	1.000000000000e+00	1.087998142476e+01	1.087998142476e+01
7.24000000e-01	1.201072323041e+01	1.000000000000e+00	1.101072323041e+01	1.101072323041e+01
7.25000000e-01	1.214450995045e+01	1.000000000000e+00	1.114450995045e+01	1.114450995045e+01
7.26000000e-01	1.228144914078e+01	1.000000000000e+00	1.128144914078e+01	1.128144914078e+01
7.27000000e-01	1.242165348327e+01	1.000000000000e+00	1.142165348327e+01	1.142165348327e+01
7.28000000e-01	1.256524109483e+01	1.000000000000e+00	1.156524109483e+01	1.156524109483e+01
7.29000000e-01	1.271233585903e+01	1.000000000000e+00	1.171233585903e+01	1.171233585903e+01
7.30000000e-01	1.286306778247e+01	1.000000000000e+00	1.186306778247e+01	1.186306778247e+01
7.31000000e-01	1.301757337772e+01	1.000000000000e+00	1.201757337772e+01	1.201757337772e+01
7.32000000e-01	1.317599607552e+01	1.000000000000e+00	1.217599607552e+01	1.217599607552e+01
7.33000000e-01	1.333848666860e+01	1.000000000000e+00	1.233848666860e+01	1.233848666860e+01
7.34000000e-01	1.350520379017e+01	1.000000000000e+00	1.250520379017e+01	1.250520379017e+01
7.35000000e-01	1.367631443027e+01	1.000000000000e+00	1.267631443027e+01	1.267631443027e+01
7.36000000e-01	1.385199449333e+01	1.000000000000e+00	1.285199449333e+01	1.285199449333e+01
7.37000000e-01	1.403242940113e+01	1.000000000000e+00	1.303242940113e+01	1.303242940113e+01
7.38000000e-01	1.421781474524e+01	1.000000000000e+00	1.321781474524e+01	1.321781474524e+01
7.39000000e-01	1.440835699399e+01	1.000000000000e+00	1.340835699399e+01	1.340835699399e+01
7.40000000e-01	1.460427425919e+01	1.000000000000e+00	1.360427425919e+01	1.360427425919e+01
7.41000000e-01	1.480579712857e+01	1.000000000000e+00	1.380579712857e+01	1.380579712857e+01
7.42000000e-01	1.501316957084e+01	1.000000000000e+00	1.401316957084e+01	1.401316957084e+01
7.43000000e-01	1.522664992053e+01	1.000000000000e+00	1.422664992053e+01	1.422664992053e+01
7.44000000e-01	1.544651195122e+01	1.000000000000e+00	1.444651195122e+01	1.444651195122e+01
7.45000000e-01	1.567304604638e+01	1.000000000000e+00	1.467304604638e+01	1.467304604638e+01
7.46000000e-01	1.590656047844e+01	1.000000000000e+00	1.490656047844e+01	1.490656047844e+01
7.47000000e-01	1.614738280790e+01	1.000000000000e+00	1.514738280790e+01	1.514738280790e+01
7.48000000e-01	1.639586141578e+01	1.000000000000e+00	1.539586141578e+01	1.539586141578e+01
7.49000000e-01	1.665236718467e+01	1.000000000000e+00	1.565236718467e+01	1.565236718467e+01
7.50000000e-01	1.691729534514e+01	1.000000000000e+00	1.591729534514e+01	1.591729534514e+01
7.51000000e-01	1.719106750716e+01	1.000000000000e+00	1.619106750716e+01	1.619106750716e+01
7.52000000e-01	1.747413389828e+01	1.000000000000e+00	1.647413389828e+01	1.647413389828e+01
7.53000000e-01	1.776697583363e+01	1.000000000000e+00	1.676697583363e+01	1.676697583363e+01
7.54000000e-01	1.807010844623e+01	1.000000000000e+00	1.707010844623e+01	1.707010844623e+01
7.55000000e-01	1.838408371024e+01	1.000000000000e+00	1.738408371024e+01	1.738408371024e+01
7.56000000e-01	1.870949379437e+01	1.000000000000e+00	1.770949379437e+01	1.770949379437e+01
7.57000000e-01	1.904697478846e+01	1.000000000000e+00	1.804697478846e+01	1.804697478846e+01
7.58000000e-01	1.939721085241e+01	1.000000000000e+00	1.839721085241e+01	1.839721085241e+01
7.59000000e-01	1.976093884454e+01	1.000000000000e+00	1.876093884454e+01	1.876093884454e+01
7.60000000e-01	2.013895349514e+01	1.000000000000e+00	1.913895349514e+01	1.913895349514e+01
7.61000000e-01	2.053211320179e+01	1.000000000000e+00	1.953211320179e+01	1.953211320179e+01
7.62000000e-01	2.094134653531e+01	1.000000000000e+00	1.994134653531e+01	1.994134653531e+01
7.63000000e-01	2.136765956002e+01	1.000000000000e+00	2.036765956002e+01	2.036765956002e+01
7.64000000e-01	2.181214409012e+01	1.000000000000e+00	2.081214409012e+01	2.081214409012e+01
7.65000000e-01	2.227598702438e+01	1.000000000000e+00	2.127598702438e+01	2.127598702438e+01
7.66000000e-01	2.276048092754e+01	1.000000000000e+00	2.176048092754e+01	2.176048092754e+01
7.67000000e-01	2.326703605691e+01	1.000000000000e+00	2.226703605691e+01	2.226703605691e+01
7.68000000e-01	2.379719406975e+01	1.000000000000e+00	2.279719406975e+01	2.279719406975e+01
7.69000000e-01	2.435264369219e+01	1.000000000000e+00	2.335264369219e+01	2.335264369219e+01
7.70000000e-01	2.493523868501e+01	1.000000000000e+00	2.393523868501e+01	2.393523868501e+01
7.71000000e-01	2.554701850905e+01	1.000000000000e+00	2.454701850905e+01	2.454701850905e+01
7.72000000e-01	2.619023217556e+01	1.000000000000e+00	2.519023217556e+01	2.519023217556e+01
7.73000000e-01	2.686736586936e+01	1.000000000000e+00	2.586736586936e+01	2.586736586936e+01
7.74000000e-01	2.758117505991e+01	1.000000000000e+00	2.658117505991e+01	2.658117505991e+01
7.75000000e-01	2.833472197453e+01	1.000000000000e+00	2.733472197453e+01	2.733472197453e+01
7.76000000e-01	2.913141950858e+01	1.000000000000e+00	2.813141950858e+01	2.813141950858e+01
7.77000000e-01	2.997508290028e+01	1.000000000000e+00	2.897508290028e+01	2.897508290028e+01
7.78000000e-01	3.086999082096e+01	1.000000000000e+00	2.986999082096e+01	2.986999082096e+01
7.79000000e-01	3.182095794476e+01	1.000000000000e+00	3.082095794476e+01	3.082095794476e+01
7.80000000e-01	3.283342159569e+01	1.000000000000e+00	3.183342159569e+01	3.183342159569e+01
7.81000000e-01	3.391354576461e+01	1.000000000000e+00	3.291354576461e+01	3.291354576461e+01
7.82000000e-01	3.506834669879e+01	1.000000000000e+00	3.406834669879e+01	3.406834669879e+01
7.83000000e-01	3.630584547081e+01	1.000000000000e+00	3.530584547081e+01	3.530584547081e+01
7.84000000e-01	3.763525453946e+01	1.000000000000e+00	3.663525453946e+01	3.663525453946e+01
7.85000000e-01	3.906720747910e+01	1.000000000000e+00	3.806720747910e+01	3.806720747910e+01
7.86000000e-01	4.061404399826e+01	1.000000000000e+00	3.961404399826e+01	3.961404399826e+01
7.87000000e-01	4.229016642082e+01	1.000000000000e+00	4.129016642082e+01	4.129016642082e+01
7.88000000e-01	4.411248944514e+01	1.000000000000e+00	4.311248944514e+01	4.311248944514e+01
7.89000000e-01	4.610101295515e+01	1.000000000000e+00	4.510101295515e+01	4.510101295515e+01
7.90000000e-01	4.827955903734e+01	1.000000000000e+00	4.727955903734e+01	4.727955903734e+01
7.91000000e-01	5.067673087696e+01	1.000000000000e+00	4.967673087696e+01	4.967673087696e+01
7.92000000e-01	5.332717557967e+01	1.000000000000e+00	5.232717557967e+01	5.232717557967e+01
7.93000000e-01	5.627326957195e+01	1.000000000000e+00	5.527326957195e+01	5.527326957195e+01
7.94000000e-01	5.956740130004e+01	1.000000000000e+00	5.856740130004e+01	5.856740130004e+01
7.95000000e-01	6.327511369046e+01	1.000000000000e+00	6.227511369046e+01	6.227511369046e+01
7.96000000e-01	6.747950946858e+01	1.000000000000e+00	6.647950946858e+01	6.647950946858e+01
7.97000000e-01	7.228755392680e+01	1.000000000000e+00	7.128755392680e+01	7.128755392680e+01
7.98000000e-01	7.783930235791e+01	1.000000000000e+00	7.683930235791e+01	7.683930235791e+01
7.99000000e-01	8.432176818331e+01	1.000000000000e+00	8.332176818331e+01	8.332176818331e+01
8.00000000e-01	9.199040378990e+01	1.000000000000e+00	9.099040378990e+01	9.099040378990e+01
8.01000000e-01	1.012035603946e+02	1.000000000000e+00	1.002035603946e+02	1.002035603946e+02
8.02000000e-01	1.124801005518e+02	1.000000000000e+00	1.114801005518e+02	1.114801005518e+02
8.03000000e-01	1.266005999330e+02	1.000000000000e+00	1.256005999330e+02	1.256005999330e+02
8.04000000e-01	1.447961658973e+02	1.000000000000e+00	1.437961658973e+02	1.437961658973e+02
8.05000000e-01	1.691282927073e+02	1.000000000000e+00	1.681282927073e+02	1.681282927073e+02
8.06000000e-01	2.033309781825e+02	1.000000000000e+00	2.023309781825e+02	2.023309781825e+02
8.07000000e-01	2.549383501954e+02	1.000000000000e+00	2.539383501954e+02	2.539383501954e+02
8.08000000e-01	3.417681225398e+02	1.000000000000e+00	3.407681225398e+02	3.407681225398e+02
8.09000000e-01	5.185469637156e+02	1.000000000000e+00	5.175469637156e+02	5.175469637156e+02
