# t	y_num	y_exact	abs_err	rel_err
1.00000000e-03	1.600961057083e+00	1.000000000000e+00	6.009610570827e-01	6.009610570827e-01
2.00000000e-03	1.601924232670e+00	1.000000000000e+00	6.019242326705e-01	6.019242326705e-01
3.00000000e-03	1.602889533293e+00	1.000000000000e+00	6.028895332927e-01	6.028895332927e-01
4.00000000e-03	1.603856965506e+00	1.000000000000e+00	6.038569655056e-01	6.038569655056e-01
5.00000000e-03	1.604826535892e+00	1.000000000000e+00	6.048265358921e-01	6.048265358921e-01
6.00000000e-03	1.605798251062e+00	1.000000000000e+00	6.057982510623e-01	6.057982510623e-01
7.00000000e-03	1.606772117653e+00	1.000000000000e+00	6.067721176531e-01	6.067721176531e-01
8.00000000e-03	1.607748142329e+00	1.000000000000e+00	6.077481423291e-01	6.077481423291e-01
9.00000000e-03	1.608726331782e+00	1.000000000000e+00	6.087263317820e-01	6.087263317820e-01
1.00000000e-02	1.609706692731e+00	1.000000000000e+00	6.097066927311e-01	6.097066927311e-01
1.10000000e-02	1.610689231923e+00	1.000000000000e+00	6.106892319234e-01	6.106892319234e-01
1.20000000e-02	1.611673956134e+00	1.000000000000e+00	6.116739561338e-01	6.116739561338e-01
1.30000000e-02	1.612660872165e+00	1.000000000000e+00	6.126608721652e-01	6.126608721652e-01
1.40000000e-02	1.613649986848e+00	1.000000000000e+00	6.136499868484e-01	6.136499868484e-01
1.50000000e-02	1.614641307043e+00	1.000000000000e+00	6.146413070427e-01	6.146413070427e-01
1.60000000e-02	1.615634839636e+00	1.000000000000e+00	6.156348396358e-01	6.156348396358e-01
1.70000000e-02	1.616630591544e+00	1.000000000000e+00	6.166305915437e-01	6.166305915437e-01
1.80000000e-02	1.617628569711e+00	1.000000000000e+00	6.176285697115e-01	6.176285697115e-01
1.90000000e-02	1.618628781113e+00	1.000000000000e+00	6.186287811128e-01	6.186287811128e-01
2.00000000e-02	1.619631232750e+00	1.000000000000e+00	6.196312327504e-01	6.196312327504e-01
2.10000000e-02	1.620635931656e+00	1.000000000000e+00	6.206359316563e-01	6.206359316563e-01
2.20000000e-02	1.621642884892e+00	1.000000000000e+00	6.216428848917e-01	6.216428848917e-01
2.30000000e-02	1.622652099547e+00	1.000000000000e+00	6.226520995473e-01	6.226520995473e-01
2.40000000e-02	1.623663582743e+00	1.000000000000e+00	6.236635827434e-01	6.236635827434e-01
2.50000000e-02	1.624677341630e+00	1.000000000000e+00	6.246773416300e-01	6.246773416300e-01
2.60000000e-02	1.625693383387e+00	1.000000000000e+00	6.256933833873e-01	6.256933833873e-01
2.70000000e-02	1.626711715225e+00	1.000000000000e+00	6.267117152252e-01	6.267117152252e-01
2.80000000e-02	1.627732344384e+00	1.000000000000e+00	6.277323443842e-01	6.277323443842e-01
2.90000000e-02	1.628755278135e+00	1.000000000000e+00	6.287552781350e-01	6.287552781350e-01
3.00000000e-02	1.629780523779e+00	1.000000000000e+00	6.297805237789e-01	6.297805237789e-01
3.10000000e-02	1.630808088648e+00	1.000000000000e+00	6.308080886480e-01	6.308080886480e-01
3.20000000e-02	1.631837980105e+00	1.000000000000e+00	6.318379801051e-01	6.318379801051e-01
3.30000000e-02	1.632870205544e+00	1.000000000000e+00	6.328702055442e-01	6.328702055442e-01
3.40000000e-02	1.633904772391e+00	1.000000000000e+00	6.339047723906e-01	6.339047723906e-01
3.50000000e-02	1.634941688101e+00	1.000000000000e+00	6.349416881007e-01	6.349416881007e-01
3.60000000e-02	1.635980960163e+00	1.000000000000e+00	6.359809601627e-01	6.359809601627e-01
3.70000000e-02	1.637022596096e+00	1.000000000000e+00	6.370225960963e-01	6.370225960963e-01
3.80000000e-02	1.638066603453e+00	1.000000000000e+00	6.380666034533e-01	6.380666034533e-01
3.90000000e-02	1.639112989817e+00	1.000000000000e+00	6.391129898174e-01	6.391129898174e-01
4.00000000e-02	1.640161762804e+00	1.000000000000e+00	6.401617628045e-01	6.401617628045e-01
4.10000000e-02	1.641212930063e+00	1.000000000000e+00	6.412129300630e-01	6.412129300630e-01
4.20000000e-02	1.642266499274e+00	1.000000000000e+00	6.422664992737e-01	6.422664992737e-01
4.30000000e-02	1.643322478150e+00	1.000000000000e+00	6.433224781504e-01	6.433224781504e-01
4.40000000e-02	1.644380874439e+00	1.000000000000e+00	6.443808744395e-01	6.443808744395e-01
4.50000000e-02	1.645441695921e+00	1.000000000000e+00	6.454416959207e-01	6.454416959207e-01
4.60000000e-02	1.646504950407e+00	1.000000000000e+00	6.465049504068e-01	6.465049504068e-01
4.70000000e-02	1.647570645744e+00	1.000000000000e+00	6.475706457443e-01	6.475706457443e-01
4.80000000e-02	1.648638789813e+00	1.000000000000e+00	6.486387898131e-01	6.486387898131e-01
4.90000000e-02	1.649709390527e+00	1.000000000000e+00	6.497093905268e-01	6.497093905268e-01
5.00000000e-02	1.650782455833e+00	1.000000000000e+00	6.507824558333e-01	6.507824558333e-01
5.10000000e-02	1.651857993714e+00	1.000000000000e+00	6.518579937145e-01	6.518579937145e-01
5.20000000e-02	1.652936012187e+00	1.000000000000e+00	6.529360121865e-01	6.529360121865e-01
5.30000000e-02	1.654016519300e+00	1.000000000000e+00	6.540165193002e-01	6.540165193002e-01
5.40000000e-02	1.655099523141e+00	1.000000000000e+00	6.550995231411e-01	6.550995231411e-01
5.50000000e-02	1.656185031830e+00	1.000000000000e+00	6.561850318296e-01	6.561850318296e-01
5.60000000e-02	1.657273053521e+00	1.000000000000e+00	6.572730535212e-01	6.572730535212e-01
5.70000000e-02	1.658363596407e+00	1.000000000000e+00	6.583635964066e-01	6.583635964066e-01
5.80000000e-02	1.659456668712e+00	1.000000000000e+00	6.594566687121e-01	6.594566687121e-01
5.90000000e-02	1.660552278700e+00	1.000000000000e+00	6.605522786998e-01	6.605522786998e-01
6.00000000e-02	1.661650434667e+00	1.000000000000e+00	6.616504346672e-01	6.616504346672e-01
6.10000000e-02	1.662751144948e+00	1.000000000000e+00	6.627511449485e-01	6.627511449485e-01
6.20000000e-02	1.663854417914e+00	1.000000000000e+00	6.638544179135e-01	6.638544179135e-01
6.30000000e-02	1.664960261969e+00	1.000000000000e+00	6.649602619689e-01	6.649602619689e-01
6.40000000e-02	1.666068685558e+00	1.000000000000e+00	6.660686855580e-01	6.660686855580e-01
6.50000000e-02	1.667179697161e+00	1.000000000000e+00	6.671796971607e-01	6.671796971607e-01
6.60000000e-02	1.668293305294e+00	1.000000000000e+00	6.682933052941e-01	6.682933052941e-01
6.70000000e-02	1.669409518513e+00	1.000000000000e+00	6.694095185127e-01	6.694095185127e-01
6.80000000e-02	1.670528345408e+00	1.000000000000e+00	6.705283454083e-01	6.705283454083e-01
6.90000000e-02	1.671649794610e+00	1.000000000000e+00	6.716497946103e-01	6.716497946103e-01
7.00000000e-02	1.672773874786e+00	1.000000000000e+00	6.727738747862e-01	6.727738747862e-01
7.10000000e-02	1.673900594641e+00	1.000000000000e+00	6.739005946413e-01	6.739005946413e-01
7.20000000e-02	1.675029962919e+00	1.000000000000e+00	6.750299629194e-01	6.750299629194e-01
7.30000000e-02	1.676161988403e+00	1.000000000000e+00	6.761619884026e-01	6.761619884026e-01
7.40000000e-02	1.677296679912e+00	1.000000000000e+00	6.772966799121e-01	6.772966799121e-01
7.50000000e-02	1.678434046308e+00	1.000000000000e+00	6.784340463075e-01	6.784340463075e-01
7.60000000e-02	1.679574096488e+00	1.000000000000e+00	6.795740964879e-01	6.795740964879e-01
7.70000000e-02	1.680716839392e+00	1.000000000000e+00	6.807168393918e-01	6.807168393918e-01
7.80000000e-02	1.681862283997e+00	1.000000000000e+00	6.818622839969e-01	6.818622839969e-01
7.90000000e-02	1.683010439321e+00	1.000000000000e+00	6.830104393210e-01	6.830104393210e-01
8.00000000e-02	1.684161314422e+00	1.000000000000e+00	6.841613144219e-01	6.841613144219e-01
8.10000000e-02	1.685314918398e+00	1.000000000000e+00	6.853149183975e-01	6.853149183975e-01
8.20000000e-02	1.686471260386e+00	1.000000000000e+00	6.864712603863e-01	6.864712603863e-01
8.30000000e-02	1.687630349567e+00	1.000000000000e+00	6.876303495675e-01	6.876303495675e-01
8.40000000e-02	1.688792195161e+00	1.000000000000e+00	6.887921951610e-01	6.887921951610e-01
8.50000000e-02	1.689956806428e+00	1.000000000000e+00	6.899568064280e-01	6.899568064280e-01
8.60000000e-02	1.691124192671e+00	1.000000000000e+00	6.911241926711e-01	6.911241926711e-01
8.70000000e-02	1.692294363234e+00	1.000000000000e+00	6.922943632344e-01	6.922943632344e-01
8.80000000e-02	1.693467327504e+00	1.000000000000e+00	6.934673275039e-01	6.934673275039e-01
8.90000000e-02	1.694643094908e+00	1.000000000000e+00	6.946430949077e-01	6.946430949077e-01
9.00000000e-02	1.695821674916e+00	1.000000000000e+00	6.958216749162e-01	6.958216749162e-01
9.10000000e-02	1.697003077042e+00	1.000000000000e+00	6.970030770422e-01	6.970030770422e-01
9.20000000e-02	1.698187310841e+00	1.000000000000e+00	6.981873108415e-01	6.981873108415e-01
9.30000000e-02	1.699374385913e+00	1.000000000000e+00	6.993743859127e-01	6.993743859127e-01
9.40000000e-02	1.700564311898e+00	1.000000000000e+00	7.005643118979e-01	7.005643118979e-01
9.50000000e-02	1.701757098482e+00	1.000000000000e+00	7.017570984825e-01	7.017570984825e-01
9.60000000e-02	1.702952755396e+00	1.000000000000e+00	7.029527553958e-01	7.029527553958e-01
9.70000000e-02	1.704151292411e+00	1.000000000000e+00	7.041512924110e-01	7.041512924110e-01
9.80000000e-02	1.705352719346e+00	1.000000000000e+00	7.053527193457e-01	7.053527193457e-01
9.90000000e-02	1.706557046062e+00	1.000000000000e+00	7.065570460619e-01	7.065570460619e-01
1.00000000e-01	1.707764282466e+00	1.000000000000e+00	7.077642824663e-01	7.077642824663e-01
1.01000000e-01	1.708974438511e+00	1.000000000000e+00	7.089744385107e-01	7.089744385107e-01
1.02000000e-01	1.710187524192e+00	1.000000000000e+00	7.101875241921e-01	7.101875241921e-01
1.03000000e-01	1.711403549553e+00	1.000000000000e+00	7.114035495532e-01	7.114035495532e-01
1.04000000e-01	1.712622524682e+00	1.000000000000e+00	7.126225246823e-01	7.126225246823e-01
1.05000000e-01	1.713844459714e+00	1.000000000000e+00	7.138444597138e-01	7.138444597138e-01
1.06000000e-01	1.715069364828e+00	1.000000000000e+00	7.150693648284e-01	7.150693648284e-01
1.07000000e-01	1.716297250253e+00	1.000000000000e+00	7.162972502534e-01	7.162972502534e-01
1.08000000e-01	1.717528126263e+00	1.000000000000e+00	7.175281262629e-01	7.175281262629e-01
1.09000000e-01	1.718762003178e+00	1.000000000000e+00	7.187620031781e-01	7.187620031781e-01
1.10000000e-01	1.719998891368e+00	1.000000000000e+00	7.199988913678e-01	7.199988913678e-01
1.11000000e-01	1.721238801248e+00	1.000000000000e+00	7.212388012481e-01	7.212388012481e-01
1.12000000e-01	1.722481743283e+00	1.000000000000e+00	7.224817432832e-01	7.224817432832e-01
1.13000000e-01	1.723727727986e+00	1.000000000000e+00	7.237277279856e-01	7.237277279856e-01
1.14000000e-01	1.724976765916e+00	1.000000000000e+00	7.249767659161e-01	7.249767659161e-01
1.15000000e-01	1.726228867684e+00	1.000000000000e+00	7.262288676844e-01	7.262288676844e-01
1.16000000e-01	1.727484043949e+00	1.000000000000e+00	7.274840439491e-01	7.274840439491e-01
1.17000000e-01	1.728742305418e+00	1.000000000000e+00	7.287423054182e-01	7.287423054182e-01
1.18000000e-01	1.730003662849e+00	1.000000000000e+00	7.300036628495e-01	7.300036628495e-01
1.19000000e-01	1.731268127050e+00	1.000000000000e+00	7.312681270503e-01	7.312681270503e-01
1.20000000e-01	1.732535708879e+00	1.000000000000e+00	7.325357088785e-01	7.325357088785e-01
1.21000000e-01	1.733806419242e+00	1.000000000000e+00	7.338064192422e-01	7.338064192422e-01
1.22000000e-01	1.735080269100e+00	1.000000000000e+00	7.350802691003e-01	7.350802691003e-01
1.23000000e-01	1.736357269463e+00	1.000000000000e+00	7.363572694630e-01	7.363572694630e-01
1.24000000e-01	1.737637431392e+00	1.000000000000e+00	7.376374313916e-01	7.376374313916e-01
1.25000000e-01	1.738920765999e+00	1.000000000000e+00	7.389207659991e-01	7.389207659991e-01
1.26000000e-01	1.740207284451e+00	1.000000000000e+00	7.402072844508e-01	7.402072844508e-01
1.27000000e-01	1.741496997964e+00	1.000000000000e+00	7.414969979638e-01	7.414969979638e-01
1.28000000e-01	1.742789917808e+00	1.000000000000e+00	7.427899178081e-01	7.427899178081e-01
1.29000000e-01	1.744086055307e+00	1.000000000000e+00	7.440860553065e-01	7.440860553065e-01
1.30000000e-01	1.745385421835e+00	1.000000000000e+00	7.453854218350e-01	7.453854218350e-01
1.31000000e-01	1.746688028823e+00	1.000000000000e+00	7.466880288232e-01	7.466880288232e-01
1.32000000e-01	1.747993887754e+00	1.000000000000e+00	7.479938877542e-01	7.479938877542e-01
1.33000000e-01	1.749303010166e+00	1.000000000000e+00	7.493030101658e-01	7.493030101658e-01
1.34000000e-01	1.750615407650e+00	1.000000000000e+00	7.506154076498e-01	7.506154076498e-01
1.35000000e-01	1.751931091853e+00	1.000000000000e+00	7.519310918529e-01	7.519310918529e-01
1.36000000e-01	1.753250074477e+00	1.000000000000e+00	7.532500744771e-01	7.532500744771e-01
1.37000000e-01	1.754572367280e+00	1.000000000000e+00	7.545723672796e-01	7.545723672796e-01
1.38000000e-01	1.755897982074e+00	1.000000000000e+00	7.558979820736e-01	7.558979820736e-01
1.39000000e-01	1.757226930728e+00	1.000000000000e+00	7.572269307282e-01	7.572269307282e-01
1.40000000e-01	1.758559225169e+00	1.000000000000e+00	7.585592251689e-01	7.585592251689e-01
1.41000000e-01	1.759894877378e+00	1.000000000000e+00	7.598948773783e-01	7.598948773783e-01
1.42000000e-01	1.761233899396e+00	1.000000000000e+00	7.612338993957e-01	7.612338993957e-01
1.43000000e-01	1.762576303318e+00	1.000000000000e+00	7.625763033182e-01	7.625763033182e-01
1.44000000e-01	1.763922101300e+00	1.000000000000e+00	7.639221013004e-01	7.639221013004e-01
1.45000000e-01	1.765271305555e+00	1.000000000000e+00	7.652713055552e-01	7.652713055552e-01
1.46000000e-01	1.766623928354e+00	1.000000000000e+00	7.666239283539e-01	7.666239283539e-01
1.47000000e-01	1.767979982027e+00	1.000000000000e+00	7.679799820268e-01	7.679799820268e-01
1.48000000e-01	1.769339478963e+00	1.000000000000e+00	7.693394789633e-01	7.693394789633e-01
1.49000000e-01	1.770702431612e+00	1.000000000000e+00	7.707024316122e-01	7.707024316122e-01
1.50000000e-01	1.772068852482e+00	1.000000000000e+00	7.720688524823e-01	7.720688524823e-01
1.51000000e-01	1.773438754143e+00	1.000000000000e+00	7.734387541428e-01	7.734387541428e-01
1.52000000e-01	1.774812149223e+00	1.000000000000e+00	7.748121492235e-01	7.748121492235e-01
1.53000000e-01	1.776189050415e+00	1.000000000000e+00	7.761890504149e-01	7.761890504149e-01
1.54000000e-01	1.777569470469e+00	1.000000000000e+00	7.775694704692e-01	7.775694704692e-01
1.55000000e-01	1.778953422200e+00	1.000000000000e+00	7.789534222002e-01	7.789534222002e-01
1.56000000e-01	1.780340918484e+00	1.000000000000e+00	7.803409184839e-01	7.803409184839e-01
1.57000000e-01	1.781731972259e+00	1.000000000000e+00	7.817319722586e-01	7.817319722586e-01
1.58000000e-01	1.783126596526e+00	1.000000000000e+00	7.831265965256e-01	7.831265965256e-01
1.59000000e-01	1.784524804349e+00	1.000000000000e+00	7.845248043494e-01	7.845248043494e-01
1.60000000e-01	1.785926608858e+00	1.000000000000e+00	7.859266088583e-01	7.859266088583e-01
1.61000000e-01	1.787332023244e+00	1.000000000000e+00	7.873320232443e-01	7.873320232443e-01
1.62000000e-01	1.788741060764e+00	1.000000000000e+00	7.887410607640e-01	7.887410607640e-01
1.63000000e-01	1.790153734739e+00	1.000000000000e+00	7.901537347390e-01	7.901537347390e-01
1.64000000e-01	1.791570058556e+00	1.000000000000e+00	7.915700585557e-01	7.915700585557e-01
1.65000000e-01	1.792990045666e+00	1.000000000000e+00	7.929900456663e-01	7.929900456663e-01
1.66000000e-01	1.794413709589e+00	1.000000000000e+00	7.944137095892e-01	7.944137095892e-01
1.67000000e-01	1.795841063909e+00	1.000000000000e+00	7.958410639088e-01	7.958410639088e-01
1.68000000e-01	1.797272122277e+00	1.000000000000e+00	7.972721222767e-01	7.972721222767e-01
1.69000000e-01	1.798706898411e+00	1.000000000000e+00	7.987068984114e-01	7.987068984114e-01
1.70000000e-01	1.800145406099e+00	1.000000000000e+00	8.001454060994e-01	8.001454060994e-01
1.71000000e-01	1.801587659195e+00	1.000000000000e+00	8.015876591949e-01	8.015876591949e-01
1.72000000e-01	1.803033671621e+00	1.000000000000e+00	8.030336716209e-01	8.030336716209e-01
1.73000000e-01	1.804483457369e+00	1.000000000000e+00	8.044834573691e-01	8.044834573691e-01
1.74000000e-01	1.805937030501e+00	1.000000000000e+00	8.059370305006e-01	8.059370305006e-01
1.75000000e-01	1.807394405146e+00	1.000000000000e+00	8.073944051463e-01	8.073944051463e-01
1.76000000e-01	1.808855595507e+00	1.000000000000e+00	8.088555955073e-01	8.088555955073e-01
1.77000000e-01	1.810320615855e+00	1.000000000000e+00	8.103206158552e-01	8.103206158552e-01
1.78000000e-01	1.811789480533e+00	1.000000000000e+00	8.117894805328e-01	8.117894805328e-01
1.79000000e-01	1.813262203954e+00	1.000000000000e+00	8.132622039544e-01	8.132622039544e-01
1.80000000e-01	1.814738800606e+00	1.000000000000e+00	8.147388006062e-01	8.147388006062e-01
1.81000000e-01	1.816219285047e+00	1.000000000000e+00	8.162192850470e-01	8.162192850470e-01
1.82000000e-01	1.817703671908e+00	1.000000000000e+00	8.177036719083e-01	8.177036719083e-01
1.83000000e-01	1.819191975895e+00	1.000000000000e+00	8.191919758948e-01	8.191919758948e-01
1.84000000e-01	1.820684211785e+00	1.000000000000e+00	8.206842117854e-01	8.206842117854e-01
1.85000000e-01	1.822180394433e+00	1.000000000000e+00	8.221803944327e-01	8.221803944327e-01
1.86000000e-01	1.823680538765e+00	1.000000000000e+00	8.236805387646e-01	8.236805387646e-01
1.87000000e-01	1.825184659784e+00	1.000000000000e+00	8.251846597836e-01	8.251846597836e-01
1.88000000e-01	1.826692772568e+00	1.000000000000e+00	8.266927725684e-01	8.266927725684e-01
1.89000000e-01	1.828204892273e+00	1.000000000000e+00	8.282048922735e-01	8.282048922735e-01
1.90000000e-01	1.829721034130e+00	1.000000000000e+00	8.297210341300e-01	8.297210341300e-01
1.91000000e-01	1.831241213446e+00	1.000000000000e+00	8.312412134464e-01	8.312412134464e-01
1.92000000e-01	1.832765445608e+00	1.000000000000e+00	8.327654456084e-01	8.327654456084e-01
1.93000000e-01	1.834293746080e+00	1.000000000000e+00	8.342937460801e-01	8.342937460801e-01
1.94000000e-01	1.835826130404e+00	1.000000000000e+00	8.358261304041e-01	8.358261304041e-01
1.95000000e-01	1.837362614202e+00	1.000000000000e+00	8.373626142019e-01	8.373626142019e-01
1.96000000e-01	1.838903213175e+00	1.000000000000e+00	8.389032131748e-01	8.389032131748e-01
1.97000000e-01	1.840447943104e+00	1.000000000000e+00	8.404479431042e-01	8.404479431042e-01
1.98000000e-01	1.841996819852e+00	1.000000000000e+00	8.419968198520e-01	8.419968198520e-01
1.99000000e-01	1.843549859361e+00	1.000000000000e+00	8.435498593611e-01	8.435498593611e-01
2.00000000e-01	1.845107077656e+00	1.000000000000e+00	8.451070776564e-01	8.451070776564e-01
2.01000000e-01	1.846668490845e+00	1.000000000000e+00	8.466684908446e-01	8.466684908446e-01
2.02000000e-01	1.848234115115e+00	1.000000000000e+00	8.482341151152e-01	8.482341151152e-01
2.03000000e-01	1.849803966741e+00	1.000000000000e+00	8.498039667411e-01	8.498039667411e-01
2.04000000e-01	1.851378062079e+00	1.000000000000e+00	8.513780620786e-01	8.513780620786e-01
2.05000000e-01	1.852956417569e+00	1.000000000000e+00	8.529564175688e-01	8.529564175688e-01
2.06000000e-01	1.854539049737e+00	1.000000000000e+00	8.545390497371e-01	8.545390497371e-01
2.07000000e-01	1.856125975195e+00	1.000000000000e+00	8.561259751946e-01	8.561259751946e-01
2.08000000e-01	1.857717210638e+00	1.000000000000e+00	8.577172106383e-01	8.577172106383e-01
2.09000000e-01	1.859312772852e+00	1.000000000000e+00	8.593127728517e-01	8.593127728517e-01
2.10000000e-01	1.860912678705e+00	1.000000000000e+00	8.609126787052e-01	8.609126787052e-01
2.11000000e-01	1.862516945157e+00	1.000000000000e+00	8.625169451572e-01	8.625169451572e-01
2.12000000e-01	1.864125589254e+00	1.000000000000e+00	8.641255892538e-01	8.641255892538e-01
2.13000000e-01	1.865738628130e+00	1.000000000000e+00	8.657386281302e-01	8.657386281302e-01
2.14000000e-01	1.867356079011e+00	1.000000000000e+00	8.673560790110e-01	8.673560790110e-01
2.15000000e-01	1.868977959210e+00	1.000000000000e+00	8.689779592104e-01	8.689779592104e-01
2.16000000e-01	1.870604286133e+00	1.000000000000e+00	8.706042861334e-01	8.706042861334e-01
2.17000000e-01	1.872235077276e+00	1.000000000000e+00	8.722350772760e-01	8.722350772760e-01
2.18000000e-01	1.873870350226e+00	1.000000000000e+00	8.738703502259e-01	8.738703502259e-01
2.19000000e-01	1.875510122663e+00	1.000000000000e+00	8.755101226632e-01	8.755101226632e-01
2.20000000e-01	1.877154412361e+00	1.000000000000e+00	8.771544123609e-01	8.771544123609e-01
2.21000000e-01	1.878803237185e+00	1.000000000000e+00	8.788032371853e-01	8.788032371853e-01
2.22000000e-01	1.880456615097e+00	1.000000000000e+00	8.804566150972e-01	8.804566150972e-01
2.23000000e-01	1.882114564152e+00	1.000000000000e+00	8.821145641520e-01	8.821145641520e-01
2.24000000e-01	1.883777102500e+00	1.000000000000e+00	8.837771025003e-01	8.837771025003e-01
2.25000000e-01	1.885444248389e+00	1.000000000000e+00	8.854442483891e-01	8.854442483891e-01
2.26000000e-01	1.887116020162e+00	1.000000000000e+00	8.871160201618e-01	8.871160201618e-01
2.27000000e-01	1.888792436259e+00	1.000000000000e+00	8.887924362591e-01	8.887924362591e-01
2.28000000e-01	1.890473515220e+00	1.000000000000e+00	8.904735152198e-01	8.904735152198e-01
2.29000000e-01	1.892159275681e+00	1.000000000000e+00	8.921592756811e-01	8.921592756811e-01
2.30000000e-01	1.893849736380e+00	1.000000000000e+00	8.938497363796e-01	8.938497363796e-01
2.31000000e-01	1.895544916152e+00	1.000000000000e+00	8.955449161518e-01	8.955449161518e-01
2.32000000e-01	1.897244833935e+00	1.000000000000e+00	8.972448339348e-01	8.972448339348e-01
2.33000000e-01	1.898949508767e+00	1.000000000000e+00	8.989495087668e-01	8.989495087668e-01
2.34000000e-01	1.900658959788e+00	1.000000000000e+00	9.006589597881e-01	9.006589597881e-01
2.35000000e-01	1.902373206242e+00	1.000000000000e+00	9.023732062415e-01	9.023732062415e-01
2.36000000e-01	1.904092267473e+00	1.000000000000e+00	9.040922674733e-01	9.040922674733e-01
2.37000000e-01	1.905816162933e+00	1.000000000000e+00	9.058161629335e-01	9.058161629335e-01
2.38000000e-01	1.907544912177e+00	1.000000000000e+00	9.075449121770e-01	9.075449121770e-01
2.39000000e-01	1.909278534864e+00	1.000000000000e+00	9.092785348641e-01	9.092785348641e-01
2.40000000e-01	1.911017050761e+00	1.000000000000e+00	9.110170507612e-01	9.110170507612e-01
2.41000000e-01	1.912760479741e+00	1.000000000000e+00	9.127604797415e-01	9.127604797415e-01
2.42000000e-01	1.914508841786e+00	1.000000000000e+00	9.145088417857e-01	9.145088417857e-01
2.43000000e-01	1.916262156983e+00	1.000000000000e+00	9.162621569829e-01	9.162621569829e-01
2.44000000e-01	1.918020445531e+00	1.000000000000e+00	9.180204455312e-01	9.180204455312e-01
2.45000000e-01	1.919783727738e+00	1.000000000000e+00	9.197837277385e-01	9.197837277385e-01
2.46000000e-01	1.921552024023e+00	1.000000000000e+00	9.215520240230e-01	9.215520240230e-01
2.47000000e-01	1.923325354914e+00	1.000000000000e+00	9.233253549143e-01	9.233253549143e-01
2.48000000e-01	1.925103741054e+00	1.000000000000e+00	9.251037410541e-01	9.251037410541e-01
2.49000000e-01	1.926887203197e+00	1.000000000000e+00	9.268872031968e-01	9.268872031968e-01
2.50000000e-01	1.928675762210e+00	1.000000000000e+00	9.286757622104e-01	9.286757622104e-01
2.51000000e-01	1.930469439077e+00	1.000000000000e+00	9.304694390771e-01	9.304694390771e-01
2.52000000e-01	1.932268254894e+00	1.000000000000e+00	9.322682548944e-01	9.322682548944e-01
2.53000000e-01	1.934072230876e+00	1.000000000000e+00	9.340722308756e-01	9.340722308756e-01
2.54000000e-01	1.935881388351e+00	1.000000000000e+00	9.358813883507e-01	9.358813883507e-01
2.55000000e-01	1.937695748767e+00	1.000000000000e+00	9.376957487673e-01	9.376957487673e-01
2.56000000e-01	1.939515333691e+00	1.000000000000e+00	9.395153336912e-01	9.395153336912e-01
2.57000000e-01	1.941340164807e+00	1.000000000000e+00	9.413401648074e-01	9.413401648074e-01
2.58000000e-01	1.943170263921e+00	1.000000000000e+00	9.431702639209e-01	9.431702639209e-01
2.59000000e-01	1.945005652958e+00	1.000000000000e+00	9.450056529575e-01	9.450056529575e-01
2.60000000e-01	1.946846353965e+00	1.000000000000e+00	9.468463539646e-01	9.468463539646e-01
2.61000000e-01	1.948692389112e+00	1.000000000000e+00	9.486923891119e-01	9.486923891119e-01
2.62000000e-01	1.950543780693e+00	1.000000000000e+00	9.505437806928e-01	9.505437806928e-01
2.63000000e-01	1.952400551125e+00	1.000000000000e+00	9.524005511246e-01	9.524005511246e-01
2.64000000e-01	1.954262722950e+00	1.000000000000e+00	9.542627229497e-01	9.542627229497e-01
2.65000000e-01	1.956130318837e+00	1.000000000000e+00	9.561303188365e-01	9.561303188365e-01
2.66000000e-01	1.958003361580e+00	1.000000000000e+00	9.580033615802e-01	9.580033615802e-01
2.67000000e-01	1.959881874104e+00	1.000000000000e+00	9.598818741036e-01	9.598818741036e-01
2.68000000e-01	1.961765879458e+00	1.000000000000e+00	9.617658794582e-01	9.617658794582e-01
2.69000000e-01	1.963655400825e+00	1.000000000000e+00	9.636554008250e-01	9.636554008250e-01
2.70000000e-01	1.965550461515e+00	1.000000000000e+00	9.655504615152e-01	9.655504615152e-01
2.71000000e-01	1.967451084972e+00	1.000000000000e+00	9.674510849717e-01	9.674510849717e-01
2.72000000e-01	1.969357294769e+00	1.000000000000e+00	9.693572947692e-01	9.693572947692e-01
2.73000000e-01	1.971269114616e+00	1.000000000000e+00	9.712691146161e-01	9.712691146161e-01
2.74000000e-01	1.973186568354e+00	1.000000000000e+00	9.731865683543e-01	9.731865683543e-01
2.75000000e-01	1.975109679961e+00	1.000000000000e+00	9.751096799615e-01	9.751096799615e-01
2.76000000e-01	1.977038473551e+00	1.000000000000e+00	9.770384735507e-01	9.770384735507e-01
2.77000000e-01	1.978972973373e+00	1.000000000000e+00	9.789729733725e-01	9.789729733725e-01
2.78000000e-01	1.980913203815e+00	1.000000000000e+00	9.809132038152e-01	9.809132038152e-01
2.79000000e-01	1.982859189406e+00	1.000000000000e+00	9.828591894060e-01	9.828591894060e-01
2.80000000e-01	1.984810954812e+00	1.000000000000e+00	9.848109548123e-01	9.848109548123e-01
2.81000000e-01	1.986768524842e+00	1.000000000000e+00	9.867685248421e-01	9.867685248421e-01
2.82000000e-01	1.988731924446e+00	1.000000000000e+00	9.887319244457e-01	9.887319244457e-01
2.83000000e-01	1.990701178716e+00	1.000000000000e+00	9.907011787161e-01	9.907011787161e-01
2.84000000e-01	1.992676312891e+00	1.000000000000e+00	9.926763128906e-01	9.926763128906e-01
2.85000000e-01	1.994657352351e+00	1.000000000000e+00	9.946573523512e-01	9.946573523512e-01
2.86000000e-01	1.996644322626e+00	1.000000000000e+00	9.966443226263e-01	9.966443226263e-01
2.87000000e-01	1.998637249391e+00	1.000000000000e+00	9.986372493912e-01	9.986372493912e-01
2.88000000e-01	2.000636158470e+00	1.000000000000e+00	1.000636158470e+00	1.000636158470e+00
2.89000000e-01	2.002641075834e+00	1.000000000000e+00	1.002641075834e+00	1.002641075834e+00
2.90000000e-01	2.004652027608e+00	1.000000000000e+00	1.004652027608e+00	1.004652027608e+00
2.91000000e-01	2.006669040066e+00	1.000000000000e+00	1.006669040066e+00	1.006669040066e+00
2.92000000e-01	2.008692139635e+00	1.000000000000e+00	1.008692139635e+00	1.008692139635e+00
2.93000000e-01	2.010721352896e+00	1.000000000000e+00	1.010721352896e+00	1.010721352896e+00
2.94000000e-01	2.012756706585e+00	1.000000000000e+00	1.012756706585e+00	1.012756706585e+00
2.95000000e-01	2.014798227593e+00	1.000000000000e+00	1.014798227593e+00	1.014798227593e+00
2.96000000e-01	2.016845942968e+00	1.000000000000e+00	1.016845942968e+00	1.016845942968e+00
2.97000000e-01	2.018899879918e+00	1.000000000000e+00	1.018899879918e+00	1.018899879918e+00
2.98000000e-01	2.020960065807e+00	1.000000000000e+00	1.020960065807e+00	1.020960065807e+00
2.99000000e-01	2.023026528164e+00	1.000000000000e+00	1.023026528164e+00	1.023026528164e+00
3.00000000e-01	2.025099294675e+00	1.000000000000e+00	1.025099294675e+00	1.025099294675e+00
3.01000000e-01	2.027178393192e+00	1.000000000000e+00	1.027178393192e+00	1.027178393192e+00
3.02000000e-01	2.029263851730e+00	1.000000000000e+00	1.029263851730e+00	1.029263851730e+00
3.03000000e-01	2.031355698469e+00	1.000000000000e+00	1.031355698469e+00	1.031355698469e+00
3.04000000e-01	2.033453961757e+00	1.000000000000e+00	1.033453961757e+00	1.033453961757e+00
3.05000000e-01	2.035558670108e+00	1.000000000000e+00	1.035558670108e+00	1.035558670108e+00
3.06000000e-01	2.037669852205e+00	1.000000000000e+00	1.037669852205e+00	1.037669852205e+00
3.07000000e-01	2.039787536903e+00	1.000000000000e+00	1.039787536903e+00	1.039787536903e+00
3.08000000e-01	2.041911753227e+00	1.000000000000e+00	1.041911753227e+00	1.041911753227e+00
3.09000000e-01	2.044042530374e+00	1.000000000000e+00	1.044042530374e+00	1.044042530374e+00
3.10000000e-01	2.046179897718e+00	1.000000000000e+00	1.046179897718e+00	1.046179897718e+00
3.11000000e-01	2.048323884805e+00	1.000000000000e+00	1.048323884805e+00	1.048323884805e+00
3.12000000e-01	2.050474521360e+00	1.000000000000e+00	1.050474521360e+00	1.050474521360e+00
3.13000000e-01	2.052631837285e+00	1.000000000000e+00	1.052631837285e+00	1.052631837285e+00
3.14000000e-01	2.054795862661e+00	1.000000000000e+00	1.054795862661e+00	1.054795862661e+00
3.15000000e-01	2.056966627752e+00	1.000000000000e+00	1.056966627752e+00	1.056966627752e+00
3.16000000e-01	2.059144163000e+00	1.000000000000e+00	1.059144163000e+00	1.059144163000e+00
3.17000000e-01	2.061328499034e+00	1.000000000000e+00	1.061328499034e+00	1.061328499034e+00
3.18000000e-01	2.063519666665e+00	1.000000000000e+00	1.063519666665e+00	1.063519666665e+00
3.19000000e-01	2.065717696894e+00	1.000000000000e+00	1.065717696894e+00	1.065717696894e+00
3.20000000e-01	2.067922620905e+00	1.000000000000e+00	1.067922620905e+00	1.067922620905e+00
3.21000000e-01	2.070134470074e+00	1.000000000000e+00	1.070134470074e+00	1.070134470074e+00
3.22000000e-01	2.072353275967e+00	1.000000000000e+00	1.072353275967e+00	1.072353275967e+00
3.23000000e-01	2.074579070341e+00	1.000000000000e+00	1.074579070341e+00	1.074579070341e+00
3.24000000e-01	2.076811885147e+00	1.000000000000e+00	1.076811885147e+00	1.076811885147e+00
3.25000000e-01	2.079051752531e+00	1.000000000000e+00	1.079051752531e+00	1.079051752531e+00
3.26000000e-01	2.081298704835e+00	1.000000000000e+00	1.081298704835e+00	1.081298704835e+00
3.27000000e-01	2.083552774599e+00	1.000000000000e+00	1.083552774599e+00	1.083552774599e+00
3.28000000e-01	2.085813994561e+00	1.000000000000e+00	1.085813994561e+00	1.085813994561e+00
3.29000000e-01	2.088082397663e+00	1.000000000000e+00	1.088082397663e+00	1.088082397663e+00
3.30000000e-01	2.090358017046e+00	1.000000000000e+00	1.090358017046e+00	1.090358017046e+00
3.31000000e-01	2.092640886057e+00	1.000000000000e+00	1.092640886057e+00	1.092640886057e+00
3.32000000e-01	2.094931038249e+00	1.000000000000e+00	1.094931038249e+00	1.094931038249e+00
3.33000000e-01	2.097228507379e+00	1.000000000000e+00	1.097228507379e+00	1.097228507379e+00
3.34000000e-01	2.099533327416e+00	1.000000000000e+00	1.099533327416e+00	1.099533327416e+00
3.35000000e-01	2.101845532538e+00	1.000000000000e+00	1.101845532538e+00	1.101845532538e+00
3.36000000e-01	2.104165157135e+00	1.000000000000e+00	1.104165157135e+00	1.104165157135e+00
3.37000000e-01	2.106492235811e+00	1.000000000000e+00	1.106492235811e+00	1.106492235811e+00
3.38000000e-01	2.108826803385e+00	1.000000000000e+00	1.108826803385e+00	1.108826803385e+00
3.39000000e-01	2.111168894892e+00	1.000000000000e+00	1.111168894892e+00	1.111168894892e+00
3.40000000e-01	2.113518545589e+00	1.000000000000e+00	1.113518545589e+00	1.113518545589e+00
3.41000000e-01	2.115875790948e+00	1.000000000000e+00	1.115875790948e+00	1.115875790948e+00
3.42000000e-01	2.118240666668e+00	1.000000000000e+00	1.118240666668e+00	1.118240666668e+00
3.43000000e-01	2.120613208670e+00	1.000000000000e+00	1.120613208670e+00	1.120613208670e+00
3.44000000e-01	2.122993453099e+00	1.000000000000e+00	1.122993453099e+00	1.122993453099e+00
3.45000000e-01	2.125381436330e+00	1.000000000000e+00	1.125381436330e+00	1.125381436330e+00
3.46000000e-01	2.127777194966e+00	1.000000000000e+00	1.127777194966e+00	1.127777194966e+00
3.47000000e-01	2.130180765840e+00	1.000000000000e+00	1.130180765840e+00	1.130180765840e+00
3.48000000e-01	2.132592186019e+00	1.000000000000e+00	1.132592186019e+00	1.132592186019e+00
3.49000000e-01	2.135011492804e+00	1.000000000000e+00	1.135011492804e+00	1.135011492804e+00
3.50000000e-01	2.137438723734e+00	1.000000000000e+00	1.137438723734e+00	1.137438723734e+00
3.51000000e-01	2.139873916584e+00	1.000000000000e+00	1.139873916584e+00	1.139873916584e+00
3.52000000e-01	2.142317109371e+00	1.000000000000e+00	1.142317109371e+00	1.142317109371e+00
3.53000000e-01	2.144768340353e+00	1.000000000000e+00	1.144768340353e+00	1.144768340353e+00
3.54000000e-01	2.147227648033e+00	1.000000000000e+00	1.147227648033e+00	1.147227648033e+00
3.55000000e-01	2.149695071159e+00	1.000000000000e+00	1.149695071159e+00	1.149695071159e+00
3.56000000e-01	2.152170648729e+00	1.000000000000e+00	1.152170648729e+00	1.152170648729e+00
3.57000000e-01	2.154654419989e+00	1.000000000000e+00	1.154654419989e+00	1.154654419989e+00
3.58000000e-01	2.157146424437e+00	1.000000000000e+00	1.157146424437e+00	1.157146424437e+00
3.59000000e-01	2.159646701826e+00	1.000000000000e+00	1.159646701826e+00	1.159646701826e+00
3.60000000e-01	2.162155292166e+00	1.000000000000e+00	1.162155292166e+00	1.162155292166e+00
3.61000000e-01	2.164672235722e+00	1.000000000000e+00	1.164672235722e+00	1.164672235722e+00
3.62000000e-01	2.167197573023e+00	1.000000000000e+00	1.167197573023e+00	1.167197573023e+00
3.63000000e-01	2.169731344858e+00	1.000000000000e+00	1.169731344858e+00	1.169731344858e+00
3.64000000e-01	2.172273592280e+00	1.000000000000e+00	1.172273592280e+00	1.172273592280e+00
3.65000000e-01	2.174824356611e+00	1.000000000000e+00	1.174824356611e+00	1.174824356611e+00
3.66000000e-01	2.177383679439e+00	1.000000000000e+00	1.177383679439e+00	1.177383679439e+00
3.67000000e-01	2.179951602626e+00	1.000000000000e+00	1.179951602626e+00	1.179951602626e+00
3.68000000e-01	2.182528168304e+00	1.000000000000e+00	1.182528168304e+00	1.182528168304e+00
3.69000000e-01	2.185113418882e+00	1.000000000000e+00	1.185113418882e+00	1.185113418882e+00
3.70000000e-01	2.187707397048e+00	1.000000000000e+00	1.187707397048e+00	1.187707397048e+00
3.71000000e-01	2.190310145767e+00	1.000000000000e+00	1.190310145767e+00	1.190310145767e+00
3.72000000e-01	2.192921708289e+00	1.000000000000e+00	1.192921708289e+00	1.192921708289e+00
3.73000000e-01	2.195542128147e+00	1.000000000000e+00	1.195542128147e+00	1.195542128147e+00
3.74000000e-01	2.198171449161e+00	1.000000000000e+00	1.198171449161e+00	1.198171449161e+00
3.75000000e-01	2.200809715440e+00	1.000000000000e+00	1.200809715440e+00	1.200809715440e+00
3.76000000e-01	2.203456971386e+00	1.000000000000e+00	1.203456971386e+00	1.203456971386e+00
3.77000000e-01	2.206113261695e+00	1.000000000000e+00	1.206113261695e+00	1.206113261695e+00
3.78000000e-01	2.208778631357e+00	1.000000000000e+00	1.208778631357e+00	1.208778631357e+00
3.79000000e-01	2.211453125664e+00	1.000000000000e+00	1.211453125664e+00	1.211453125664e+00
3.80000000e-01	2.214136790207e+00	1.000000000000e+00	1.214136790207e+00	1.214136790207e+00
3.81000000e-01	2.216829670884e+00	1.000000000000e+00	1.216829670884e+00	1.216829670884e+00
3.82000000e-01	2.219531813897e+00	1.000000000000e+00	1.219531813897e+00	1.219531813897e+00
3.83000000e-01	2.222243265758e+00	1.000000000000e+00	1.222243265758e+00	1.222243265758e+00
3.84000000e-01	2.224964073290e+00	1.000000000000e+00	1.224964073290e+00	1.224964073290e+00
3.85000000e-01	2.227694283632e+00	1.000000000000e+00	1.227694283632e+00	1.227694283632e+00
3.86000000e-01	2.230433944237e+00	1.000000000000e+00	1.230433944237e+00	1.230433944237e+00
3.87000000e-01	2.233183102881e+00	1.000000000000e+00	1.233183102881e+00	1.233183102881e+00
3.88000000e-01	2.235941807659e+00	1.000000000000e+00	1.235941807659e+00	1.235941807659e+00
3.89000000e-01	2.238710106995e+00	1.000000000000e+00	1.238710106995e+00	1.238710106995e+00
3.90000000e-01	2.241488049636e+00	1.000000000000e+00	1.241488049636e+00	1.241488049636e+00
3.91000000e-01	2.244275684664e+00	1.000000000000e+00	1.244275684664e+00	1.244275684664e+00
3.92000000e-01	2.247073061492e+00	1.000000000000e+00	1.247073061492e+00	1.247073061492e+00
3.93000000e-01	2.249880229868e+00	1.000000000000e+00	1.249880229868e+00	1.249880229868e+00
3.94000000e-01	2.252697239882e+00	1.000000000000e+00	1.252697239882e+00	1.252697239882e+00
3.95000000e-01	2.255524141965e+00	1.000000000000e+00	1.255524141965e+00	1.255524141965e+00
3.96000000e-01	2.258360986891e+00	1.000000000000e+00	1.258360986891e+00	1.258360986891e+00
3.97000000e-01	2.261207825785e+00	1.000000000000e+00	1.261207825785e+00	1.261207825785e+00
3.98000000e-01	2.264064710119e+00	1.000000000000e+00	1.264064710119e+00	1.264064710119e+00
3.99000000e-01	2.266931691723e+00	1.000000000000e+00	1.266931691723e+00	1.266931691723e+00
4.00000000e-01	2.269808822780e+00	1.000000000000e+00	1.269808822780e+00	1.269808822780e+00
4.01000000e-01	2.272696155837e+00	1.000000000000e+00	1.272696155837e+00	1.272696155837e+00
4.02000000e-01	2.275593743799e+00	1.000000000000e+00	1.275593743799e+00	1.275593743799e+00
4.03000000e-01	2.278501639942e+00	1.000000000000e+00	1.278501639942e+00	1.278501639942e+00
4.04000000e-01	2.281419897909e+00	1.000000000000e+00	1.281419897909e+00	1.281419897909e+00
4.05000000e-01	2.284348571715e+00	1.000000000000e+00	1.284348571715e+00	1.284348571715e+00
4.06000000e-01	2.287287715753e+00	1.000000000000e+00	1.287287715753e+00	1.287287715753e+00
4.07000000e-01	2.290237384793e+00	1.000000000000e+00	1.290237384793e+00	1.290237384793e+00
4.08000000e-01	2.293197633989e+00	1.000000000000e+00	1.293197633989e+00	1.293197633989e+00
4.09000000e-01	2.296168518880e+00	1.000000000000e+00	1.296168518880e+00	1.296168518880e+00
4.10000000e-01	2.299150095394e+00	1.000000000000e+00	1.299150095394e+00	1.299150095394e+00
4.11000000e-01	2.302142419851e+00	1.000000000000e+00	1.302142419851e+00	1.302142419851e+00
4.12000000e-01	2.305145548968e+00	1.000000000000e+00	1.305145548968e+00	1.305145548968e+00
4.13000000e-01	2.308159539862e+00	1.000000000000e+00	1.308159539862e+00	1.308159539862e+00
4.14000000e-01	2.311184450052e+00	1.000000000000e+00	1.311184450052e+00	1.311184450052e+00
4.15000000e-01	2.314220337463e+00	1.000000000000e+00	1.314220337463e+00	1.314220337463e+00
4.16000000e-01	2.317267260432e+00	1.000000000000e+00	1.317267260432e+00	1.317267260432e+00
4.17000000e-01	2.320325277708e+00	1.000000000000e+00	1.320325277708e+00	1.320325277708e+00
4.18000000e-01	2.323394448458e+00	1.000000000000e+00	1.323394448458e+00	1.323394448458e+00
4.19000000e-01	2.326474832270e+00	1.000000000000e+00	1.326474832270e+00	1.326474832270e+00
4.20000000e-01	2.329566489159e+00	1.000000000000e+00	1.329566489159e+00	1.329566489159e+00
4.21000000e-01	2.332669479566e+00	1.000000000000e+00	1.332669479566e+00	1.332669479566e+00
4.22000000e-01	2.335783864366e+00	1.000000000000e+00	1.335783864366e+00	1.335783864366e+00
4.23000000e-01	2.338909704870e+00	1.000000000000e+00	1.338909704870e+00	1.338909704870e+00
4.24000000e-01	2.342047062829e+00	1.000000000000e+00	1.342047062829e+00	1.342047062829e+00
4.25000000e-01	2.345196000439e+00	1.000000000000e+00	1.345196000439e+00	1.345196000439e+00
4.26000000e-01	2.348356580345e+00	1.000000000000e+00	1.348356580345e+00	1.348356580345e+00
4.27000000e-01	2.351528865644e+00	1.000000000000e+00	1.351528865644e+00	1.351528865644e+00
4.28000000e-01	2.354712919887e+00	1.000000000000e+00	1.354712919887e+00	1.354712919887e+00
4.29000000e-01	2.357908807089e+00	1.000000000000e+00	1.357908807089e+00	1.357908807089e+00
4.30000000e-01	2.361116591728e+00	1.000000000000e+00	1.361116591728e+00	1.361116591728e+00
4.31000000e-01	2.364336338753e+00	1.000000000000e+00	1.364336338753e+00	1.364336338753e+00
4.32000000e-01	2.367568113583e+00	1.000000000000e+00	1.367568113583e+00	1.367568113583e+00
4.33000000e-01	2.370811982117e+00	1.000000000000e+00	1.370811982117e+00	1.370811982117e+00
4.34000000e-01	2.374068010735e+00	1.000000000000e+00	1.374068010735e+00	1.374068010735e+00
4.35000000e-01	2.377336266305e+00	1.000000000000e+00	1.377336266305e+00	1.377336266305e+00
4.36000000e-01	2.380616816184e+00	1.000000000000e+00	1.380616816184e+00	1.380616816184e+00
4.37000000e-01	2.383909728224e+00	1.000000000000e+00	1.383909728224e+00	1.383909728224e+00
4.38000000e-01	2.387215070780e+00	1.000000000000e+00	1.387215070780e+00	1.387215070780e+00
4.39000000e-01	2.390532912708e+00	1.000000000000e+00	1.390532912708e+00	1.390532912708e+00
4.40000000e-01	2.393863323375e+00	1.000000000000e+00	1.393863323375e+00	1.393863323375e+00
4.41000000e-01	2.397206372663e+00	1.000000000000e+00	1.397206372663e+00	1.397206372663e+00
4.42000000e-01	2.400562130970e+00	1.000000000000e+00	1.400562130970e+00	1.400562130970e+00
4.43000000e-01	2.403930669219e+00	1.000000000000e+00	1.403930669219e+00	1.403930669219e+00
4.44000000e-01	2.407312058862e+00	1.000000000000e+00	1.407312058862e+00	1.407312058862e+00
4.45000000e-01	2.410706371883e+00	1.000000000000e+00	1.410706371883e+00	1.410706371883e+00
4.46000000e-01	2.414113680806e+00	1.000000000000e+00	1.414113680806e+00	1.414113680806e+00
4.47000000e-01	2.417534058696e+00	1.000000000000e+00	1.417534058696e+00	1.417534058696e+00
4.48000000e-01	2.420967579168e+00	1.000000000000e+00	1.420967579168e+00	1.420967579168e+00
4.49000000e-01	2.424414316392e+00	1.000000000000e+00	1.424414316392e+00	1.424414316392e+00
4.50000000e-01	2.427874345093e+00	1.000000000000e+00	1.427874345093e+00	1.427874345093e+00
4.51000000e-01	2.431347740564e+00	1.000000000000e+00	1.431347740564e+00	1.431347740564e+00
4.52000000e-01	2.434834578666e+00	1.000000000000e+00	1.434834578666e+00	1.434834578666e+00
4.53000000e-01	2.438334935833e+00	1.000000000000e+00	1.438334935833e+00	1.438334935833e+00
4.54000000e-01	2.441848889082e+00	1.000000000000e+00	1.441848889082e+00	1.441848889082e+00
4.55000000e-01	2.445376516014e+00	1.000000000000e+00	1.445376516014e+00	1.445376516014e+00
4.56000000e-01	2.448917894823e+00	1.000000000000e+00	1.448917894823e+00	1.448917894823e+00
4.57000000e-01	2.452473104299e+00	1.000000000000e+00	1.452473104299e+00	1.452473104299e+00
4.58000000e-01	2.456042223835e+00	1.000000000000e+00	1.456042223835e+00	1.456042223835e+00
4.59000000e-01	2.459625333431e+00	1.000000000000e+00	1.459625333431e+00	1.459625333431e+00
4.60000000e-01	2.463222513704e+00	1.000000000000e+00	1.463222513704e+00	1.463222513704e+00
4.61000000e-01	2.466833845891e+00	1.000000000000e+00	1.466833845891e+00	1.466833845891e+00
4.62000000e-01	2.470459411852e+00	1.000000000000e+00	1.470459411852e+00	1.470459411852e+00
4.63000000e-01	2.474099294082e+00	1.000000000000e+00	1.474099294082e+00	1.474099294082e+00
4.64000000e-01	2.477753575715e+00	1.000000000000e+00	1.477753575715e+00	1.477753575715e+00
4.65000000e-01	2.481422340529e+00	1.000000000000e+00	1.481422340529e+00	1.481422340529e+00
4.66000000e-01	2.485105672950e+00	1.000000000000e+00	1.485105672950e+00	1.485105672950e+00
4.67000000e-01	2.488803658066e+00	1.000000000000e+00	1.488803658066e+00	1.488803658066e+00
4.68000000e-01	2.492516381625e+00	1.000000000000e+00	1.492516381625e+00	1.492516381625e+00
4.69000000e-01	2.496243930047e+00	1.000000000000e+00	1.496243930047e+00	1.496243930047e+00
4.70000000e-01	2.499986390427e+00	1.000000000000e+00	1.499986390427e+00	1.499986390427e+00
4.71000000e-01	2.503743850545e+00	1.000000000000e+00	1.503743850545e+00	1.503743850545e+00
4.72000000e-01	2.507516398870e+00	1.000000000000e+00	1.507516398870e+00	1.507516398870e+00
4.73000000e-01	2.511304124567e+00	1.000000000000e+00	1.511304124567e+00	1.511304124567e+00
4.74000000e-01	2.515107117507e+00	1.000000000000e+00	1.515107117507e+00	1.515107117507e+00
4.75000000e-01	2.518925468270e+00	1.000000000000e+00	1.518925468270e+00	1.518925468270e+00
4.76000000e-01	2.522759268153e+00	1.000000000000e+00	1.522759268153e+00	1.522759268153e+00
4.77000000e-01	2.526608609180e+00	1.000000000000e+00	1.526608609180e+00	1.526608609180e+00
4.78000000e-01	2.530473584104e+00	1.000000000000e+00	1.530473584104e+00	1.530473584104e+00
4.79000000e-01	2.534354286420e+00	1.000000000000e+00	1.534354286420e+00	1.534354286420e+00
4.80000000e-01	2.538250810368e+00	1.000000000000e+00	1.538250810368e+00	1.538250810368e+00
4.81000000e-01	2.542163250943e+00	1.000000000000e+00	1.542163250943e+00	1.542163250943e+00
4.82000000e-01	2.546091703901e+00	1.000000000000e+00	1.546091703901e+00	1.546091703901e+00
4.83000000e-01	2.550036265769e+00	1.000000000000e+00	1.550036265769e+00	1.550036265769e+00
4.84000000e-01	2.553997033848e+00	1.000000000000e+00	1.553997033848e+00	1.553997033848e+00
4.85000000e-01	2.557974106226e+00	1.000000000000e+00	1.557974106226e+00	1.557974106226e+00
4.86000000e-01	2.561967581785e+00	1.000000000000e+00	1.561967581785e+00	1.561967581785e+00
4.87000000e-01	2.565977560204e+00	1.000000000000e+00	1.565977560204e+00	1.565977560204e+00
4.88000000e-01	2.570004141976e+00	1.000000000000e+00	1.570004141976e+00	1.570004141976e+00
4.89000000e-01	2.574047428406e+00	1.000000000000e+00	1.574047428406e+00	1.574047428406e+00
4.90000000e-01	2.578107521629e+00	1.000000000000e+00	1.578107521629e+00	1.578107521629e+00
4.91000000e-01	2.582184524611e+00	1.000000000000e+00	1.582184524611e+00	1.582184524611e+00
4.92000000e-01	2.586278541162e+00	1.000000000000e+00	1.586278541162e+00	1.586278541162e+00
4.93000000e-01	2.590389675943e+00	1.000000000000e+00	1.590389675943e+00	1.590389675943e+00
4.94000000e-01	2.594518034475e+00	1.000000000000e+00	1.594518034475e+00	1.594518034475e+00
4.95000000e-01	2.598663723146e+00	1.000000000000e+00	1.598663723146e+00	1.598663723146e+00
4.96000000e-01	2.602826849223e+00	1.000000000000e+00	1.602826849223e+00	1.602826849223e+00
4.97000000e-01	2.607007520861e+00	1.000000000000e+00	1.607007520861e+00	1.607007520861e+00
4.98000000e-01	2.611205847109e+00	1.000000000000e+00	1.611205847109e+00	1.611205847109e+00
4.99000000e-01	2.615421937923e+00	1.000000000000e+00	1.615421937923e+00	1.615421937923e+00
5.00000000e-01	2.619655904170e+00	1.000000000000e+00	1.619655904170e+00	1.619655904170e+00
5.01000000e-01	2.623907857646e+00	1.000000000000e+00	1.623907857646e+00	1.623907857646e+00
5.02000000e-01	2.628177911078e+00	1.000000000000e+00	1.628177911078e+00	1.628177911078e+00
5.03000000e-01	2.632466178137e+00	1.000000000000e+00	1.632466178137e+00	1.632466178137e+00
5.04000000e-01	2.636772773448e+00	1.000000000000e+00	1.636772773448e+00	1.636772773448e+00
5.05000000e-01	2.641097812599e+00	1.000000000000e+00	1.641097812599e+00	1.641097812599e+00
5.06000000e-01	2.645441412152e+00	1.000000000000e+00	1.645441412152e+00	1.645441412152e+00
5.07000000e-01	2.649803689652e+00	1.000000000000e+00	1.649803689652e+00	1.649803689652e+00
5.08000000e-01	2.654184763640e+00	1.000000000000e+00	1.654184763640e+00	1.654184763640e+00
5.09000000e-01	2.658584753661e+00	1.000000000000e+00	1.658584753661e+00	1.658584753661e+00
5.10000000e-01	2.663003780275e+00	1.000000000000e+00	1.663003780275e+00	1.663003780275e+00
5.11000000e-01	2.667441965069e+00	1.000000000000e+00	1.667441965069e+00	1.667441965069e+00
5.12000000e-01	2.671899430667e+00	1.000000000000e+00	1.671899430667e+00	1.671899430667e+00
5.13000000e-01	2.676376300743e+00	1.000000000000e+00	1.676376300743e+00	1.676376300743e+00
5.14000000e-01	2.680872700027e+00	1.000000000000e+00	1.680872700027e+00	1.680872700027e+00
5.15000000e-01	2.685388754324e+00	1.000000000000e+00	1.685388754324e+00	1.685388754324e+00
5.16000000e-01	2.689924590519e+00	1.000000000000e+00	1.689924590519e+00	1.689924590519e+00
5.17000000e-01	2.694480336592e+00	1.000000000000e+00	1.694480336592e+00	1.694480336592e+00
5.18000000e-01	2.699056121629e+00	1.000000000000e+00	1.699056121629e+00	1.699056121629e+00
5.19000000e-01	2.703652075833e+00	1.000000000000e+00	1.703652075833e+00	1.703652075833e+00
5.20000000e-01	2.708268330539e+00	1.000000000000e+00	1.708268330539e+00	1.708268330539e+00
5.21000000e-01	2.712905018223e+00	1.000000000000e+00	1.712905018223e+00	1.712905018223e+00
5.22000000e-01	2.717562272516e+00	1.000000000000e+00	1.717562272516e+00	1.717562272516e+00
5.23000000e-01	2.722240228216e+00	1.000000000000e+00	1.722240228216e+00	1.722240228216e+00
5.24000000e-01	2.726939021304e+00	1.000000000000e+00	1.726939021304e+00	1.726939021304e+00
5.25000000e-01	2.731658788950e+00	1.000000000000e+00	1.731658788950e+00	1.731658788950e+00
5.26000000e-01	2.736399669533e+00	1.000000000000e+00	1.736399669533e+00	1.736399669533e+00
5.27000000e-01	2.741161802651e+00	1.000000000000e+00	1.741161802651e+00	1.741161802651e+00
5.28000000e-01	2.745945329135e+00	1.000000000000e+00	1.745945329135e+00	1.745945329135e+00
5.29000000e-01	2.750750391062e+00	1.000000000000e+00	1.750750391062e+00	1.750750391062e+00
5.30000000e-01	2.755577131771e+00	1.000000000000e+00	1.755577131771e+00	1.755577131771e+00
5.31000000e-01	2.760425695875e+00	1.000000000000e+00	1.760425695875e+00	1.760425695875e+00
5.32000000e-01	2.765296229274e+00	1.000000000000e+00	1.765296229274e+00	1.765296229274e+00
5.33000000e-01	2.770188879174e+00	1.000000000000e+00	1.770188879174e+00	1.770188879174e+00
5.34000000e-01	2.775103794097e+00	1.000000000000e+00	1.775103794097e+00	1.775103794097e+00
5.35000000e-01	2.780041123897e+00	1.000000000000e+00	1.780041123897e+00	1.780041123897e+00
5.36000000e-01	2.785001019777e+00	1.000000000000e+00	1.785001019777e+00	1.785001019777e+00
5.37000000e-01	2.789983634302e+00	1.000000000000e+00	1.789983634302e+00	1.789983634302e+00
5.38000000e-01	2.794989121413e+00	1.000000000000e+00	1.794989121413e+00	1.794989121413e+00
5.39000000e-01	2.800017636449e+00	1.000000000000e+00	1.800017636449e+00	1.800017636449e+00
5.40000000e-01	2.805069336155e+00	1.000000000000e+00	1.805069336155e+00	1.805069336155e+00
5.41000000e-01	2.810144378701e+00	1.000000000000e+00	1.810144378701e+00	1.810144378701e+00
5.42000000e-01	2.815242923702e+00	1.000000000000e+00	1.815242923702e+00	1.815242923702e+00
5.43000000e-01	2.820365132228e+00	1.000000000000e+00	1.820365132228e+00	1.820365132228e+00
5.44000000e-01	2.825511166825e+00	1.000000000000e+00	1.825511166825e+00	1.825511166825e+00
5.45000000e-01	2.830681191531e+00	1.000000000000e+00	1.830681191531e+00	1.830681191531e+00
5.46000000e-01	2.835875371893e+00	1.000000000000e+00	1.835875371893e+00	1.835875371893e+00
5.47000000e-01	2.841093874984e+00	1.000000000000e+00	1.841093874984e+00	1.841093874984e+00
5.48000000e-01	2.846336869421e+00	1.000000000000e+00	1.846336869421e+00	1.846336869421e+00
5.49000000e-01	2.851604525382e+00	1.000000000000e+00	1.851604525382e+00	1.851604525382e+00
5.50000000e-01	2.856897014627e+00	1.000000000000e+00	1.856897014627e+00	1.856897014627e+00
5.51000000e-01	2.862214510511e+00	1.000000000000e+00	1.862214510511e+00	1.862214510511e+00
5.52000000e-01	2.867557188010e+00	1.000000000000e+00	1.867557188010e+00	1.867557188010e+00
5.53000000e-01	2.872925223733e+00	1.000000000000e+00	1.872925223733e+00	1.872925223733e+00
5.54000000e-01	2.878318795944e+00	1.000000000000e+00	1.878318795944e+00	1.878318795944e+00
5.55000000e-01	2.883738084584e+00	1.000000000000e+00	1.883738084584e+00	1.883738084584e+00
5.56000000e-01	2.889183271285e+00	1.000000000000e+00	1.889183271285e+00	1.889183271285e+00
5.57000000e-01	2.894654539395e+00	1.000000000000e+00	1.894654539395e+00	1.894654539395e+00
5.58000000e-01	2.900152073996e+00	1.000000000000e+00	1.900152073996e+00	1.900152073996e+00
5.59000000e-01	2.905676061925e+00	1.000000000000e+00	1.905676061925e+00	1.905676061925e+00
5.60000000e-01	2.911226691795e+00	1.000000000000e+00	1.911226691795e+00	1.911226691795e+00
5.61000000e-01	2.916804154015e+00	1.000000000000e+00	1.916804154015e+00	1.916804154015e+00
5.62000000e-01	2.922408640814e+00	1.000000000000e+00	1.922408640814e+00	1.922408640814e+00
5.63000000e-01	2.928040346260e+00	1.000000000000e+00	1.928040346260e+00	1.928040346260e+00
5.64000000e-01	2.933699466283e+00	1.000000000000e+00	1.933699466283e+00	1.933699466283e+00
5.65000000e-01	2.939386198699e+00	1.000000000000e+00	1.939386198699e+00	1.939386198699e+00
5.66000000e-01	2.945100743230e+00	1.000000000000e+00	1.945100743230e+00	1.945100743230e+00
5.67000000e-01	2.950843301530e+00	1.000000000000e+00	1.950843301530e+00	1.950843301530e+00
5.68000000e-01	2.956614077204e+00	1.000000000000e+00	1.956614077204e+00	1.956614077204e+00
5.69000000e-01	2.962413275839e+00	1.000000000000e+00	1.962413275839e+00	1.962413275839e+00
5.70000000e-01	2.968241105018e+00	1.000000000000e+00	1.968241105018e+00	1.968241105018e+00
5.71000000e-01	2.974097774354e+00	1.000000000000e+00	1.974097774354e+00	1.974097774354e+00
5.72000000e-01	2.979983495510e+00	1.000000000000e+00	1.979983495510e+00	1.979983495510e+00
5.73000000e-01	2.985898482225e+00	1.000000000000e+00	1.985898482225e+00	1.985898482225e+00
5.74000000e-01	2.991842950338e+00	1.000000000000e+00	1.991842950338e+00	1.991842950338e+00
5.75000000e-01	2.997817117816e+00	1.000000000000e+00	1.997817117816e+00	1.997817117816e+00
5.76000000e-01	3.003821204781e+00	1.000000000000e+00	2.003821204781e+00	2.003821204781e+00
5.77000000e-01	3.009855433534e+00	1.000000000000e+00	2.009855433534e+00	2.009855433534e+00
5.78000000e-01	3.015920028582e+00	1.000000000000e+00	2.015920028582e+00	2.015920028582e+00
5.79000000e-01	3.022015216670e+00	1.000000000000e+00	2.022015216670e+00	2.022015216670e+00
5.80000000e-01	3.028141226804e+00	1.000000000000e+00	2.028141226804e+00	2.028141226804e+00
5.81000000e-01	3.034298290279e+00	1.000000000000e+00	2.034298290279e+00	2.034298290279e+00
5.82000000e-01	3.040486640714e+00	1.000000000000e+00	2.040486640714e+00	2.040486640714e+00
5.83000000e-01	3.046706514072e+00	1.000000000000e+00	2.046706514072e+00	2.046706514072e+00
5.84000000e-01	3.052958148699e+00	1.000000000000e+00	2.052958148699e+00	2.052958148699e+00
5.85000000e-01	3.059241785345e+00	1.000000000000e+00	2.059241785345e+00	2.059241785345e+00
5.86000000e-01	3.065557667204e+00	1.000000000000e+00	2.065557667204e+00	2.065557667204e+00
5.87000000e-01	3.071906039935e+00	1.000000000000e+00	2.071906039935e+00	2.071906039935e+00
5.88000000e-01	3.078287151701e+00	1.000000000000e+00	2.078287151701e+00	2.078287151701e+00
5.89000000e-01	3.084701253199e+00	1.000000000000e+00	2.084701253199e+00	2.084701253199e+00
5.90000000e-01	3.091148597689e+00	1.000000000000e+00	2.091148597689e+00	2.091148597689e+00
5.91000000e-01	3.097629441033e+00	1.000000000000e+00	2.097629441033e+00	2.097629441033e+00
5.92000000e-01	3.104144041721e+00	1.000000000000e+00	2.104144041721e+00	2.104144041721e+00
5.93000000e-01	3.110692660913e+00	1.000000000000e+00	2.110692660913e+00	2.110692660913e+00
5.94000000e-01	3.117275562467e+00	1.000000000000e+00	2.117275562467e+00	2.117275562467e+00
5.95000000e-01	3.123893012977e+00	1.000000000000e+00	2.123893012977e+00	2.123893012977e+00
5.96000000e-01	3.130545281808e+00	1.000000000000e+00	2.130545281808e+00	2.130545281808e+00
5.97000000e-01	3.137232641132e+00	1.000000000000e+00	2.137232641132e+00	2.137232641132e+00
5.98000000e-01	3.143955365964e+00	1.000000000000e+00	2.143955365964e+00	2.143955365964e+00
5.99000000e-01	3.150713734202e+00	1.000000000000e+00	2.150713734202e+00	2.150713734202e+00
6.00000000e-01	3.157508026661e+00	1.000000000000e+00	2.157508026661e+00	2.157508026661e+00
6.01000000e-01	3.164338527114e+00	1.000000000000e+00	2.164338527114e+00	2.164338527114e+00
6.02000000e-01	3.171205522328e+00	1.000000000000e+00	2.171205522328e+00	2.171205522328e+00
6.03000000e-01	3.178109302110e+00	1.000000000000e+00	2.178109302110e+00	2.178109302110e+00
6.04000000e-01	3.185050159340e+00	1.000000000000e+00	2.185050159340e+00	2.185050159340e+00
6.05000000e-01	3.192028390016e+00	1.000000000000e+00	2.192028390016e+00	2.192028390016e+00
6.06000000e-01	3.199044293295e+00	1.000000000000e+00	2.199044293295e+00	2.199044293295e+00
6.07000000e-01	3.206098171534e+00	1.000000000000e+00	2.206098171534e+00	2.206098171534e+00
6.08000000e-01	3.213190330335e+00	1.000000000000e+00	2.213190330335e+00	2.213190330335e+00
6.09000000e-01	3.220321078587e+00	1.000000000000e+00	2.220321078587e+00	2.220321078587e+00
6.10000000e-01	3.227490728510e+00	1.000000000000e+00	2.227490728510e+00	2.227490728510e+00
6.11000000e-01	3.234699595701e+00	1.000000000000e+00	2.234699595701e+00	2.234699595701e+00
6.12000000e-01	3.241947999182e+00	1.000000000000e+00	2.241947999182e+00	2.241947999182e+00
6.13000000e-01	3.249236261441e+00	1.000000000000e+00	2.249236261441e+00	2.249236261441e+00
6.14000000e-01	3.256564708484e+00	1.000000000000e+00	2.256564708484e+00	2.256564708484e+00
6.15000000e-01	3.263933669881e+00	1.000000000000e+00	2.263933669881e+00	2.263933669881e+00
6.16000000e-01	3.271343478815e+00	1.000000000000e+00	2.271343478815e+00	2.271343478815e+00
6.17000000e-01	3.278794472134e+00	1.000000000000e+00	2.278794472134e+00	2.278794472134e+00
6.18000000e-01	3.286286990396e+00	1.000000000000e+00	2.286286990396e+00	2.286286990396e+00
6.19000000e-01	3.293821377927e+00	1.000000000000e+00	2.293821377927e+00	2.293821377927e+00
6.20000000e-01	3.301397982868e+00	1.000000000000e+00	2.301397982868e+00	2.301397982868e+00
6.21000000e-01	3.309017157231e+00	1.000000000000e+00	2.309017157231e+00	2.309017157231e+00
6.22000000e-01	3.316679256952e+00	1.000000000000e+00	2.316679256952e+00	2.316679256952e+00
6.23000000e-01	3.324384641945e+00	1.000000000000e+00	2.324384641945e+00	2.324384641945e+00
6.24000000e-01	3.332133676158e+00	1.000000000000e+00	2.332133676158e+00	2.332133676158e+00
6.25000000e-01	3.339926727631e+00	1.000000000000e+00	2.339926727631e+00	2.339926727631e+00
6.26000000e-01	3.347764168555e+00	1.000000000000e+00	2.347764168555e+00	2.347764168555e+00
6.27000000e-01	3.355646375323e+00	1.000000000000e+00	2.355646375323e+00	2.355646375323e+00
6.28000000e-01	3.363573728601e+00	1.000000000000e+00	2.363573728601e+00	2.363573728601e+00
6.29000000e-01	3.371546613379e+00	1.000000000000e+00	2.371546613379e+00	2.371546613379e+00
6.30000000e-01	3.379565419038e+00	1.000000000000e+00	2.379565419038e+00	2.379565419038e+00
6.31000000e-01	3.387630539410e+00	1.000000000000e+00	2.387630539410e+00	2.387630539410e+00
6.32000000e-01	3.395742372845e+00	1.000000000000e+00	2.395742372845e+00	2.395742372845e+00
6.33000000e-01	3.403901322270e+00	1.000000000000e+00	2.403901322270e+00	2.403901322270e+00
6.34000000e-01	3.412107795263e+00	1.000000000000e+00	2.412107795263e+00	2.412107795263e+00
6.35000000e-01	3.420362204115e+00	1.000000000000e+00	2.420362204115e+00	2.420362204115e+00
6.36000000e-01	3.428664965898e+00	1.000000000000e+00	2.428664965898e+00	2.428664965898e+00
6.37000000e-01	3.437016502537e+00	1.000000000000e+00	2.437016502537e+00	2.437016502537e+00
6.38000000e-01	3.445417240881e+00	1.000000000000e+00	2.445417240881e+00	2.445417240881e+00
6.39000000e-01	3.453867612770e+00	1.000000000000e+00	2.453867612770e+00	2.453867612770e+00
6.40000000e-01	3.462368055117e+00	1.000000000000e+00	2.462368055117e+00	2.462368055117e+00
6.41000000e-01	3.470919009974e+00	1.000000000000e+00	2.470919009974e+00	2.470919009974e+00
6.42000000e-01	3.479520924613e+00	1.000000000000e+00	2.479520924613e+00	2.479520924613e+00
6.43000000e-01	3.488174251601e+00	1.000000000000e+00	2.488174251601e+00	2.488174251601e+00
6.44000000e-01	3.496879448880e+00	1.000000000000e+00	2.496879448880e+00	2.496879448880e+00
6.45000000e-01	3.505636979846e+00	1.000000000000e+00	2.505636979846e+00	2.505636979846e+00
6.46000000e-01	3.514447313430e+00	1.000000000000e+00	2.514447313430e+00	2.514447313430e+00
6.47000000e-01	3.523310924185e+00	1.000000000000e+00	2.523310924185e+00	2.523310924185e+00
6.48000000e-01	3.532228292363e+00	1.000000000000e+00	2.532228292363e+00	2.532228292363e+00
6.49000000e-01	3.541199904007e+00	1.000000000000e+00	2.541199904007e+00	2.541199904007e+00
6.50000000e-01	3.550226251036e+00	1.000000000000e+00	2.550226251036e+00	2.550226251036e+00
6.51000000e-01	3.559307831337e+00	1.000000000000e+00	2.559307831337e+00	2.559307831337e+00
6.52000000e-01	3.568445148849e+00	1.000000000000e+00	2.568445148849e+00	2.568445148849e+00
6.53000000e-01	3.577638713664e+00	1.000000000000e+00	2.577638713664e+00	2.577638713664e+00
6.54000000e-01	3.586889042114e+00	1.000000000000e+00	2.586889042114e+00	2.586889042114e+00
6.55000000e-01	3.596196656870e+00	1.000000000000e+00	2.596196656870e+00	2.596196656870e+00
6.56000000e-01	3.605562087042e+00	1.000000000000e+00	2.605562087042e+00	2.605562087042e+00
6.57000000e-01	3.614985868270e+00	1.000000000000e+00	2.614985868270e+00	2.614985868270e+00
6.58000000e-01	3.624468542837e+00	1.000000000000e+00	2.624468542837e+00	2.624468542837e+00
6.59000000e-01	3.634010659761e+00	1.000000000000e+00	2.634010659761e+00	2.634010659761e+00
6.60000000e-01	3.643612774908e+00	1.000000000000e+00	2.643612774908e+00	2.643612774908e+00
6.61000000e-01	3.653275451093e+00	1.000000000000e+00	2.653275451093e+00	2.653275451093e+00
6.62000000e-01	3.662999258196e+00	1.000000000000e+00	2.662999258196e+00	2.662999258196e+00
6.63000000e-01	3.672784773264e+00	1.000000000000e+00	2.672784773264e+00	2.672784773264e+00
6.64000000e-01	3.682632580635e+00	1.000000000000e+00	2.682632580635e+00	2.682632580635e+00
6.65000000e-01	3.692543272041e+00	1.000000000000e+00	2.692543272041e+00	2.692543272041e+00
6.66000000e-01	3.702517446738e+00	1.000000000000e+00	2.702517446738e+00	2.702517446738e+00
6.67000000e-01	3.712555711617e+00	1.000000000000e+00	2.712555711617e+00	2.712555711617e+00
6.68000000e-01	3.722658681328e+00	1.000000000000e+00	2.722658681328e+00	2.722658681328e+00
6.69000000e-01	3.732826978408e+00	1.000000000000e+00	2.732826978408e+00	2.732826978408e+00
6.70000000e-01	3.743061233403e+00	1.000000000000e+00	2.743061233403e+00	2.743061233403e+00
6.71000000e-01	3.753362085001e+00	1.000000000000e+00	2.753362085001e+00	2.753362085001e+00
6.72000000e-01	3.763730180161e+00	1.000000000000e+00	2.763730180161e+00	2.763730180161e+00
6.73000000e-01	3.774166174249e+00	1.000000000000e+00	2.774166174249e+00	2.774166174249e+00
6.74000000e-01	3.784670731175e+00	1.000000000000e+00	2.784670731175e+00	2.784670731175e+00
6.75000000e-01	3.795244523532e+00	1.000000000000e+00	2.795244523532e+00	2.795244523532e+00
6.76000000e-01	3.805888232740e+00	1.000000000000e+00	2.805888232740e+00	2.805888232740e+00
6.77000000e-01	3.816602549187e+00	1.000000000000e+00	2.816602549187e+00	2.816602549187e+00
6.78000000e-01	3.827388172383e+00	1.000000000000e+00	2.827388172383e+00	2.827388172383e+00
6.79000000e-01	3.838245811106e+00	1.000000000000e+00	2.838245811106e+00	2.838245811106e+00
6.80000000e-01	3.849176183561e+00	1.000000000000e+00	2.849176183561e+00	2.849176183561e+00
6.81000000e-01	3.860180017531e+00	1.000000000000e+00	2.860180017531e+00	2.860180017531e+00
6.82000000e-01	3.871258050543e+00	1.000000000000e+00	2.871258050543e+00	2.871258050543e+00
6.83000000e-01	3.882411030029e+00	1.000000000000e+00	2.882411030029e+00	2.882411030029e+00
6.84000000e-01	3.893639713492e+00	1.000000000000e+00	2.893639713492e+00	2.893639713492e+00
6.85000000e-01	3.904944868679e+00	1.000000000000e+00	2.904944868679e+00	2.904944868679e+00
6.86000000e-01	3.916327273751e+00	1.000000000000e+00	2.916327273751e+00	2.916327273751e+00
6.87000000e-01	3.927787717463e+00	1.000000000000e+00	2.927787717463e+00	2.927787717463e+00
6.88000000e-01	3.939326999346e+00	1.000000000000e+00	2.939326999346e+00	2.939326999346e+00
6.89000000e-01	3.950945929888e+00	1.000000000000e+00	2.950945929888e+00	2.950945929888e+00
6.90000000e-01	3.962645330724e+00	1.000000000000e+00	2.962645330724e+00	2.962645330724e+00
6.91000000e-01	3.974426034829e+00	1.000000000000e+00	2.974426034829e+00	2.974426034829e+00
6.92000000e-01	3.986288886713e+00	1.000000000000e+00	2.986288886713e+00	2.986288886713e+00
6.93000000e-01	3.998234742624e+00	1.000000000000e+00	2.998234742624e+00	2.998234742624e+00
6.94000000e-01	4.010264470749e+00	1.000000000000e+00	3.010264470749e+00	3.010264470749e+00
6.95000000e-01	4.022378951425e+00	1.000000000000e+00	3.022378951425e+00	3.022378951425e+00
6.96000000e-01	4.034579077352e+00	1.000000000000e+00	3.034579077352e+00	3.034579077352e+00
6.97000000e-01	4.046865753812e+00	1.000000000000e+00	3.046865753812e+00	3.046865753812e+00
6.98000000e-01	4.059239898888e+00	1.000000000000e+00	3.059239898888e+00	3.059239898888e+00
6.99000000e-01	4.071702443694e+00	1.000000000000e+00	3.071702443694e+00	3.071702443694e+00
7.00000000e-01	4.084254332606e+00	1.000000000000e+00	3.084254332606e+00	3.084254332606e+00
7.01000000e-01	4.096896523501e+00	1.000000000000e+00	3.096896523501e+00	3.096896523501e+00
7.02000000e-01	4.109629987995e+00	1.000000000000e+00	3.109629987995e+00	3.109629987995e+00
7.03000000e-01	4.122455711693e+00	1.000000000000e+00	3.122455711693e+00	3.122455711693e+00
7.04000000e-01	4.135374694443e+00	1.000000000000e+00	3.135374694443e+00	3.135374694443e+00
7.05000000e-01	4.148387950589e+00	1.000000000000e+00	3.148387950589e+00	3.148387950589e+00
7.06000000e-01	4.161496509243e+00	1.000000000000e+00	3.161496509243e+00	3.161496509243e+00
7.07000000e-01	4.174701414544e+00	1.000000000000e+00	3.174701414544e+00	3.174701414544e+00
7.08000000e-01	4.188003725944e+00	1.000000000000e+00	3.188003725944e+00	3.188003725944e+00
7.09000000e-01	4.201404518483e+00	1.000000000000e+00	3.201404518483e+00	3.201404518483e+00
7.10000000e-01	4.214904883078e+00	1.000000000000e+00	3.214904883078e+00	3.214904883078e+00
7.11000000e-01	4.228505926818e+00	1.000000000000e+00	3.228505926818e+00	3.228505926818e+00
7.12000000e-01	4.242208773267e+00	1.000000000000e+00	3.242208773267e+00	3.242208773267e+00
7.13000000e-01	4.256014562766e+00	1.000000000000e+00	3.256014562766e+00	3.256014562766e+00
7.14000000e-01	4.269924452752e+00	1.000000000000e+00	3.269924452752e+00	3.269924452752e+00
7.15000000e-01	4.283939618078e+00	1.000000000000e+00	3.283939618078e+00	3.283939618078e+00
7.16000000e-01	4.298061251342e+00	1.000000000000e+00	3.298061251342e+00	3.298061251342e+00
7.17000000e-01	4.312290563223e+00	1.000000000000e+00	3.312290563223e+00	3.312290563223e+00
7.18000000e-01	4.326628782826e+00	1.000000000000e+00	3.326628782826e+00	3.326628782826e+00
7.19000000e-01	4.341077158032e+00	1.000000000000e+00	3.341077158032e+00	3.341077158032e+00
7.20000000e-01	4.355636955859e+00	1.000000000000e+00	3.355636955859e+00	3.355636955859e+00
7.21000000e-01	4.370309462832e+00	1.000000000000e+00	3.370309462832e+00	3.370309462832e+00
7.22000000e-01	4.385095985356e+00	1.000000000000e+00	3.385095985356e+00	3.385095985356e+00
7.23000000e-01	4.399997850104e+00	1.000000000000e+00	3.399997850104e+00	3.399997850104e+00
7.24000000e-01	4.415016404413e+00	1.000000000000e+00	3.415016404413e+00	3.415016404413e+00
7.25000000e-01	4.430153016684e+00	1.000000000000e+00	3.430153016684e+00	3.430153016684e+00
7.26000000e-01	4.445409076798e+00	1.000000000000e+00	3.445409076798e+00	3.445409076798e+00
7.27000000e-01	4.460785996538e+00	1.000000000000e+00	3.460785996538e+00	3.460785996538e+00
7.28000000e-01	4.476285210025e+00	1.000000000000e+00	3.476285210025e+00	3.476285210025e+00
7.29000000e-01	4.491908174156e+00	1.000000000000e+00	3.491908174156e+00	3.491908174156e+00
7.30000000e-01	4.507656369062e+00	1.000000000000e+00	3.507656369062e+00	3.507656369062e+00
7.31000000e-01	4.523531298574e+00	1.000000000000e+00	3.523531298574e+00	3.523531298574e+00
7.32000000e-01	4.539534490695e+00	1.000000000000e+00	3.539534490695e+00	3.539534490695e+00
7.33000000e-01	4.555667498092e+00	1.000000000000e+00	3.555667498092e+00	3.555667498092e+00
7.34000000e-01	4.571931898593e+00	1.000000000000e+00	3.571931898593e+00	3.571931898593e+00
7.35000000e-01	4.588329295697e+00	1.000000000000e+00	3.588329295697e+00	3.588329295697e+00
7.36000000e-01	4.604861319105e+00	1.000000000000e+00	3.604861319105e+00	3.604861319105e+00
7.37000000e-01	4.621529625250e+00	1.000000000000e+00	3.621529625250e+00	3.621529625250e+00
7.38000000e-01	4.638335897852e+00	1.000000000000e+00	3.638335897852e+00	3.638335897852e+00
7.39000000e-01	4.655281848479e+00	1.000000000000e+00	3.655281848479e+00	3.655281848479e+00
7.40000000e-01	4.672369217128e+00	1.000000000000e+00	3.672369217128e+00	3.672369217128e+00
7.41000000e-01	4.689599772817e+00	1.000000000000e+00	3.689599772817e+00	3.689599772817e+00
7.42000000e-01	4.706975314189e+00	1.000000000000e+00	3.706975314189e+00	3.706975314189e+00
7.43000000e-01	4.724497670142e+00	1.000000000000e+00	3.724497670142e+00	3.724497670142e+00
7.44000000e-01	4.742168700461e+00	1.000000000000e+00	3.742168700461e+00	3.742168700461e+00
7.45000000e-01	4.759990296476e+00	1.000000000000e+00	3.759990296476e+00	3.759990296476e+00
7.46000000e-01	4.777964381733e+00	1.000000000000e+00	3.777964381733e+00	3.777964381733e+00
7.47000000e-01	4.796092912683e+00	1.000000000000e+00	3.796092912683e+00	3.796092912683e+00
7.48000000e-01	4.814377879390e+00	1.000000000000e+00	3.814377879390e+00	3.814377879390e+00
7.49000000e-01	4.832821306252e+00	1.000000000000e+00	3.832821306252e+00	3.832821306252e+00
7.50000000e-01	4.851425252749e+00	1.000000000000e+00	3.851425252749e+00	3.851425252749e+00
7.51000000e-01	4.870191814205e+00	1.000000000000e+00	3.870191814205e+00	3.870191814205e+00
7.52000000e-01	4.889123122569e+00	1.000000000000e+00	3.889123122569e+00	3.889123122569e+00
7.53000000e-01	4.908221347222e+00	1.000000000000e+00	3.908221347222e+00	3.908221347222e+00
7.54000000e-01	4.927488695800e+00	1.000000000000e+00	3.927488695800e+00	3.927488695800e+00
7.55000000e-01	4.946927415041e+00	1.000000000000e+00	3.946927415041e+00	3.946927415041e+00
7.56000000e-01	4.966539791656e+00	1.000000000000e+00	3.966539791656e+00	3.966539791656e+00
7.57000000e-01	4.986328153222e+00	1.000000000000e+00	3.986328153222e+00	3.986328153222e+00
7.58000000e-01	5.006294869096e+00	1.000000000000e+00	4.006294869096e+00	4.006294869096e+00
7.59000000e-01	5.026442351360e+00	1.000000000000e+00	4.026442351360e+00	4.026442351360e+00
7.60000000e-01	5.046773055788e+00	1.000000000000e+00	4.046773055788e+00	4.046773055788e+00
7.61000000e-01	5.067289482837e+00	1.000000000000e+00	4.067289482837e+00	4.067289482837e+00
7.62000000e-01	5.087994178671e+00	1.000000000000e+00	4.087994178671e+00	4.087994178671e+00
7.63000000e-01	5.108889736209e+00	1.000000000000e+00	4.108889736209e+00	4.108889736209e+00
7.64000000e-01	5.129978796205e+00	1.000000000000e+00	4.129978796205e+00	4.129978796205e+00
7.65000000e-01	5.151264048350e+00	1.000000000000e+00	4.151264048350e+00	4.151264048350e+00
7.66000000e-01	5.172748232420e+00	1.000000000000e+00	4.172748232420e+00	4.172748232420e+00
7.67000000e-01	5.194434139440e+00	1.000000000000e+00	4.194434139440e+00	4.194434139440e+00
7.68000000e-01	5.216324612892e+00	1.000000000000e+00	4.216324612892e+00	4.216324612892e+00
7.69000000e-01	5.238422549949e+00	1.000000000000e+00	4.238422549949e+00	4.238422549949e+00
7.70000000e-01	5.260730902753e+00	1.000000000000e+00	4.260730902753e+00	4.260730902753e+00
7.71000000e-01	5.283252679725e+00	1.000000000000e+00	4.283252679725e+00	4.283252679725e+00
7.72000000e-01	5.305990946905e+00	1.000000000000e+00	4.305990946905e+00	4.305990946905e+00
7.73000000e-01	5.328948829349e+00	1.000000000000e+00	4.328948829349e+00	4.328948829349e+00
7.74000000e-01	5.352129512547e+00	1.000000000000e+00	4.352129512547e+00	4.352129512547e+00
7.75000000e-01	5.375536243895e+00	1.000000000000e+00	4.375536243895e+00	4.375536243895e+00
7.76000000e-01	5.399172334205e+00	1.000000000000e+00	4.399172334205e+00	4.399172334205e+00
7.77000000e-01	5.423041159264e+00	1.000000000000e+00	4.423041159264e+00	4.423041159264e+00
7.78000000e-01	5.447146161429e+00	1.000000000000e+00	4.447146161429e+00	4.447146161429e+00
7.79000000e-01	5.471490851281e+00	1.000000000000e+00	4.471490851281e+00	4.471490851281e+00
7.80000000e-01	5.496078809325e+00	1.000000000000e+00	4.496078809325e+00	4.496078809325e+00
7.81000000e-01	5.520913687734e+00	1.000000000000e+00	4.520913687734e+00	4.520913687734e+00
7.82000000e-01	5.545999212157e+00	1.000000000000e+00	4.545999212157e+00	4.545999212157e+00
7.83000000e-01	5.571339183570e+00	1.000000000000e+00	4.571339183570e+00	4.571339183570e+00
7.84000000e-01	5.596937480196e+00	1.000000000000e+00	4.596937480196e+00	4.596937480196e+00
7.85000000e-01	5.622798059474e+00	1.000000000000e+00	4.622798059474e+00	4.622798059474e+00
7.86000000e-01	5.648924960090e+00	1.000000000000e+00	4.648924960090e+00	4.648924960090e+00
7.87000000e-01	5.675322304078e+00	1.000000000000e+00	4.675322304078e+00	4.675322304078e+00
7.88000000e-01	5.701994298977e+00	1.000000000000e+00	4.701994298977e+00	4.701994298977e+00
7.89000000e-01	5.728945240059e+00	1.000000000000e+00	4.728945240059e+00	4.728945240059e+00
7.90000000e-01	5.756179512633e+00	1.000000000000e+00	4.756179512633e+00	4.756179512633e+00
7.91000000e-01	5.783701594411e+00	1.000000000000e+00	4.783701594411e+00	4.783701594411e+00
7.92000000e-01	5.811516057957e+00	1.000000000000e+00	4.811516057957e+00	4.811516057957e+00
7.93000000e-01	5.839627573213e+00	1.000000000000e+00	4.839627573213e+00	4.839627573213e+00
7.94000000e-01	5.868040910103e+00	1.000000000000e+00	4.868040910103e+00	4.868040910103e+00
7.95000000e-01	5.896760941224e+00	1.000000000000e+00	4.896760941224e+00	4.896760941224e+00
7.96000000e-01	5.925792644625e+00	1.000000000000e+00	4.925792644625e+00	4.925792644625e+00
7.97000000e-01	5.955141106671e+00	1.000000000000e+00	4.955141106671e+00	4.955141106671e+00
7.98000000e-01	5.984811525011e+00	1.000000000000e+00	4.984811525011e+00	4.984811525011e+00
7.99000000e-01	6.014809211633e+00	1.000000000000e+00	5.014809211633e+00	5.014809211633e+00
8.00000000e-01	6.045139596029e+00	1.000000000000e+00	5.045139596029e+00	5.045139596029e+00
8.01000000e-01	6.075808228461e+00	1.000000000000e+00	5.075808228461e+00	5.075808228461e+00
8.02000000e-01	6.106820783336e+00	1.000000000000e+00	5.106820783336e+00	5.106820783336e+00
8.03000000e-01	6.138183062698e+00	1.000000000000e+00	5.138183062698e+00	5.138183062698e+00
8.04000000e-01	6.169900999840e+00	1.000000000000e+00	5.169900999840e+00	5.169900999840e+00
8.05000000e-01	6.201980663029e+00	1.000000000000e+00	5.201980663029e+00	5.201980663029e+00
8.06000000e-01	6.234428259373e+00	1.000000000000e+00	5.234428259373e+00	5.234428259373e+00
8.07000000e-01	6.267250138813e+00	1.000000000000e+00	5.267250138813e+00	5.267250138813e+00
8.08000000e-01	6.300452798252e+00	1.000000000000e+00	5.300452798252e+00	5.300452798252e+00
8.09000000e-01	6.334042885835e+00	1.000000000000e+00	5.334042885835e+00	5.334042885835e+00
8.10000000e-01	6.368027205374e+00	1.000000000000e+00	5.368027205374e+00	5.368027205374e+00
8.11000000e-01	6.402412720932e+00	1.000000000000e+00	5.402412720932e+00	5.402412720932e+00
8.12000000e-01	6.437206561568e+00	1.000000000000e+00	5.437206561568e+00	5.437206561568e+00
8.13000000e-01	6.472416026254e+00	1.000000000000e+00	5.472416026254e+00	5.472416026254e+00
8.14000000e-01	6.508048588963e+00	1.000000000000e+00	5.508048588963e+00	5.508048588963e+00
8.15000000e-01	6.544111903954e+00	1.000000000000e+00	5.544111903954e+00	5.544111903954e+00
8.16000000e-01	6.580613811232e+00	1.000000000000e+00	5.580613811232e+00	5.580613811232e+00
8.17000000e-01	6.617562342222e+00	1.000000000000e+00	5.617562342222e+00	5.617562342222e+00
8.18000000e-01	6.654965725646e+00	1.000000000000e+00	5.654965725646e+00	5.654965725646e+00
8.19000000e-01	6.692832393617e+00	1.000000000000e+00	5.692832393617e+00	5.692832393617e+00
8.20000000e-01	6.731170987967e+00	1.000000000000e+00	5.731170987967e+00	5.731170987967e+00
8.21000000e-01	6.769990366800e+00	1.000000000000e+00	5.769990366800e+00	5.769990366800e+00
8.22000000e-01	6.809299611308e+00	1.000000000000e+00	5.809299611308e+00	5.809299611308e+00
8.23000000e-01	6.849108032834e+00	1.000000000000e+00	5.849108032834e+00	5.849108032834e+00
8.24000000e-01	6.889425180211e+00	1.000000000000e+00	5.889425180211e+00	5.889425180211e+00
8.25000000e-01	6.930260847382e+00	1.000000000000e+00	5.930260847382e+00	5.930260847382e+00
8.26000000e-01	6.971625081314e+00	1.000000000000e+00	5.971625081314e+00	5.971625081314e+00
8.27000000e-01	7.013528190226e+00	1.000000000000e+00	6.013528190226e+00	6.013528190226e+00
8.28000000e-01	7.055980752131e+00	1.000000000000e+00	6.055980752131e+00	6.055980752131e+00
8.29000000e-01	7.098993623727e+00	1.000000000000e+00	6.098993623727e+00	6.098993623727e+00
8.30000000e-01	7.142577949630e+00	1.000000000000e+00	6.142577949630e+00	6.142577949630e+00
8.31000000e-01	7.186745171983e+00	1.000000000000e+00	6.186745171983e+00	6.186745171983e+00
8.32000000e-01	7.231507040456e+00	1.000000000000e+00	6.231507040456e+00	6.231507040456e+00
8.33000000e-01	7.276875622641e+00	1.000000000000e+00	6.276875622641e+00	6.276875622641e+00
8.34000000e-01	7.322863314883e+00	1.000000000000e+00	6.322863314883e+00	6.322863314883e+00
8.35000000e-01	7.369482853552e+00	1.000000000000e+00	6.369482853552e+00	6.369482853552e+00
8.36000000e-01	7.416747326776e+00	1.000000000000e+00	6.416747326776e+00	6.416747326776e+00
8.37000000e-01	7.464670186678e+00	1.000000000000e+00	6.464670186678e+00	6.464670186678e+00
8.38000000e-01	7.513265262111e+00	1.000000000000e+00	6.513265262111e+00	6.513265262111e+00
8.39000000e-01	7.562546771941e+00	1.000000000000e+00	6.562546771941e+00	6.562546771941e+00
8.40000000e-01	7.612529338898e+00	1.000000000000e+00	6.612529338898e+00	6.612529338898e+00
8.41000000e-01	7.663228004013e+00	1.000000000000e+00	6.663228004013e+00	6.663228004013e+00
8.42000000e-01	7.714658241683e+00	1.000000000000e+00	6.714658241683e+00	6.714658241683e+00
8.43000000e-01	7.766835975395e+00	1.000000000000e+00	6.766835975395e+00	6.766835975395e+00
8.44000000e-01	7.819777594136e+00	1.000000000000e+00	6.819777594136e+00	6.819777594136e+00
8.45000000e-01	7.873499969526e+00	1.000000000000e+00	6.873499969526e+00	6.873499969526e+00
8.46000000e-01	7.928020473719e+00	1.000000000000e+00	6.928020473719e+00	6.928020473719e+00
8.47000000e-01	7.983356998101e+00	1.000000000000e+00	6.983356998101e+00	6.983356998101e+00
8.48000000e-01	8.039527972838e+00	1.000000000000e+00	7.039527972838e+00	7.039527972838e+00
8.49000000e-01	8.096552387306e+00	1.000000000000e+00	7.096552387306e+00	7.096552387306e+00
8.50000000e-01	8.154449811470e+00	1.000000000000e+00	7.154449811470e+00	7.154449811470e+00
8.51000000e-01	8.213240418235e+00	1.000000000000e+00	7.213240418235e+00	7.213240418235e+00
8.52000000e-01	8.272945006855e+00	1.000000000000e+00	7.272945006855e+00	7.272945006855e+00
8.53000000e-01	8.333585027426e+00	1.000000000000e+00	7.333585027426e+00	7.333585027426e+00
8.54000000e-01	8.395182606547e+00	1.000000000000e+00	7.395182606547e+00	7.395182606547e+00
8.55000000e-01	8.457760574204e+00	1.000000000000e+00	7.457760574204e+00	7.457760574204e+00
8.56000000e-01	8.521342491940e+00	1.000000000000e+00	7.521342491940e+00	7.521342491940e+00
8.57000000e-01	8.585952682394e+00	1.000000000000e+00	7.585952682394e+00	7.585952682394e+00
8.58000000e-01	8.651616260287e+00	1.000000000000e+00	7.651616260287e+00	7.651616260287e+00
8.59000000e-01	8.718359164926e+00	1.000000000000e+00	7.718359164926e+00	7.718359164926e+00
8.60000000e-01	8.786208194327e+00	1.000000000000e+00	7.786208194327e+00	7.786208194327e+00
8.61000000e-01	8.855191041047e+00	1.000000000000e+00	7.855191041047e+00	7.855191041047e+00
8.62000000e-01	8.925336329822e+00	1.000000000000e+00	7.925336329822e+00	7.925336329822e+00
8.63000000e-01	8.996673657122e+00	1.000000000000e+00	7.996673657122e+00	7.996673657122e+00
8.64000000e-01	9.069233632743e+00	1.000000000000e+00	8.069233632743e+00	8.069233632743e+00
8.65000000e-01	9.143047923547e+00	1.000000000000e+00	8.143047923547e+00	8.143047923547e+00
8.66000000e-01	9.218149299488e+00	1.000000000000e+00	8.218149299488e+00	8.218149299488e+00
8.67000000e-01	9.294571682067e+00	1.000000000000e+00	8.294571682067e+00	8.294571682067e+00
8.68000000e-01	9.372350195366e+00	1.000000000000e+00	8.372350195366e+00	8.372350195366e+00
8.69000000e-01	9.451521219811e+00	1.000000000000e+00	8.451521219811e+00	8.451521219811e+00
8.70000000e-01	9.532122448853e+00	1.000000000000e+00	8.532122448853e+00	8.532122448853e+00
8.71000000e-01	9.614192948748e+00	1.000000000000e+00	8.614192948748e+00	8.614192948748e+00
8.72000000e-01	9.697773221622e+00	1.000000000000e+00	8.697773221622e+00	8.697773221622e+00
8.73000000e-01	9.782905272056e+00	1.000000000000e+00	8.782905272056e+00	8.782905272056e+00
8.74000000e-01	9.869632677406e+00	1.000000000000e+00	8.869632677406e+00	8.869632677406e+00
8.75000000e-01	9.958000662107e+00	1.000000000000e+00	8.958000662107e+00	8.958000662107e+00
8.76000000e-01	1.004805617624e+01	1.000000000000e+00	9.048056176237e+00	9.048056176237e+00
8.77000000e-01	1.013984797862e+01	1.000000000000e+00	9.139847978616e+00	9.139847978616e+00
8.78000000e-01	1.023342672475e+01	1.000000000000e+00	9.233426724753e+00	9.233426724753e+00
8.79000000e-01	1.032884505998e+01	1.000000000000e+00	9.328845059979e+00	9.328845059979e+00
8.80000000e-01	1.042615771812e+01	1.000000000000e+00	9.426157718120e+00	9.426157718120e+00
8.81000000e-01	1.052542162610e+01	1.000000000000e+00	9.525421626096e+00	9.525421626096e+00
8.82000000e-01	1.062669601488e+01	1.000000000000e+00	9.626696014883e+00	9.626696014883e+00
8.83000000e-01	1.073004253726e+01	1.000000000000e+00	9.730042537262e+00	9.730042537262e+00
8.84000000e-01	1.083552539288e+01	1.000000000000e+00	9.835525392883e+00	9.835525392883e+00
8.85000000e-01	1.094321146115e+01	1.000000000000e+00	9.943211461145e+00	9.943211461145e+00
8.86000000e-01	1.105317044250e+01	1.000000000000e+00	1.005317044250e+01	1.005317044250e+01
8.87000000e-01	1.116547500875e+01	1.000000000000e+00	1.016547500875e+01	1.016547500875e+01
8.88000000e-01	1.128020096315e+01	1.000000000000e+00	1.028020096315e+01	1.028020096315e+01
8.89000000e-01	1.139742741084e+01	1.000000000000e+00	1.039742741084e+01	1.039742741084e+01
8.90000000e-01	1.151723694069e+01	1.000000000000e+00	1.051723694069e+01	1.051723694069e+01
8.91000000e-01	1.163971581910e+01	1.000000000000e+00	1.063971581910e+01	1.063971581910e+01
8.92000000e-01	1.176495419713e+01	1.000000000000e+00	1.076495419713e+01	1.076495419713e+01
8.93000000e-01	1.189304633155e+01	1.000000000000e+00	1.089304633155e+01	1.089304633155e+01
8.94000000e-01	1.202409082127e+01	1.000000000000e+00	1.102409082127e+01	1.102409082127e+01
8.95000000e-01	1.215819086038e+01	1.000000000000e+00	1.115819086038e+01	1.115819086038e+01
8.96000000e-01	1.229545450888e+01	1.000000000000e+00	1.129545450888e+01	1.129545450888e+01
8.97000000e-01	1.243599498301e+01	1.000000000000e+00	1.143599498301e+01	1.143599498301e+01
8.98000000e-01	1.257993096641e+01	1.000000000000e+00	1.157993096641e+01	1.157993096641e+01
8.99000000e-01	1.272738694430e+01	1.000000000000e+00	1.172738694430e+01	1.172738694430e+01
9.00000000e-01	1.287849356228e+01	1.000000000000e+00	1.187849356228e+01	1.187849356228e+01
9.01000000e-01	1.303338801218e+01	1.000000000000e+00	1.203338801218e+01	1.203338801218e+01
9.02000000e-01	1.319221444734e+01	1.000000000000e+00	1.219221444734e+01	1.219221444734e+01
9.03000000e-01	1.335512442976e+01	1.000000000000e+00	1.235512442976e+01	1.235512442976e+01
9.04000000e-01	1.352227741231e+01	1.000000000000e+00	1.252227741231e+01	1.252227741231e+01
9.05000000e-01	1.369384125901e+01	1.000000000000e+00	1.269384125901e+01	1.269384125901e+01
9.06000000e-01	1.386999280705e+01	1.000000000000e+00	1.286999280705e+01	1.286999280705e+01
9.07000000e-01	1.405091847449e+01	1.000000000000e+00	1.305091847449e+01	1.305091847449e+01
9.08000000e-01	1.423681491803e+01	1.000000000000e+00	1.323681491803e+01	1.323681491803e+01
9.09000000e-01	1.442788974573e+01	1.000000000000e+00	1.342788974573e+01	1.342788974573e+01
9.10000000e-01	1.462436229004e+01	1.000000000000e+00	1.362436229004e+01	1.362436229004e+01
9.11000000e-01	1.482646444737e+01	1.000000000000e+00	1.382646444737e+01	1.382646444737e+01
9.12000000e-01	1.503444159072e+01	1.000000000000e+00	1.403444159072e+01	1.403444159072e+01
9.13000000e-01	1.524855356317e+01	1.000000000000e+00	1.424855356317e+01	1.424855356317e+01
9.14000000e-01	1.546907576040e+01	1.000000000000e+00	1.446907576040e+01	1.446907576040e+01
9.15000000e-01	1.569630031209e+01	1.000000000000e+00	1.469630031209e+01	1.469630031209e+01
9.16000000e-01	1.593053737242e+01	1.000000000000e+00	1.493053737242e+01	1.493053737242e+01
9.17000000e-01	1.617211653211e+01	1.000000000000e+00	1.517211653211e+01	1.517211653211e+01
9.18000000e-01	1.642138836510e+01	1.000000000000e+00	1.542138836510e+01	1.542138836510e+01
9.19000000e-01	1.667872612551e+01	1.000000000000e+00	1.567872612551e+01	1.567872612551e+01
9.20000000e-01	1.694452761181e+01	1.000000000000e+00	1.594452761181e+01	1.594452761181e+01
9.21000000e-01	1.721921721805e+01	1.000000000000e+00	1.621921721805e+01	1.621921721805e+01
9.22000000e-01	1.750324819430e+01	1.000000000000e+00	1.650324819430e+01	1.650324819430e+01
9.23000000e-01	1.779710514151e+01	1.000000000000e+00	1.679710514151e+01	1.679710514151e+01
9.24000000e-01	1.810130676991e+01	1.000000000000e+00	1.710130676991e+01	1.710130676991e+01
9.25000000e-01	1.841640895378e+01	1.000000000000e+00	1.741640895378e+01	1.741640895378e+01
9.26000000e-01	1.874300812051e+01	1.000000000000e+00	1.774300812051e+01	1.774300812051e+01
9.27000000e-01	1.908174501742e+01	1.000000000000e+00	1.808174501742e+01	1.808174501742e+01
9.28000000e-01	1.943330890645e+01	1.000000000000e+00	1.843330890645e+01	1.843330890645e+01
9.29000000e-01	1.979844224432e+01	1.000000000000e+00	1.879844224432e+01	1.879844224432e+01
9.30000000e-01	2.017794591528e+01	1.000000000000e+00	1.917794591528e+01	1.917794591528e+01
9.31000000e-01	2.057268509388e+01	1.000000000000e+00	1.957268509388e+01	1.957268509388e+01
9.32000000e-01	2.098359582810e+01	1.000000000000e+00	1.998359582810e+01	1.998359582810e+01
9.33000000e-01	2.141169244842e+01	1.000000000000e+00	2.041169244842e+01	2.041169244842e+01
9.34000000e-01	2.185807592604e+01	1.000000000000e+00	2.085807592604e+01	2.085807592604e+01
9.35000000e-01	2.232394332551e+01	1.000000000000e+00	2.132394332551e+01	2.132394332551e+01
9.36000000e-01	2.281059852237e+01	1.000000000000e+00	2.181059852237e+01	2.181059852237e+01
9.37000000e-01	2.331946438807e+01	1.000000000000e+00	2.231946438807e+01	2.231946438807e+01
9.38000000e-01	2.385209668191e+01	1.000000000000e+00	2.285209668191e+01	2.285209668191e+01
9.39000000e-01	2.441019993553e+01	1.000000000000e+00	2.341019993553e+01	2.341019993553e+01
9.40000000e-01	2.499564567178e+01	1.000000000000e+00	2.399564567178e+01	2.399564567178e+01
9.41000000e-01	2.561049336813e+01	1.000000000000e+00	2.461049336813e+01	2.461049336813e+01
9.42000000e-01	2.625701465933e+01	1.000000000000e+00	2.525701465933e+01	2.525701465933e+01
9.43000000e-01	2.693772137890e+01	1.000000000000e+00	2.593772137890e+01	2.593772137890e+01
9.44000000e-01	2.765539816885e+01	1.000000000000e+00	2.665539816885e+01	2.665539816885e+01
9.45000000e-01	2.841314055036e+01	1.000000000000e+00	2.741314055036e+01	2.741314055036e+01
9.46000000e-01	2.921439955278e+01	1.000000000000e+00	2.821439955278e+01	2.821439955278e+01
9.47000000e-01	3.006303425815e+01	1.000000000000e+00	2.906303425815e+01	2.906303425815e+01
9.48000000e-01	3.096337394889e+01	1.000000000000e+00	2.996337394889e+01	2.996337394889e+01
9.49000000e-01	3.192029197075e+01	1.000000000000e+00	3.092029197075e+01	3.092029197075e+01
9.50000000e-01	3.293929397097e+01	1.000000000000e+00	3.193929397097e+01	3.193929397097e+01
9.51000000e-01	3.402662388507e+01	1.000000000000e+00	3.302662388507e+01	3.302662388507e+01
9.52000000e-01	3.518939198186e+01	1.000000000000e+00	3.418939198186e+01	3.418939198186e+01
9.53000000e-01	3.643573051494e+01	1.000000000000e+00	3.543573051494e+01	3.543573051494e+01
9.54000000e-01	3.777498418365e+01	1.000000000000e+00	3.677498418365e+01	3.677498418365e+01
9.55000000e-01	3.921794483700e+01	1.000000000000e+00	3.821794483700e+01	3.821794483700e+01
9.56000000e-01	4.077714289395e+01	1.000000000000e+00	3.977714289395e+01	3.977714289395e+01
9.57000000e-01	4.246721214080e+01	1.000000000000e+00	4.146721214080e+01	4.146721214080e+01
9.58000000e-01	4.430535040479e+01	1.000000000000e+00	4.330535040479e+01	4.330535040479e+01
9.59000000e-01	4.631190684876e+01	1.000000000000e+00	4.531190684876e+01	4.531190684876e+01
9.60000000e-01	4.851113843970e+01	1.000000000000e+00	4.751113843970e+01	4.751113843970e+01
9.61000000e-01	5.093219531195e+01	1.000000000000e+00	4.993219531195e+01	4.993219531195e+01
9.62000000e-01	5.361042011932e+01	1.000000000000e+00	5.261042011932e+01	5.261042011932e+01
9.63000000e-01	5.658908465230e+01	1.000000000000e+00	5.558908465230e+01	5.558908465230e+01
9.64000000e-01	5.992174559726e+01	1.000000000000e+00	5.892174559726e+01	5.892174559726e+01
9.65000000e-01	6.367549323375e+01	1.000000000000e+00	6.267549323375e+01	6.267549323375e+01
9.66000000e-01	6.793551457221e+01	1.000000000000e+00	6.693551457221e+01	6.693551457221e+01
9.67000000e-01	7.281163626547e+01	1.000000000000e+00	7.181163626547e+01	7.181163626547e+01
9.68000000e-01	7.844792751213e+01	1.000000000000e+00	7.744792751213e+01	7.744792751213e+01
9.69000000e-01	8.503717370763e+01	1.000000000000e+00	8.403717370763e+01	8.403717370763e+01
9.70000000e-01	9.284336926985e+01	1.000000000000e+00	9.184336926985e+01	9.184336926985e+01
9.71000000e-01	1.022379405462e+02	1.000000000000e+00	1.012379405462e+02	1.012379405462e+02
9.72000000e-01	1.137605841964e+02	1.000000000000e+00	1.127605841964e+02	1.127605841964e+02
9.73000000e-01	1.282267290947e+02	1.000000000000e+00	1.272267290947e+02	1.272267290947e+02
9.74000000e-01	1.469294101976e+02	1.000000000000e+00	1.459294101976e+02	1.459294101976e+02
9.75000000e-01	1.720489250268e+02	1.000000000000e+00	1.710489250268e+02	1.710489250268e+02
9.76000000e-01	2.075714392618e+02	1.000000000000e+00	2.065714392618e+02	2.065714392618e+02
9.77000000e-01	2.616468283197e+02	1.000000000000e+00	2.606468283197e+02	2.606468283197e+02
9.78000000e-01	3.539458252599e+02	1.000000000000e+00	3.529458252599e+02	3.529458252599e+02
9.79000000e-01	5.471326163431e+02	1.000000000000e+00	5.461326163431e+02	5.461326163431e+02
