# t	y_num	y_exact	abs_err	rel_err
1.00000000e-03	1.001001001001e+00	1.001001001001e+00	2.220446049250e-16	2.218225603201e-16
2.00000000e-03	1.002004008016e+00	1.002004008016e+00	4.440892098501e-16	4.432010314304e-16
3.00000000e-03	1.003009027081e+00	1.003009027081e+00	2.220446049250e-16	2.213784711103e-16
4.00000000e-03	1.004016064257e+00	1.004016064257e+00	2.220446049250e-16	2.211564265053e-16
5.00000000e-03	1.005025125628e+00	1.005025125628e+00	6.661338147751e-16	6.628031457012e-16
6.00000000e-03	1.006036217304e+00	1.006036217304e+00	6.661338147751e-16	6.621370118864e-16
7.00000000e-03	1.007049345418e+00	1.007049345418e+00	6.661338147751e-16	6.614708780717e-16
8.00000000e-03	1.008064516129e+00	1.008064516129e+00	6.661338147751e-16	6.608047442569e-16
9.00000000e-03	1.009081735621e+00	1.009081735621e+00	8.881784197001e-16	8.801848139228e-16
1.00000000e-02	1.010101010101e+00	1.010101010101e+00	6.661338147751e-16	6.594724766273e-16
1.10000000e-02	1.011122345804e+00	1.011122345804e+00	8.881784197001e-16	8.784084570834e-16
1.20000000e-02	1.012145748988e+00	1.012145748988e+00	6.661338147751e-16	6.581402089978e-16
1.30000000e-02	1.013171225937e+00	1.013171225937e+00	6.661338147751e-16	6.574740751830e-16
1.40000000e-02	1.014198782961e+00	1.014198782961e+00	8.881784197001e-16	8.757439218243e-16
1.50000000e-02	1.015228426396e+00	1.015228426396e+00	1.110223024625e-15	1.093569679256e-15
1.60000000e-02	1.016260162602e+00	1.016260162602e+00	1.110223024625e-15	1.092459456231e-15
1.70000000e-02	1.017293997965e+00	1.017293997965e+00	1.110223024625e-15	1.091349233207e-15
1.80000000e-02	1.018329938900e+00	1.018329938900e+00	1.110223024625e-15	1.090239010182e-15
1.90000000e-02	1.019367991845e+00	1.019367991845e+00	1.110223024625e-15	1.089128787157e-15
2.00000000e-02	1.020408163265e+00	1.020408163265e+00	1.110223024625e-15	1.088018564133e-15
2.10000000e-02	1.021450459653e+00	1.021450459653e+00	1.332267629550e-15	1.304290009330e-15
2.20000000e-02	1.022494887526e+00	1.022494887526e+00	1.110223024625e-15	1.085798118083e-15
2.30000000e-02	1.023541453429e+00	1.023541453429e+00	8.881784197001e-16	8.677503160470e-16
2.40000000e-02	1.024590163934e+00	1.024590163934e+00	8.881784197001e-16	8.668621376273e-16
2.50000000e-02	1.025641025641e+00	1.025641025641e+00	6.661338147751e-16	6.494804694057e-16
2.60000000e-02	1.026694045175e+00	1.026694045175e+00	6.661338147751e-16	6.488143355909e-16
2.70000000e-02	1.027749229188e+00	1.027749229188e+00	8.881784197001e-16	8.641976023682e-16
2.80000000e-02	1.028806584362e+00	1.028806584362e+00	1.110223024625e-15	1.079136779936e-15
2.90000000e-02	1.029866117405e+00	1.029866117405e+00	1.332267629550e-15	1.293631868293e-15
3.00000000e-02	1.030927835052e+00	1.030927835052e+00	1.554312234475e-15	1.507682867441e-15
3.10000000e-02	1.031991744066e+00	1.031991744066e+00	1.776356839400e-15	1.721289777379e-15
3.20000000e-02	1.033057851240e+00	1.033057851240e+00	1.776356839400e-15	1.719513420539e-15
3.30000000e-02	1.034126163392e+00	1.034126163392e+00	1.998401444325e-15	1.932454196663e-15
3.40000000e-02	1.035196687371e+00	1.035196687371e+00	1.998401444325e-15	1.930455795218e-15
3.50000000e-02	1.036269430052e+00	1.036269430052e+00	1.776356839400e-15	1.714184350021e-15
3.60000000e-02	1.037344398340e+00	1.037344398340e+00	1.332267629550e-15	1.284305994886e-15
3.70000000e-02	1.038421599169e+00	1.038421599169e+00	1.332267629550e-15	1.282973727257e-15
3.80000000e-02	1.039501039501e+00	1.039501039501e+00	1.554312234475e-15	1.495248369565e-15
3.90000000e-02	1.040582726327e+00	1.040582726327e+00	1.332267629550e-15	1.280309191998e-15
4.00000000e-02	1.041666666667e+00	1.041666666667e+00	1.776356839400e-15	1.705302565824e-15
4.10000000e-02	1.042752867570e+00	1.042752867570e+00	1.776356839400e-15	1.703526208985e-15
4.20000000e-02	1.043841336117e+00	1.043841336117e+00	1.776356839400e-15	1.701749852145e-15
4.30000000e-02	1.044932079415e+00	1.044932079415e+00	1.998401444325e-15	1.912470182219e-15
4.40000000e-02	1.046025104603e+00	1.046025104603e+00	1.776356839400e-15	1.698197138467e-15
4.50000000e-02	1.047120418848e+00	1.047120418848e+00	1.554312234475e-15	1.484368183924e-15
4.60000000e-02	1.048218029350e+00	1.048218029350e+00	1.776356839400e-15	1.694644424788e-15
4.70000000e-02	1.049317943337e+00	1.049317943337e+00	1.776356839400e-15	1.692868067948e-15
4.80000000e-02	1.050420168067e+00	1.050420168067e+00	1.776356839400e-15	1.691091711109e-15
4.90000000e-02	1.051524710831e+00	1.051524710831e+00	1.998401444325e-15	1.900479773553e-15
5.00000000e-02	1.052631578947e+00	1.052631578947e+00	2.220446049250e-15	2.109423746788e-15
5.10000000e-02	1.053740779768e+00	1.053740779768e+00	2.220446049250e-15	2.107203300739e-15
5.20000000e-02	1.054852320675e+00	1.054852320675e+00	2.220446049250e-15	2.104982854689e-15
5.30000000e-02	1.055966209081e+00	1.055966209081e+00	2.220446049250e-15	2.102762408640e-15
5.40000000e-02	1.057082452431e+00	1.057082452431e+00	2.442490654175e-15	2.310596158850e-15
5.50000000e-02	1.058201058201e+00	1.058201058201e+00	1.998401444325e-15	1.888489364887e-15
5.60000000e-02	1.059322033898e+00	1.059322033898e+00	2.220446049250e-15	2.096101070492e-15
5.70000000e-02	1.060445387063e+00	1.060445387063e+00	2.442490654175e-15	2.303268686887e-15
5.80000000e-02	1.061571125265e+00	1.061571125265e+00	2.442490654175e-15	2.300826196233e-15
5.90000000e-02	1.062699256111e+00	1.062699256111e+00	2.442490654175e-15	2.298383705579e-15
6.00000000e-02	1.063829787234e+00	1.063829787234e+00	2.664535259100e-15	2.504663143554e-15
6.10000000e-02	1.064962726305e+00	1.064962726305e+00	2.442490654175e-15	2.293498724271e-15
6.20000000e-02	1.066098081023e+00	1.066098081023e+00	2.442490654175e-15	2.291056233616e-15
6.30000000e-02	1.067235859125e+00	1.067235859125e+00	2.442490654175e-15	2.288613742962e-15
6.40000000e-02	1.068376068376e+00	1.068376068376e+00	2.886579864025e-15	2.701838752728e-15
6.50000000e-02	1.069518716578e+00	1.069518716578e+00	2.664535259100e-15	2.491340467259e-15
6.60000000e-02	1.070663811563e+00	1.070663811563e+00	2.664535259100e-15	2.488675932000e-15
6.70000000e-02	1.071811361200e+00	1.071811361200e+00	2.664535259100e-15	2.486011396741e-15
6.80000000e-02	1.072961373391e+00	1.072961373391e+00	2.442490654175e-15	2.276401289691e-15
6.90000000e-02	1.074113856069e+00	1.074113856069e+00	2.664535259100e-15	2.480682326222e-15
7.00000000e-02	1.075268817204e+00	1.075268817204e+00	2.664535259100e-15	2.478017790963e-15
7.10000000e-02	1.076426264801e+00	1.076426264801e+00	2.886579864025e-15	2.681632693680e-15
7.20000000e-02	1.077586206897e+00	1.077586206897e+00	2.442490654175e-15	2.266631327075e-15
7.30000000e-02	1.078748651564e+00	1.078748651564e+00	2.664535259100e-15	2.470024185186e-15
7.40000000e-02	1.079913606911e+00	1.079913606911e+00	2.664535259100e-15	2.467359649927e-15
7.50000000e-02	1.081081081081e+00	1.081081081081e+00	2.664535259100e-15	2.464695114668e-15
7.60000000e-02	1.082251082251e+00	1.082251082251e+00	2.664535259100e-15	2.462030579409e-15
7.70000000e-02	1.083423618635e+00	1.083423618635e+00	2.664535259100e-15	2.459366044150e-15
7.80000000e-02	1.084598698482e+00	1.084598698482e+00	2.886579864025e-15	2.661426634631e-15
7.90000000e-02	1.085776330076e+00	1.085776330076e+00	2.886579864025e-15	2.658540054767e-15
8.00000000e-02	1.086956521739e+00	1.086956521739e+00	2.664535259100e-15	2.451372438372e-15
8.10000000e-02	1.088139281828e+00	1.088139281828e+00	2.886579864025e-15	2.652766895039e-15
8.20000000e-02	1.089324618736e+00	1.089324618736e+00	3.108624468950e-15	2.853717262497e-15
8.30000000e-02	1.090512540894e+00	1.090512540894e+00	2.664535259100e-15	2.443378832595e-15
8.40000000e-02	1.091703056769e+00	1.091703056769e+00	2.664535259100e-15	2.440714297336e-15
8.50000000e-02	1.092896174863e+00	1.092896174863e+00	2.664535259100e-15	2.438049762077e-15
8.60000000e-02	1.094091903720e+00	1.094091903720e+00	2.664535259100e-15	2.435385226818e-15
8.70000000e-02	1.095290251917e+00	1.095290251917e+00	2.664535259100e-15	2.432720691559e-15
8.80000000e-02	1.096491228070e+00	1.096491228070e+00	2.442490654175e-15	2.227551476608e-15
8.90000000e-02	1.097694840834e+00	1.097694840834e+00	2.442490654175e-15	2.225108985954e-15
9.00000000e-02	1.098901098901e+00	1.098901098901e+00	2.220446049250e-15	2.020605904818e-15
9.10000000e-02	1.100110011001e+00	1.100110011001e+00	2.220446049250e-15	2.018385458769e-15
9.20000000e-02	1.101321585903e+00	1.101321585903e+00	1.998401444325e-15	1.814548511447e-15
9.30000000e-02	1.102535832415e+00	1.102535832415e+00	2.220446049250e-15	2.013944566670e-15
9.40000000e-02	1.103752759382e+00	1.103752759382e+00	2.442490654175e-15	2.212896532683e-15
9.50000000e-02	1.104972375691e+00	1.104972375691e+00	2.442490654175e-15	2.210454042029e-15
9.60000000e-02	1.106194690265e+00	1.106194690265e+00	2.220446049250e-15	2.007283228522e-15
9.70000000e-02	1.107419712071e+00	1.107419712071e+00	2.220446049250e-15	2.005062782473e-15
9.80000000e-02	1.108647450111e+00	1.108647450111e+00	2.220446049250e-15	2.002842336424e-15
9.90000000e-02	1.109877913430e+00	1.109877913430e+00	2.220446049250e-15	2.000621890375e-15
1.00000000e-01	1.111111111111e+00	1.111111111111e+00	2.442490654175e-15	2.198241588758e-15
1.01000000e-01	1.112347052280e+00	1.112347052280e+00	2.220446049250e-15	1.996180998276e-15
1.02000000e-01	1.113585746102e+00	1.113585746102e+00	2.220446049250e-15	1.993960552227e-15
1.03000000e-01	1.114827201784e+00	1.114827201784e+00	2.220446049250e-15	1.991740106178e-15
1.04000000e-01	1.116071428571e+00	1.116071428571e+00	2.442490654175e-15	2.188471626141e-15
1.05000000e-01	1.117318435754e+00	1.117318435754e+00	1.998401444325e-15	1.788569292671e-15
1.06000000e-01	1.118568232662e+00	1.118568232662e+00	1.998401444325e-15	1.786570891227e-15
1.07000000e-01	1.119820828667e+00	1.119820828667e+00	1.776356839400e-15	1.586286657584e-15
1.08000000e-01	1.121076233184e+00	1.121076233184e+00	1.554312234475e-15	1.386446513152e-15
1.09000000e-01	1.122334455668e+00	1.122334455668e+00	1.110223024625e-15	9.892087149410e-16
1.10000000e-01	1.123595505618e+00	1.123595505618e+00	1.332267629550e-15	1.185718190300e-15
1.11000000e-01	1.124859392576e+00	1.124859392576e+00	1.332267629550e-15	1.184385922670e-15
1.12000000e-01	1.126126126126e+00	1.126126126126e+00	1.332267629550e-15	1.183053655041e-15
1.13000000e-01	1.127395715896e+00	1.127395715896e+00	1.332267629550e-15	1.181721387411e-15
1.14000000e-01	1.128668171558e+00	1.128668171558e+00	1.332267629550e-15	1.180389119781e-15
1.15000000e-01	1.129943502825e+00	1.129943502825e+00	1.332267629550e-15	1.179056852152e-15
1.16000000e-01	1.131221719457e+00	1.131221719457e+00	1.110223024625e-15	9.814371537686e-16
1.17000000e-01	1.132502831257e+00	1.132502831257e+00	1.332267629550e-15	1.176392316893e-15
1.18000000e-01	1.133786848073e+00	1.133786848073e+00	1.110223024625e-15	9.792167077194e-16
1.19000000e-01	1.135073779796e+00	1.135073779796e+00	1.110223024625e-15	9.781064846948e-16
1.20000000e-01	1.136363636364e+00	1.136363636364e+00	8.881784197001e-16	7.815970093361e-16
1.21000000e-01	1.137656427759e+00	1.137656427759e+00	8.881784197001e-16	7.807088309164e-16
1.22000000e-01	1.138952164009e+00	1.138952164009e+00	1.110223024625e-15	9.747758156209e-16
1.23000000e-01	1.140250855188e+00	1.140250855188e+00	8.881784197001e-16	7.789324740770e-16
1.24000000e-01	1.141552511416e+00	1.141552511416e+00	1.110223024625e-15	9.725553695716e-16
1.25000000e-01	1.142857142857e+00	1.142857142857e+00	1.110223024625e-15	9.714451465470e-16
1.26000000e-01	1.144164759725e+00	1.144164759725e+00	1.110223024625e-15	9.703349235224e-16
1.27000000e-01	1.145475372279e+00	1.145475372279e+00	1.110223024625e-15	9.692247004978e-16
1.28000000e-01	1.146788990826e+00	1.146788990826e+00	8.881784197001e-16	7.744915819785e-16
1.29000000e-01	1.148105625718e+00	1.148105625718e+00	1.110223024625e-15	9.670042544485e-16
1.30000000e-01	1.149425287356e+00	1.149425287356e+00	1.110223024625e-15	9.658940314239e-16
1.31000000e-01	1.150747986191e+00	1.150747986191e+00	1.110223024625e-15	9.647838083993e-16
1.32000000e-01	1.152073732719e+00	1.152073732719e+00	1.110223024625e-15	9.636735853746e-16
1.33000000e-01	1.153402537486e+00	1.153402537486e+00	1.332267629550e-15	1.155076034820e-15
1.34000000e-01	1.154734411085e+00	1.154734411085e+00	1.110223024625e-15	9.614531393254e-16
1.35000000e-01	1.156069364162e+00	1.156069364162e+00	1.554312234475e-15	1.344480082821e-15
1.36000000e-01	1.157407407407e+00	1.157407407407e+00	1.554312234475e-15	1.342925770587e-15
1.37000000e-01	1.158748551564e+00	1.158748551564e+00	1.554312234475e-15	1.341371458352e-15
1.38000000e-01	1.160092807425e+00	1.160092807425e+00	1.554312234475e-15	1.339817146118e-15
1.39000000e-01	1.161440185830e+00	1.161440185830e+00	1.554312234475e-15	1.338262833883e-15
1.40000000e-01	1.162790697674e+00	1.162790697674e+00	1.776356839400e-15	1.527666881884e-15
1.41000000e-01	1.164144353900e+00	1.164144353900e+00	1.776356839400e-15	1.525890525045e-15
1.42000000e-01	1.165501165501e+00	1.165501165501e+00	1.554312234475e-15	1.333599897180e-15
1.43000000e-01	1.166861143524e+00	1.166861143524e+00	1.554312234475e-15	1.332045584945e-15
1.44000000e-01	1.168224299065e+00	1.168224299065e+00	1.554312234475e-15	1.330491272711e-15
1.45000000e-01	1.169590643275e+00	1.169590643275e+00	1.554312234475e-15	1.328936960476e-15
1.46000000e-01	1.170960187354e+00	1.170960187354e+00	1.332267629550e-15	1.137756555636e-15
1.47000000e-01	1.172332942556e+00	1.172332942556e+00	1.110223024625e-15	9.470202400053e-16
1.48000000e-01	1.173708920188e+00	1.173708920188e+00	8.881784197001e-16	7.567280135845e-16
1.49000000e-01	1.175088131610e+00	1.175088131610e+00	1.110223024625e-15	9.447997939560e-16
1.50000000e-01	1.176470588235e+00	1.176470588235e+00	1.110223024625e-15	9.436895709314e-16
1.51000000e-01	1.177856301531e+00	1.177856301531e+00	1.110223024625e-15	9.425793479068e-16
1.52000000e-01	1.179245283019e+00	1.179245283019e+00	8.881784197001e-16	7.531752999057e-16
1.53000000e-01	1.180637544274e+00	1.180637544274e+00	1.110223024625e-15	9.403589018575e-16
1.54000000e-01	1.182033096927e+00	1.182033096927e+00	6.661338147751e-16	5.635492072997e-16
1.55000000e-01	1.183431952663e+00	1.183431952663e+00	6.661338147751e-16	5.628830734850e-16
1.56000000e-01	1.184834123223e+00	1.184834123223e+00	4.440892098501e-16	3.748112931135e-16
1.57000000e-01	1.186239620403e+00	1.186239620403e+00	8.881784197001e-16	7.487344078072e-16
1.58000000e-01	1.187648456057e+00	1.187648456057e+00	1.110223024625e-15	9.348077867344e-16
1.59000000e-01	1.189060642093e+00	1.189060642093e+00	8.881784197001e-16	7.469580509678e-16
1.60000000e-01	1.190476190476e+00	1.190476190476e+00	6.661338147751e-16	5.595524044111e-16
1.61000000e-01	1.191895113230e+00	1.191895113230e+00	4.440892098501e-16	3.725908470642e-16
1.62000000e-01	1.193317422434e+00	1.193317422434e+00	2.220446049250e-16	1.860733789272e-16
1.63000000e-01	1.194743130227e+00	1.194743130227e+00	2.220446049250e-16	1.858513343223e-16
1.64000000e-01	1.196172248804e+00	1.196172248804e+00	0.000000000000e+00	0.000000000000e+00
1.65000000e-01	1.197604790419e+00	1.197604790419e+00	2.220446049250e-16	1.854072451124e-16
1.66000000e-01	1.199040767386e+00	1.199040767386e+00	2.220446049250e-16	1.851852005075e-16
1.67000000e-01	1.200480192077e+00	1.200480192077e+00	8.881784197001e-16	7.398526236102e-16
1.68000000e-01	1.201923076923e+00	1.201923076923e+00	8.881784197001e-16	7.389644451905e-16
1.69000000e-01	1.203369434416e+00	1.203369434416e+00	8.881784197001e-16	7.380762667708e-16
1.70000000e-01	1.204819277108e+00	1.204819277108e+00	1.110223024625e-15	9.214851104389e-16
1.71000000e-01	1.206272617612e+00	1.206272617612e+00	1.332267629550e-15	1.104449864897e-15
1.72000000e-01	1.207729468599e+00	1.207729468599e+00	1.110223024625e-15	9.192646643896e-16
1.73000000e-01	1.209189842805e+00	1.209189842805e+00	1.110223024625e-15	9.181544413650e-16
1.74000000e-01	1.210653753027e+00	1.210653753027e+00	1.332267629550e-15	1.100453062008e-15
1.75000000e-01	1.212121212121e+00	1.212121212121e+00	1.332267629550e-15	1.099120794379e-15
1.76000000e-01	1.213592233010e+00	1.213592233010e+00	1.332267629550e-15	1.097788526749e-15
1.77000000e-01	1.215066828676e+00	1.215066828676e+00	8.881784197001e-16	7.309708394132e-16
1.78000000e-01	1.216545012165e+00	1.216545012165e+00	6.661338147751e-16	5.475619957451e-16
1.79000000e-01	1.218026796590e+00	1.218026796590e+00	6.661338147751e-16	5.468958619304e-16
1.80000000e-01	1.219512195122e+00	1.219512195122e+00	8.881784197001e-16	7.283063041541e-16
1.81000000e-01	1.221001221001e+00	1.221001221001e+00	8.881784197001e-16	7.274181257344e-16
1.82000000e-01	1.222493887531e+00	1.222493887531e+00	6.661338147751e-16	5.448974604860e-16
1.83000000e-01	1.223990208078e+00	1.223990208078e+00	6.661338147751e-16	5.442313266713e-16
1.84000000e-01	1.225490196078e+00	1.225490196078e+00	4.440892098501e-16	3.623767952377e-16
1.85000000e-01	1.226993865031e+00	1.226993865031e+00	4.440892098501e-16	3.619327060278e-16
1.86000000e-01	1.228501228501e+00	1.228501228501e+00	8.881784197001e-16	7.229772336359e-16
1.87000000e-01	1.230012300123e+00	1.230012300123e+00	8.881784197001e-16	7.220890552162e-16
1.88000000e-01	1.231527093596e+00	1.231527093596e+00	1.110223024625e-15	9.015010959956e-16
1.89000000e-01	1.233045622688e+00	1.233045622688e+00	1.332267629550e-15	1.080469047565e-15
1.90000000e-01	1.234567901235e+00	1.234567901235e+00	1.554312234475e-15	1.258992909925e-15
1.91000000e-01	1.236093943140e+00	1.236093943140e+00	1.554312234475e-15	1.257438597690e-15
1.92000000e-01	1.237623762376e+00	1.237623762376e+00	1.776356839400e-15	1.435296326235e-15
1.93000000e-01	1.239157372986e+00	1.239157372986e+00	1.332267629550e-15	1.075139977047e-15
1.94000000e-01	1.240694789082e+00	1.240694789082e+00	1.554312234475e-15	1.252775660987e-15
1.95000000e-01	1.242236024845e+00	1.242236024845e+00	1.332267629550e-15	1.072475441788e-15
1.96000000e-01	1.243781094527e+00	1.243781094527e+00	1.110223024625e-15	8.926193117986e-16
1.97000000e-01	1.245330012453e+00	1.245330012453e+00	8.881784197001e-16	7.132072710192e-16
1.98000000e-01	1.246882793017e+00	1.246882793017e+00	1.110223024625e-15	8.903988657494e-16
1.99000000e-01	1.248439450687e+00	1.248439450687e+00	8.881784197001e-16	7.114309141798e-16
2.00000000e-01	1.250000000000e+00	1.250000000000e+00	1.110223024625e-15	8.881784197001e-16
2.01000000e-01	1.251564455569e+00	1.251564455569e+00	1.110223024625e-15	8.870681966755e-16
2.02000000e-01	1.253132832080e+00	1.253132832080e+00	1.332267629550e-15	1.063149568381e-15
2.03000000e-01	1.254705144291e+00	1.254705144291e+00	1.110223024625e-15	8.848477506262e-16
2.04000000e-01	1.256281407035e+00	1.256281407035e+00	1.110223024625e-15	8.837375276016e-16
2.05000000e-01	1.257861635220e+00	1.257861635220e+00	8.881784197001e-16	7.061018436616e-16
2.06000000e-01	1.259445843829e+00	1.259445843829e+00	8.881784197001e-16	7.052136652419e-16
2.07000000e-01	1.261034047919e+00	1.261034047919e+00	8.881784197001e-16	7.043254868222e-16
2.08000000e-01	1.262626262626e+00	1.262626262626e+00	8.881784197001e-16	7.034373084025e-16
2.09000000e-01	1.264222503161e+00	1.264222503161e+00	1.110223024625e-15	8.781864124785e-16
2.10000000e-01	1.265822784810e+00	1.265822784810e+00	1.110223024625e-15	8.770761894539e-16
2.11000000e-01	1.267427122940e+00	1.267427122940e+00	8.881784197001e-16	7.007727731434e-16
2.12000000e-01	1.269035532995e+00	1.269035532995e+00	1.110223024625e-15	8.748557434046e-16
2.13000000e-01	1.270648030496e+00	1.270648030496e+00	1.110223024625e-15	8.737455203800e-16
2.14000000e-01	1.272264631043e+00	1.272264631043e+00	8.881784197001e-16	6.981082378843e-16
2.15000000e-01	1.273885350318e+00	1.273885350318e+00	4.440892098501e-16	3.486100297323e-16
2.16000000e-01	1.275510204082e+00	1.275510204082e+00	4.440892098501e-16	3.481659405224e-16
2.17000000e-01	1.277139208174e+00	1.277139208174e+00	6.661338147751e-16	5.215827769689e-16
2.18000000e-01	1.278772378517e+00	1.278772378517e+00	4.440892098501e-16	3.472777621027e-16
2.19000000e-01	1.280409731114e+00	1.280409731114e+00	4.440892098501e-16	3.468336728929e-16
2.20000000e-01	1.282051282051e+00	1.282051282051e+00	4.440892098501e-16	3.463895836830e-16
2.21000000e-01	1.283697047497e+00	1.283697047497e+00	6.661338147751e-16	5.189182417098e-16
2.22000000e-01	1.285347043702e+00	1.285347043702e+00	6.661338147751e-16	5.182521078950e-16
2.23000000e-01	1.287001287001e+00	1.287001287001e+00	6.661338147751e-16	5.175859740802e-16
2.24000000e-01	1.288659793814e+00	1.288659793814e+00	6.661338147751e-16	5.169198402655e-16
2.25000000e-01	1.290322580645e+00	1.290322580645e+00	4.440892098501e-16	3.441691376338e-16
2.26000000e-01	1.291989664083e+00	1.291989664083e+00	0.000000000000e+00	0.000000000000e+00
2.27000000e-01	1.293661060802e+00	1.293661060802e+00	0.000000000000e+00	0.000000000000e+00
2.28000000e-01	1.295336787565e+00	1.295336787565e+00	0.000000000000e+00	0.000000000000e+00
2.29000000e-01	1.297016861219e+00	1.297016861219e+00	0.000000000000e+00	0.000000000000e+00
2.30000000e-01	1.298701298701e+00	1.298701298701e+00	0.000000000000e+00	0.000000000000e+00
2.31000000e-01	1.300390117035e+00	1.300390117035e+00	0.000000000000e+00	0.000000000000e+00
2.32000000e-01	1.302083333333e+00	1.302083333333e+00	0.000000000000e+00	0.000000000000e+00
2.33000000e-01	1.303780964798e+00	1.303780964798e+00	6.661338147751e-16	5.109246359325e-16
2.34000000e-01	1.305483028721e+00	1.305483028721e+00	6.661338147751e-16	5.102585021177e-16
2.35000000e-01	1.307189542484e+00	1.307189542484e+00	8.881784197001e-16	6.794564910706e-16
2.36000000e-01	1.308900523560e+00	1.308900523560e+00	1.110223024625e-15	8.482103908136e-16
2.37000000e-01	1.310615989515e+00	1.310615989515e+00	1.110223024625e-15	8.471001677890e-16
2.38000000e-01	1.312335958005e+00	1.312335958005e+00	1.110223024625e-15	8.459899447644e-16
2.39000000e-01	1.314060446781e+00	1.314060446781e+00	1.332267629550e-15	1.013855666088e-15
2.40000000e-01	1.315789473684e+00	1.315789473684e+00	8.881784197001e-16	6.750155989721e-16
2.41000000e-01	1.317523056653e+00	1.317523056653e+00	8.881784197001e-16	6.741274205524e-16
2.42000000e-01	1.319261213720e+00	1.319261213720e+00	6.661338147751e-16	5.049294315995e-16
2.43000000e-01	1.321003963012e+00	1.321003963012e+00	8.881784197001e-16	6.723510637130e-16
2.44000000e-01	1.322751322751e+00	1.322751322751e+00	8.881784197001e-16	6.714628852933e-16
2.45000000e-01	1.324503311258e+00	1.324503311258e+00	4.440892098501e-16	3.352873534368e-16
2.46000000e-01	1.326259946950e+00	1.326259946950e+00	2.220446049250e-16	1.674216321135e-16
2.47000000e-01	1.328021248340e+00	1.328021248340e+00	2.220446049250e-16	1.671995875085e-16
2.48000000e-01	1.329787234043e+00	1.329787234043e+00	2.220446049250e-16	1.669775429036e-16
2.49000000e-01	1.331557922770e+00	1.331557922770e+00	2.220446049250e-16	1.667554982987e-16
2.50000000e-01	1.333333333333e+00	1.333333333333e+00	4.440892098501e-16	3.330669073875e-16
2.51000000e-01	1.335113484646e+00	1.335113484646e+00	2.220446049250e-16	1.663114090888e-16
2.52000000e-01	1.336898395722e+00	1.336898395722e+00	2.220446049250e-16	1.660893644839e-16
2.53000000e-01	1.338688085676e+00	1.338688085676e+00	0.000000000000e+00	0.000000000000e+00
2.54000000e-01	1.340482573727e+00	1.340482573727e+00	0.000000000000e+00	0.000000000000e+00
2.55000000e-01	1.342281879195e+00	1.342281879195e+00	0.000000000000e+00	0.000000000000e+00
2.56000000e-01	1.344086021505e+00	1.344086021505e+00	4.440892098501e-16	3.304023721284e-16
2.57000000e-01	1.345895020188e+00	1.345895020188e+00	4.440892098501e-16	3.299582829186e-16
2.58000000e-01	1.347708894879e+00	1.347708894879e+00	6.661338147751e-16	4.942712905631e-16
2.59000000e-01	1.349527665317e+00	1.349527665317e+00	4.440892098501e-16	3.290701044989e-16
2.60000000e-01	1.351351351351e+00	1.351351351351e+00	6.661338147751e-16	4.929390229336e-16
2.61000000e-01	1.353179972936e+00	1.353179972936e+00	4.440892098501e-16	3.281819260792e-16
2.62000000e-01	1.355013550136e+00	1.355013550136e+00	8.881784197001e-16	6.554756737387e-16
2.63000000e-01	1.356852103121e+00	1.356852103121e+00	4.440892098501e-16	3.272937476595e-16
2.64000000e-01	1.358695652174e+00	1.358695652174e+00	6.661338147751e-16	4.902744876745e-16
2.65000000e-01	1.360544217687e+00	1.360544217687e+00	2.220446049250e-16	1.632027846199e-16
2.66000000e-01	1.362397820163e+00	1.362397820163e+00	4.440892098501e-16	3.259614800299e-16
2.67000000e-01	1.364256480218e+00	1.364256480218e+00	0.000000000000e+00	0.000000000000e+00
2.68000000e-01	1.366120218579e+00	1.366120218579e+00	4.440892098501e-16	3.250733016102e-16
2.69000000e-01	1.367989056088e+00	1.367989056088e+00	4.440892098501e-16	3.246292124004e-16
2.70000000e-01	1.369863013699e+00	1.369863013699e+00	4.440892098501e-16	3.241851231905e-16
2.71000000e-01	1.371742112483e+00	1.371742112483e+00	8.881784197001e-16	6.474820679614e-16
2.72000000e-01	1.373626373626e+00	1.373626373626e+00	1.110223024625e-15	8.082423619271e-16
2.73000000e-01	1.375515818432e+00	1.375515818432e+00	1.110223024625e-15	8.071321389025e-16
2.74000000e-01	1.377410468320e+00	1.377410468320e+00	1.332267629550e-15	9.672262990534e-16
2.75000000e-01	1.379310344828e+00	1.379310344828e+00	1.332267629550e-15	9.658940314239e-16
2.76000000e-01	1.381215469613e+00	1.381215469613e+00	1.332267629550e-15	9.645617637943e-16
2.77000000e-01	1.383125864454e+00	1.383125864454e+00	1.332267629550e-15	9.632294961648e-16
2.78000000e-01	1.385041551247e+00	1.385041551247e+00	1.776356839400e-15	1.282529638047e-15
2.79000000e-01	1.386962552011e+00	1.386962552011e+00	1.554312234475e-15	1.120659121057e-15
2.80000000e-01	1.388888888889e+00	1.388888888889e+00	1.554312234475e-15	1.119104808822e-15
2.81000000e-01	1.390820584145e+00	1.390820584145e+00	1.332267629550e-15	9.579004256466e-16
2.82000000e-01	1.392757660167e+00	1.392757660167e+00	1.332267629550e-15	9.565681580170e-16
2.83000000e-01	1.394700139470e+00	1.394700139470e+00	1.110223024625e-15	7.960299086562e-16
2.84000000e-01	1.396648044693e+00	1.396648044693e+00	1.110223024625e-15	7.949196856316e-16
2.85000000e-01	1.398601398601e+00	1.398601398601e+00	8.881784197001e-16	6.350475700856e-16
2.86000000e-01	1.400560224090e+00	1.400560224090e+00	8.881784197001e-16	6.341593916659e-16
2.87000000e-01	1.402524544180e+00	1.402524544180e+00	4.440892098501e-16	3.166356066231e-16
2.88000000e-01	1.404494382022e+00	1.404494382022e+00	8.881784197001e-16	6.323830348265e-16
2.89000000e-01	1.406469760900e+00	1.406469760900e+00	6.661338147751e-16	4.736211423051e-16
2.90000000e-01	1.408450704225e+00	1.408450704225e+00	8.881784197001e-16	6.306066779871e-16
2.91000000e-01	1.410437235543e+00	1.410437235543e+00	6.661338147751e-16	4.722888746755e-16
2.92000000e-01	1.412429378531e+00	1.412429378531e+00	1.110223024625e-15	7.860379014346e-16
2.93000000e-01	1.414427157001e+00	1.414427157001e+00	6.661338147751e-16	4.709566070460e-16
2.94000000e-01	1.416430594901e+00	1.416430594901e+00	1.110223024625e-15	7.838174553854e-16
2.95000000e-01	1.418439716312e+00	1.418439716312e+00	1.110223024625e-15	7.827072323607e-16
2.96000000e-01	1.420454545455e+00	1.420454545455e+00	1.554312234475e-15	1.094235813071e-15
2.97000000e-01	1.422475106686e+00	1.422475106686e+00	1.332267629550e-15	9.365841435738e-16
2.98000000e-01	1.424501424501e+00	1.424501424501e+00	1.554312234475e-15	1.091127188602e-15
2.99000000e-01	1.426533523538e+00	1.426533523538e+00	1.110223024625e-15	7.782663402622e-16
3.00000000e-01	1.428571428571e+00	1.428571428571e+00	1.110223024625e-15	7.771561172376e-16
3.01000000e-01	1.430615164521e+00	1.430615164521e+00	8.881784197001e-16	6.208367153704e-16
3.02000000e-01	1.432664756447e+00	1.432664756447e+00	1.110223024625e-15	7.749356711884e-16
3.03000000e-01	1.434720229555e+00	1.434720229555e+00	1.110223024625e-15	7.738254481637e-16
3.04000000e-01	1.436781609195e+00	1.436781609195e+00	1.332267629550e-15	9.272582701669e-16
3.05000000e-01	1.438848920863e+00	1.438848920863e+00	1.332267629550e-15	9.259260025374e-16
3.06000000e-01	1.440922190202e+00	1.440922190202e+00	1.554312234475e-15	1.078692690726e-15
3.07000000e-01	1.443001443001e+00	1.443001443001e+00	1.332267629550e-15	9.232614672783e-16
3.08000000e-01	1.445086705202e+00	1.445086705202e+00	1.776356839400e-15	1.229238932865e-15
3.09000000e-01	1.447178002894e+00	1.447178002894e+00	1.776356839400e-15	1.227462576026e-15
3.10000000e-01	1.449275362319e+00	1.449275362319e+00	1.776356839400e-15	1.225686219186e-15
3.11000000e-01	1.451378809869e+00	1.451378809869e+00	1.554312234475e-15	1.070921129553e-15
3.12000000e-01	1.453488372093e+00	1.453488372093e+00	1.998401444325e-15	1.374900193696e-15
3.13000000e-01	1.455604075691e+00	1.455604075691e+00	1.998401444325e-15	1.372901792251e-15
3.14000000e-01	1.457725947522e+00	1.457725947522e+00	1.998401444325e-15	1.370903390807e-15
3.15000000e-01	1.459854014599e+00	1.459854014599e+00	1.998401444325e-15	1.368904989363e-15
3.16000000e-01	1.461988304094e+00	1.461988304094e+00	2.220446049250e-15	1.518785097687e-15
3.17000000e-01	1.464128843338e+00	1.464128843338e+00	1.998401444325e-15	1.364908186474e-15
3.18000000e-01	1.466275659824e+00	1.466275659824e+00	2.442490654175e-15	1.665778626148e-15
3.19000000e-01	1.468428781204e+00	1.468428781204e+00	1.776356839400e-15	1.209699007632e-15
3.20000000e-01	1.470588235294e+00	1.470588235294e+00	1.776356839400e-15	1.207922650792e-15
3.21000000e-01	1.472754050074e+00	1.472754050074e+00	1.554312234475e-15	1.055378007209e-15
3.22000000e-01	1.474926253687e+00	1.474926253687e+00	1.554312234475e-15	1.053823694974e-15
3.23000000e-01	1.477104874446e+00	1.477104874446e+00	1.332267629550e-15	9.019451852055e-16
3.24000000e-01	1.479289940828e+00	1.479289940828e+00	1.776356839400e-15	1.200817223435e-15
3.25000000e-01	1.481481481481e+00	1.481481481481e+00	1.776356839400e-15	1.199040866595e-15
3.26000000e-01	1.483679525223e+00	1.483679525223e+00	1.998401444325e-15	1.346922573475e-15
3.27000000e-01	1.485884101040e+00	1.485884101040e+00	1.998401444325e-15	1.344924172031e-15
3.28000000e-01	1.488095238095e+00	1.488095238095e+00	2.220446049250e-15	1.492139745096e-15
3.29000000e-01	1.490312965723e+00	1.490312965723e+00	1.776356839400e-15	1.191935439238e-15
3.30000000e-01	1.492537313433e+00	1.492537313433e+00	1.998401444325e-15	1.338928967698e-15
3.31000000e-01	1.494768310912e+00	1.494768310912e+00	1.332267629550e-15	8.912870441691e-16
3.32000000e-01	1.497005988024e+00	1.497005988024e+00	1.776356839400e-15	1.186606368719e-15
3.33000000e-01	1.499250374813e+00	1.499250374813e+00	1.554312234475e-15	1.036726260395e-15
3.34000000e-01	1.501501501502e+00	1.501501501502e+00	1.998401444325e-15	1.330935361921e-15
3.35000000e-01	1.503759398496e+00	1.503759398496e+00	1.554312234475e-15	1.033617635926e-15
3.36000000e-01	1.506024096386e+00	1.506024096386e+00	1.776356839400e-15	1.179500941362e-15
3.37000000e-01	1.508295625943e+00	1.508295625943e+00	1.554312234475e-15	1.030509011457e-15
3.38000000e-01	1.510574018127e+00	1.510574018127e+00	1.776356839400e-15	1.175948227683e-15
3.39000000e-01	1.512859304085e+00	1.512859304085e+00	1.332267629550e-15	8.806289031327e-16
3.40000000e-01	1.515151515152e+00	1.515151515152e+00	1.998401444325e-15	1.318944953255e-15
3.41000000e-01	1.517450682853e+00	1.517450682853e+00	1.998401444325e-15	1.316946551810e-15
3.42000000e-01	1.519756838906e+00	1.519756838906e+00	2.220446049250e-15	1.461053500407e-15
3.43000000e-01	1.522070015221e+00	1.522070015221e+00	1.776356839400e-15	1.167066443486e-15
3.44000000e-01	1.524390243902e+00	1.524390243902e+00	1.776356839400e-15	1.165290086647e-15
3.45000000e-01	1.526717557252e+00	1.526717557252e+00	1.776356839400e-15	1.163513729807e-15
3.46000000e-01	1.529051987768e+00	1.529051987768e+00	1.776356839400e-15	1.161737372968e-15
3.47000000e-01	1.531393568147e+00	1.531393568147e+00	1.554312234475e-15	1.014965889112e-15
3.48000000e-01	1.533742331288e+00	1.533742331288e+00	1.776356839400e-15	1.158184659289e-15
3.49000000e-01	1.536098310292e+00	1.536098310292e+00	1.332267629550e-15	8.673062268372e-16
3.50000000e-01	1.538461538462e+00	1.538461538462e+00	1.776356839400e-15	1.154631945610e-15
3.51000000e-01	1.540832049307e+00	1.540832049307e+00	1.332267629550e-15	8.646416915781e-16
3.52000000e-01	1.543209876543e+00	1.543209876543e+00	1.332267629550e-15	8.633094239485e-16
3.53000000e-01	1.545595054096e+00	1.545595054096e+00	1.332267629550e-15	8.619771563190e-16
3.54000000e-01	1.547987616099e+00	1.547987616099e+00	1.776356839400e-15	1.147526518253e-15
3.55000000e-01	1.550387596899e+00	1.550387596899e+00	1.554312234475e-15	1.002531391237e-15
3.56000000e-01	1.552795031056e+00	1.552795031056e+00	1.776356839400e-15	1.143973804574e-15
3.57000000e-01	1.555209953344e+00	1.555209953344e+00	1.554312234475e-15	9.994227667676e-16
3.58000000e-01	1.557632398754e+00	1.557632398754e+00	1.998401444325e-15	1.282973727257e-15
3.59000000e-01	1.560062402496e+00	1.560062402496e+00	1.776356839400e-15	1.138644734056e-15
3.60000000e-01	1.562500000000e+00	1.562500000000e+00	2.442490654175e-15	1.563194018672e-15
3.61000000e-01	1.564945226917e+00	1.564945226917e+00	2.220446049250e-15	1.418865025471e-15
3.62000000e-01	1.567398119122e+00	1.567398119122e+00	2.664535259100e-15	1.699973495306e-15
3.63000000e-01	1.569858712716e+00	1.569858712716e+00	2.442490654175e-15	1.555866546710e-15
3.64000000e-01	1.572327044025e+00	1.572327044025e+00	2.442490654175e-15	1.553424056056e-15
3.65000000e-01	1.574803149606e+00	1.574803149606e+00	2.220446049250e-15	1.409983241274e-15
3.66000000e-01	1.577287066246e+00	1.577287066246e+00	2.442490654175e-15	1.548539074747e-15
3.67000000e-01	1.579778830964e+00	1.579778830964e+00	1.998401444325e-15	1.264988114258e-15
3.68000000e-01	1.582278481013e+00	1.582278481013e+00	2.664535259100e-15	1.683986283751e-15
3.69000000e-01	1.584786053883e+00	1.584786053883e+00	2.442490654175e-15	1.541211602785e-15
3.70000000e-01	1.587301587302e+00	1.587301587302e+00	3.108624468950e-15	1.958433415439e-15
3.71000000e-01	1.589825119237e+00	1.589825119237e+00	3.108624468950e-15	1.955324790970e-15
3.72000000e-01	1.592356687898e+00	1.592356687898e+00	3.552713678801e-15	2.231104190287e-15
3.73000000e-01	1.594896331738e+00	1.594896331738e+00	3.552713678801e-15	2.227551476608e-15
3.74000000e-01	1.597444089457e+00	1.597444089457e+00	3.996802888651e-15	2.501998608295e-15
3.75000000e-01	1.600000000000e+00	1.600000000000e+00	3.552713678801e-15	2.220446049250e-15
3.76000000e-01	1.602564102564e+00	1.602564102564e+00	3.996802888651e-15	2.494005002518e-15
3.77000000e-01	1.605136436597e+00	1.605136436597e+00	3.552713678801e-15	2.213340621893e-15
3.78000000e-01	1.607717041801e+00	1.607717041801e+00	3.996802888651e-15	2.486011396741e-15
3.79000000e-01	1.610305958132e+00	1.610305958132e+00	3.996802888651e-15	2.482014593852e-15
3.80000000e-01	1.612903225806e+00	1.612903225806e+00	4.440892098501e-15	2.753353101070e-15
3.81000000e-01	1.615508885299e+00	1.615508885299e+00	4.440892098501e-15	2.748912208972e-15
3.82000000e-01	1.618122977346e+00	1.618122977346e+00	4.884981308351e-15	3.018918448561e-15
3.83000000e-01	1.620745542950e+00	1.620745542950e+00	4.218847493576e-15	2.603028903536e-15
3.84000000e-01	1.623376623377e+00	1.623376623377e+00	4.662936703426e-15	2.872369009310e-15
3.85000000e-01	1.626016260163e+00	1.626016260163e+00	4.662936703426e-15	2.867706072607e-15
3.86000000e-01	1.628664495114e+00	1.628664495114e+00	4.884981308351e-15	2.999378523327e-15
3.87000000e-01	1.631321370310e+00	1.631321370310e+00	4.662936703426e-15	2.858380199200e-15
3.88000000e-01	1.633986928105e+00	1.633986928105e+00	4.884981308351e-15	2.989608560711e-15
3.89000000e-01	1.636661211129e+00	1.636661211129e+00	4.662936703426e-15	2.849054325793e-15
3.90000000e-01	1.639344262295e+00	1.639344262295e+00	4.884981308351e-15	2.979838598094e-15
3.91000000e-01	1.642036124795e+00	1.642036124795e+00	4.884981308351e-15	2.974953616786e-15
3.92000000e-01	1.644736842105e+00	1.644736842105e+00	5.329070518201e-15	3.240074875066e-15
3.93000000e-01	1.647446457990e+00	1.647446457990e+00	5.107025913276e-15	3.099964729358e-15
3.94000000e-01	1.650165016502e+00	1.650165016502e+00	5.551115123126e-15	3.363975764614e-15
3.95000000e-01	1.652892561983e+00	1.652892561983e+00	5.995204332976e-15	3.627098621450e-15
3.96000000e-01	1.655629139073e+00	1.655629139073e+00	6.439293542826e-15	3.889333299867e-15
3.97000000e-01	1.658374792703e+00	1.658374792703e+00	6.439293542826e-15	3.882894006324e-15
3.98000000e-01	1.661129568106e+00	1.661129568106e+00	6.661338147751e-15	4.010125564946e-15
3.99000000e-01	1.663893510815e+00	1.663893510815e+00	6.661338147751e-15	4.003464226798e-15
4.00000000e-01	1.666666666667e+00	1.666666666667e+00	6.883382752676e-15	4.130029651606e-15
4.01000000e-01	1.669449081803e+00	1.669449081803e+00	6.217248937901e-15	3.724132113803e-15
4.02000000e-01	1.672240802676e+00	1.672240802676e+00	6.883382752676e-15	4.116262886100e-15
4.03000000e-01	1.675041876047e+00	1.675041876047e+00	6.439293542826e-15	3.844258245067e-15
4.04000000e-01	1.677852348993e+00	1.677852348993e+00	6.439293542826e-15	3.837818951524e-15
4.05000000e-01	1.680672268908e+00	1.680672268908e+00	6.661338147751e-15	3.963496197912e-15
4.06000000e-01	1.683501683502e+00	1.683501683502e+00	6.883382752676e-15	4.088729355090e-15
4.07000000e-01	1.686340640809e+00	1.686340640809e+00	6.661338147751e-15	3.950173521616e-15
4.08000000e-01	1.689189189189e+00	1.689189189189e+00	6.883382752676e-15	4.074962589584e-15
4.09000000e-01	1.692047377327e+00	1.692047377327e+00	6.661338147751e-15	3.936850845321e-15
4.10000000e-01	1.694915254237e+00	1.694915254237e+00	7.327471962526e-15	4.323208457890e-15
4.11000000e-01	1.697792869270e+00	1.697792869270e+00	6.883382752676e-15	4.054312441326e-15
4.12000000e-01	1.700680272109e+00	1.700680272109e+00	7.327471962526e-15	4.308553513965e-15
4.13000000e-01	1.703577512777e+00	1.703577512777e+00	6.661338147751e-15	3.910205492730e-15
4.14000000e-01	1.706484641638e+00	1.706484641638e+00	7.105427357601e-15	4.163780431554e-15
4.15000000e-01	1.709401709402e+00	1.709401709402e+00	6.883382752676e-15	4.026778910315e-15
4.16000000e-01	1.712328767123e+00	1.712328767123e+00	7.105427357601e-15	4.149569576839e-15
4.17000000e-01	1.715265866209e+00	1.715265866209e+00	6.883382752676e-15	4.013012144810e-15
4.18000000e-01	1.718213058419e+00	1.718213058419e+00	7.105427357601e-15	4.135358722124e-15
4.19000000e-01	1.721170395869e+00	1.721170395869e+00	6.883382752676e-15	3.999245379305e-15
4.20000000e-01	1.724137931034e+00	1.724137931034e+00	7.327471962526e-15	4.249933738265e-15
4.21000000e-01	1.727115716753e+00	1.727115716753e+00	7.327471962526e-15	4.242606266303e-15
4.22000000e-01	1.730103806228e+00	1.730103806228e+00	7.771561172376e-15	4.491962357633e-15
4.23000000e-01	1.733102253033e+00	1.733102253033e+00	7.327471962526e-15	4.227951322378e-15
4.24000000e-01	1.736111111111e+00	1.736111111111e+00	7.771561172376e-15	4.476419235289e-15
4.25000000e-01	1.739130434783e+00	1.739130434783e+00	7.549516567451e-15	4.340972026284e-15
4.26000000e-01	1.742160278746e+00	1.742160278746e+00	7.993605777301e-15	4.588329716171e-15
4.27000000e-01	1.745200698080e+00	1.745200698080e+00	7.549516567451e-15	4.325872993149e-15
4.28000000e-01	1.748251748252e+00	1.748251748252e+00	7.993605777301e-15	4.572342504616e-15
4.29000000e-01	1.751313485114e+00	1.751313485114e+00	7.771561172376e-15	4.437561429427e-15
4.30000000e-01	1.754385964912e+00	1.754385964912e+00	8.659739592076e-15	4.936051567483e-15
4.31000000e-01	1.757469244288e+00	1.757469244288e+00	8.881784197001e-15	5.053735208094e-15
4.32000000e-01	1.760563380282e+00	1.760563380282e+00	9.325873406851e-15	5.297096095092e-15
4.33000000e-01	1.763668430335e+00	1.763668430335e+00	9.103828801926e-15	5.161870930692e-15
4.34000000e-01	1.766784452297e+00	1.766784452297e+00	9.547918011776e-15	5.404121594665e-15
4.35000000e-01	1.769911504425e+00	1.769911504425e+00	9.103828801926e-15	5.143663273088e-15
4.36000000e-01	1.773049645390e+00	1.773049645390e+00	9.992007221626e-15	5.635492072997e-15
4.37000000e-01	1.776198934281e+00	1.776198934281e+00	9.769962616701e-15	5.500488953203e-15
4.38000000e-01	1.779359430605e+00	1.779359430605e+00	9.992007221626e-15	5.615508058554e-15
4.39000000e-01	1.782531194296e+00	1.782531194296e+00	9.769962616701e-15	5.480949027969e-15
4.40000000e-01	1.785714285714e+00	1.785714285714e+00	1.021405182655e-14	5.719869022869e-15
4.41000000e-01	1.788908765653e+00	1.788908765653e+00	9.769962616701e-15	5.461409102736e-15
4.42000000e-01	1.792114695340e+00	1.792114695341e+00	1.065814103640e-14	5.947242698312e-15
4.43000000e-01	1.795332136445e+00	1.795332136445e+00	9.992007221626e-15	5.565548022446e-15
4.44000000e-01	1.798561151079e+00	1.798561151079e+00	1.043609643148e-14	5.802469615901e-15
4.45000000e-01	1.801801801802e+00	1.801801801802e+00	1.021405182655e-14	5.668798763736e-15
4.46000000e-01	1.805054151625e+00	1.805054151625e+00	1.065814103640e-14	5.904610134166e-15
4.47000000e-01	1.808318264014e+00	1.808318264014e+00	1.043609643148e-14	5.771161326606e-15
4.48000000e-01	1.811594202899e+00	1.811594202899e+00	1.110223024625e-14	6.128431095931e-15
4.49000000e-01	1.814882032668e+00	1.814882032668e+00	1.065814103640e-14	5.872635711057e-15
4.50000000e-01	1.818181818182e+00	1.818181818182e+00	1.132427485118e-14	6.228351168147e-15
4.51000000e-01	1.821493624772e+00	1.821493624772e+00	1.110223024625e-14	6.095124405192e-15
4.52000000e-01	1.824817518248e+00	1.824817518248e+00	1.154631945610e-14	6.327383061944e-15
4.53000000e-01	1.828153564899e+00	1.828153564899e+00	1.132427485118e-14	6.194378343594e-15
4.54000000e-01	1.831501831502e+00	1.831501831502e+00	1.176836406103e-14	6.425526777321e-15
4.55000000e-01	1.834862385321e+00	1.834862385321e+00	1.176836406103e-14	6.413758413260e-15
4.56000000e-01	1.838235294118e+00	1.838235294118e+00	1.243449787580e-14	6.764366844436e-15
4.57000000e-01	1.841620626151e+00	1.841620626151e+00	1.199040866595e-14	6.510791905612e-15
4.58000000e-01	1.845018450184e+00	1.845018450185e+00	1.265654248073e-14	6.859846024554e-15
4.59000000e-01	1.848428835490e+00	1.848428835490e+00	1.243449787580e-14	6.727063350809e-15
4.60000000e-01	1.851851851852e+00	1.851851851852e+00	1.265654248073e-14	6.834532939592e-15
4.61000000e-01	1.855287569573e+00	1.855287569573e+00	1.243449787580e-14	6.702194355057e-15
4.62000000e-01	1.858736059480e+00	1.858736059480e+00	1.332267629550e-14	7.167599846980e-15
4.63000000e-01	1.862197392924e+00	1.862197392924e+00	1.354472090043e-14	7.273515123529e-15
4.64000000e-01	1.865671641791e+00	1.865671641791e+00	1.354472090043e-14	7.259970402629e-15
4.65000000e-01	1.869158878505e+00	1.869158878505e+00	1.287858708565e-14	6.890044090824e-15
4.66000000e-01	1.872659176030e+00	1.872659176030e+00	1.332267629550e-14	7.114309141798e-15
4.67000000e-01	1.876172607880e+00	1.876172607880e+00	1.310063169058e-14	6.982636691077e-15
4.68000000e-01	1.879699248120e+00	1.879699248120e+00	1.354472090043e-14	7.205791519027e-15
4.69000000e-01	1.883239171375e+00	1.883239171375e+00	1.310063169058e-14	6.956435427696e-15
4.70000000e-01	1.886792452830e+00	1.886792452830e+00	1.376676550535e-14	7.296385717837e-15
4.71000000e-01	1.890359168242e+00	1.890359168242e+00	1.354472090043e-14	7.165157356326e-15
4.72000000e-01	1.893939393939e+00	1.893939393939e+00	1.398881011028e-14	7.386091738226e-15
4.73000000e-01	1.897533206831e+00	1.897533206831e+00	1.376676550535e-14	7.255085421320e-15
4.74000000e-01	1.901140684411e+00	1.901140684411e+00	1.465494392505e-14	7.708500504577e-15
4.75000000e-01	1.904761904762e+00	1.904761904762e+00	1.421085471520e-14	7.460698725481e-15
4.76000000e-01	1.908396946565e+00	1.908396946565e+00	1.465494392505e-14	7.679190616727e-15
4.77000000e-01	1.912045889101e+00	1.912045889101e+00	1.443289932013e-14	7.548406344426e-15
4.78000000e-01	1.915708812261e+00	1.915708812261e+00	1.532107773983e-14	7.997602580190e-15
4.79000000e-01	1.919385796545e+00	1.919385796545e+00	1.509903313490e-14	7.866596263284e-15
4.80000000e-01	1.923076923077e+00	1.923076923077e+00	1.598721155460e-14	8.313350008393e-15
4.81000000e-01	1.926782273603e+00	1.926782273603e+00	1.554312234475e-14	8.066880496926e-15
4.82000000e-01	1.930501930502e+00	1.930501930502e+00	1.620925615953e-14	8.396394690635e-15
4.83000000e-01	1.934235976789e+00	1.934235976789e+00	1.576516694968e-14	8.150591312983e-15
4.84000000e-01	1.937984496124e+00	1.937984496124e+00	1.665334536938e-14	8.593126210599e-15
4.85000000e-01	1.941747572816e+00	1.941747572816e+00	1.620925615953e-14	8.347766922157e-15
4.86000000e-01	1.945525291829e+00	1.945525291829e+00	1.665334536938e-14	8.559819519860e-15
4.87000000e-01	1.949317738791e+00	1.949317738791e+00	1.665334536938e-14	8.543166174491e-15
4.88000000e-01	1.953125000000e+00	1.953125000000e+00	1.709743457923e-14	8.753886504564e-15
4.89000000e-01	1.956947162427e+00	1.956947162427e+00	1.709743457923e-14	8.736789069985e-15
4.90000000e-01	1.960784313725e+00	1.960784313725e+00	1.776356839400e-14	9.059419880941e-15
4.91000000e-01	1.964636542240e+00	1.964636542240e+00	1.754152378908e-14	8.928635608640e-15
4.92000000e-01	1.968503937008e+00	1.968503937008e+00	1.820765760385e-14	9.249490062757e-15
4.93000000e-01	1.972386587771e+00	1.972386587771e+00	1.776356839400e-14	9.006129175759e-15
4.94000000e-01	1.976284584980e+00	1.976284584980e+00	1.842970220878e-14	9.325429317641e-15
4.95000000e-01	1.980198019802e+00	1.980198019802e+00	1.820765760385e-14	9.194867089946e-15
4.96000000e-01	1.984126984127e+00	1.984126984127e+00	1.909583602355e-14	9.624301355871e-15
4.97000000e-01	1.988071570577e+00	1.988071570577e+00	1.865174681370e-14	9.381828647292e-15
4.98000000e-01	1.992031872510e+00	1.992031872510e+00	1.931788062848e-14	9.697576075496e-15
4.99000000e-01	1.996007984032e+00	1.996007984032e+00	1.909583602355e-14	9.567013847800e-15
5.00000000e-01	2.000000000000e+00	2.000000000000e+00	1.931788062848e-14	9.658940314239e-15
5.01000000e-01	2.004008016032e+00	2.004008016032e+00	1.998401444325e-14	9.972023207183e-15
5.02000000e-01	2.008032128514e+00	2.008032128514e+00	2.042810365310e-14	1.017319561925e-14
5.03000000e-01	2.012072434608e+00	2.012072434608e+00	2.042810365310e-14	1.015276751559e-14
5.04000000e-01	2.016129032258e+00	2.016129032258e+00	2.087219286295e-14	1.035260766002e-14
5.05000000e-01	2.020202020202e+00	2.020202020202e+00	2.176037128265e-14	1.077138378491e-14
5.06000000e-01	2.024291497976e+00	2.024291497976e+00	2.176037128265e-14	1.074962341363e-14
5.07000000e-01	2.028397565923e+00	2.028397565923e+00	2.220446049250e-14	1.094679902280e-14
5.08000000e-01	2.032520325203e+00	2.032520325203e+00	2.220446049250e-14	1.092459456231e-14
5.09000000e-01	2.036659877800e+00	2.036659877800e+00	2.220446049250e-14	1.090239010182e-14
5.10000000e-01	2.040816326531e+00	2.040816326531e+00	2.309263891220e-14	1.131539306698e-14
5.11000000e-01	2.044989775051e+00	2.044989775051e+00	2.309263891220e-14	1.129230042807e-14
5.12000000e-01	2.049180327869e+00	2.049180327869e+00	2.353672812205e-14	1.148592332356e-14
5.13000000e-01	2.053388090349e+00	2.053388090349e+00	2.398081733190e-14	1.167865804064e-14
5.14000000e-01	2.057613168724e+00	2.057613168724e+00	2.398081733190e-14	1.165467722331e-14
5.15000000e-01	2.061855670103e+00	2.061855670103e+00	2.486899575160e-14	1.206146293953e-14
5.16000000e-01	2.066115702479e+00	2.066115702479e+00	2.486899575160e-14	1.203659394378e-14
5.17000000e-01	2.070393374741e+00	2.070393374741e+00	2.531308496145e-14	1.222622003638e-14
5.18000000e-01	2.074688796680e+00	2.074688796680e+00	2.575717417130e-14	1.241495795057e-14
5.19000000e-01	2.079002079002e+00	2.079002079002e+00	2.664535259100e-14	1.281641459627e-14
5.20000000e-01	2.083333333333e+00	2.083333333333e+00	2.708944180085e-14	1.300293206441e-14
5.21000000e-01	2.087682672234e+00	2.087682672234e+00	2.708944180085e-14	1.297584262261e-14
5.22000000e-01	2.092050209205e+00	2.092050209205e+00	2.753353101070e-14	1.316102782312e-14
5.23000000e-01	2.096436058700e+00	2.096436058700e+00	2.797762022055e-14	1.334532484520e-14
5.24000000e-01	2.100840336134e+00	2.100840336134e+00	2.842170943040e-14	1.352873368887e-14
5.25000000e-01	2.105263157895e+00	2.105263157895e+00	2.975397705995e-14	1.413313910348e-14
5.26000000e-01	2.109704641350e+00	2.109704641350e+00	3.019806626980e-14	1.431388341189e-14
5.27000000e-01	2.114164904863e+00	2.114164904863e+00	3.019806626980e-14	1.428368534562e-14
5.28000000e-01	2.118644067797e+00	2.118644067797e+00	2.975397705995e-14	1.404387717230e-14
5.29000000e-01	2.123142250531e+00	2.123142250531e+00	3.064215547965e-14	1.443245523092e-14
5.30000000e-01	2.127659574468e+00	2.127659574468e+00	3.064215547965e-14	1.440181307544e-14
5.31000000e-01	2.132196162047e+00	2.132196162047e+00	3.153033389935e-14	1.478772659880e-14
5.32000000e-01	2.136752136752e+00	2.136752136752e+00	3.197442310920e-14	1.496403001511e-14
5.33000000e-01	2.141327623126e+00	2.141327623126e+00	3.197442310920e-14	1.493205559200e-14
5.34000000e-01	2.145922746781e+00	2.145922746781e+00	3.330669073875e-14	1.552091788426e-14
5.35000000e-01	2.150537634409e+00	2.150537634409e+00	3.375077994860e-14	1.569411267610e-14
5.36000000e-01	2.155172413793e+00	2.155172413793e+00	3.419486915845e-14	1.586641928952e-14
5.37000000e-01	2.159827213823e+00	2.159827213823e+00	3.508304757815e-14	1.624345102869e-14
5.38000000e-01	2.164502164502e+00	2.164502164502e+00	3.552713678801e-14	1.641353719606e-14
5.39000000e-01	2.169197396963e+00	2.169197396963e+00	3.597122599786e-14	1.658273518501e-14
5.40000000e-01	2.173913043478e+00	2.173913043478e+00	3.685940441756e-14	1.695532603208e-14
5.41000000e-01	2.178649237473e+00	2.178649237473e+00	3.730349362741e-14	1.712230357498e-14
5.42000000e-01	2.183406113537e+00	2.183406113537e+00	3.774758283726e-14	1.728839293946e-14
5.43000000e-01	2.188183807440e+00	2.188183807440e+00	3.774758283726e-14	1.725064535663e-14
5.44000000e-01	2.192982456140e+00	2.192982456140e+00	3.907985046681e-14	1.782041181286e-14
5.45000000e-01	2.197802197802e+00	2.197802197802e+00	3.952393967666e-14	1.798339255288e-14
5.46000000e-01	2.202643171806e+00	2.202643171806e+00	4.041211809636e-14	1.834710161575e-14
5.47000000e-01	2.207505518764e+00	2.207505518764e+00	4.085620730621e-14	1.850786190971e-14
5.48000000e-01	2.212389380531e+00	2.212389380531e+00	4.130029651606e-14	1.866773402526e-14
5.49000000e-01	2.217294900222e+00	2.217294900222e+00	4.218847493576e-14	1.902700219603e-14
5.50000000e-01	2.222222222222e+00	2.222222222222e+00	4.263256414561e-14	1.918465386552e-14
5.51000000e-01	2.227171492205e+00	2.227171492205e+00	4.263256414561e-14	1.914202130138e-14
5.52000000e-01	2.232142857143e+00	2.232142857143e+00	4.263256414561e-14	1.909938873723e-14
5.53000000e-01	2.237136465324e+00	2.237136465324e+00	4.352074256531e-14	1.945377192669e-14
5.54000000e-01	2.242152466368e+00	2.242152466368e+00	4.485301019486e-14	2.000444254691e-14
5.55000000e-01	2.247191011236e+00	2.247191011236e+00	4.485301019486e-14	1.995958953671e-14
5.56000000e-01	2.252252252252e+00	2.252252252252e+00	4.485301019486e-14	1.991473652652e-14
5.57000000e-01	2.257336343115e+00	2.257336343115e+00	4.574118861456e-14	2.026334655625e-14
5.58000000e-01	2.262443438914e+00	2.262443438914e+00	4.662936703426e-14	2.061018022914e-14
5.59000000e-01	2.267573696145e+00	2.267573696145e+00	4.751754545396e-14	2.095523754519e-14
5.60000000e-01	2.272727272727e+00	2.272727272727e+00	4.796163466381e-14	2.110311925207e-14
5.61000000e-01	2.277904328018e+00	2.277904328018e+00	4.929390229336e-14	2.164002310678e-14
5.62000000e-01	2.283105022831e+00	2.283105022831e+00	4.929390229336e-14	2.159072920449e-14
5.63000000e-01	2.288329519451e+00	2.288329519451e+00	4.973799150321e-14	2.173550228690e-14
5.64000000e-01	2.293577981651e+00	2.293577981651e+00	5.107025913276e-14	2.226663298188e-14
5.65000000e-01	2.298850574713e+00	2.298850574713e+00	5.151434834261e-14	2.240874152903e-14
5.66000000e-01	2.304147465438e+00	2.304147465438e+00	5.195843755246e-14	2.254996189777e-14
5.67000000e-01	2.309468822171e+00	2.309468822171e+00	5.284661597216e-14	2.288258471594e-14
5.68000000e-01	2.314814814815e+00	2.314814814815e+00	5.329070518201e-14	2.302158463863e-14
5.69000000e-01	2.320185614849e+00	2.320185614849e+00	5.373479439186e-14	2.315969638289e-14
5.70000000e-01	2.325581395349e+00	2.325581395349e+00	5.462297281156e-14	2.348787830897e-14
5.71000000e-01	2.331002331002e+00	2.331002331002e+00	5.551115123126e-14	2.381428387821e-14
5.72000000e-01	2.336448598131e+00	2.336448598131e+00	5.639932965096e-14	2.413891309061e-14
5.73000000e-01	2.341920374707e+00	2.341920374707e+00	5.728750807066e-14	2.446176594617e-14
5.74000000e-01	2.347417840376e+00	2.347417840376e+00	5.817568649036e-14	2.478284244489e-14
5.75000000e-01	2.352941176471e+00	2.352941176471e+00	5.906386491006e-14	2.510214258677e-14
5.76000000e-01	2.358490566038e+00	2.358490566038e+00	5.906386491006e-14	2.504307872186e-14
5.77000000e-01	2.364066193853e+00	2.364066193853e+00	5.950795411991e-14	2.517186459272e-14
5.78000000e-01	2.369668246445e+00	2.369668246445e+00	5.950795411991e-14	2.511235663860e-14
5.79000000e-01	2.375296912114e+00	2.375296912114e+00	5.995204332976e-14	2.523981024183e-14
5.80000000e-01	2.380952380952e+00	2.380952380952e+00	6.084022174946e-14	2.555289313477e-14
5.81000000e-01	2.386634844869e+00	2.386634844869e+00	6.217248937901e-14	2.605027304980e-14
5.82000000e-01	2.392344497608e+00	2.392344497608e+00	6.217248937901e-14	2.598810056043e-14
5.83000000e-01	2.398081534772e+00	2.398081534772e+00	6.306066779871e-14	2.629629847206e-14
5.84000000e-01	2.403846153846e+00	2.403846153846e+00	6.439293542826e-14	2.678746113816e-14
5.85000000e-01	2.409638554217e+00	2.409638554217e+00	6.528111384796e-14	2.709166224690e-14
5.86000000e-01	2.415458937198e+00	2.415458937198e+00	6.616929226766e-14	2.739408699881e-14
5.87000000e-01	2.421307506053e+00	2.421307506053e+00	6.705747068736e-14	2.769473539388e-14
5.88000000e-01	2.427184466019e+00	2.427184466019e+00	6.794564910706e-14	2.799360743211e-14
5.89000000e-01	2.433090024331e+00	2.433090024331e+00	6.883382752676e-14	2.829070311350e-14
5.90000000e-01	2.439024390244e+00	2.439024390244e+00	6.972200594646e-14	2.858602243805e-14
5.91000000e-01	2.444987775061e+00	2.444987775061e+00	7.061018436616e-14	2.887956540576e-14
5.92000000e-01	2.450980392157e+00	2.450980392157e+00	7.149836278586e-14	2.917133201663e-14
5.93000000e-01	2.457002457002e+00	2.457002457002e+00	7.238654120556e-14	2.946132227066e-14
5.94000000e-01	2.463054187192e+00	2.463054187192e+00	7.283063041541e-14	2.956923594866e-14
5.95000000e-01	2.469135802469e+00	2.469135802469e+00	7.327471962526e-14	2.967626144823e-14
5.96000000e-01	2.475247524752e+00	2.475247524752e+00	7.460698725481e-14	3.014122285094e-14
5.97000000e-01	2.481389578164e+00	2.481389578164e+00	7.549516567451e-14	3.042455176683e-14
5.98000000e-01	2.487562189055e+00	2.487562189055e+00	7.682743330406e-14	3.088462818823e-14
5.99000000e-01	2.493765586035e+00	2.493765586035e+00	7.815970093361e-14	3.134204007438e-14
6.00000000e-01	2.500000000000e+00	2.500000000000e+00	7.949196856316e-14	3.179678742526e-14
6.01000000e-01	2.506265664160e+00	2.506265664160e+00	8.082423619271e-14	3.224887024089e-14
6.02000000e-01	2.512562814070e+00	2.512562814070e+00	8.215650382226e-14	3.269828852126e-14
6.03000000e-01	2.518891687657e+00	2.518891687657e+00	8.260059303211e-14	3.279243543375e-14
6.04000000e-01	2.525252525252e+00	2.525252525253e+00	8.437694987151e-14	3.341327214912e-14
6.05000000e-01	2.531645569620e+00	2.531645569620e+00	8.570921750106e-14	3.385514091292e-14
6.06000000e-01	2.538071065990e+00	2.538071065990e+00	8.615330671091e-14	3.394440284410e-14
6.07000000e-01	2.544529262086e+00	2.544529262087e+00	8.704148513061e-14	3.420730365633e-14
6.08000000e-01	2.551020408163e+00	2.551020408163e+00	8.748557434046e-14	3.429434514146e-14
6.09000000e-01	2.557544757033e+00	2.557544757033e+00	8.837375276016e-14	3.455413732922e-14
6.10000000e-01	2.564102564102e+00	2.564102564103e+00	9.015010959956e-14	3.515854274383e-14
6.11000000e-01	2.570694087404e+00	2.570694087404e+00	9.103828801926e-14	3.541389403949e-14
6.12000000e-01	2.577319587629e+00	2.577319587629e+00	9.192646643896e-14	3.566746897832e-14
6.13000000e-01	2.583979328165e+00	2.583979328165e+00	9.325873406851e-14	3.609113008451e-14
6.14000000e-01	2.590673575129e+00	2.590673575130e+00	9.370282327836e-14	3.616928978545e-14
6.15000000e-01	2.597402597403e+00	2.597402597403e+00	9.459100169806e-14	3.641753565375e-14
6.16000000e-01	2.604166666667e+00	2.604166666667e+00	9.592326932761e-14	3.683453542180e-14
6.17000000e-01	2.610966057441e+00	2.610966057441e+00	9.769962616701e-14	3.741895682197e-14
6.18000000e-01	2.617801047120e+00	2.617801047120e+00	9.903189379656e-14	3.783018343029e-14
6.19000000e-01	2.624671916010e+00	2.624671916011e+00	1.003641614261e-13	3.823874550335e-14
6.20000000e-01	2.631578947368e+00	2.631578947368e+00	1.016964290557e-13	3.864464304115e-14
6.21000000e-01	2.638522427441e+00	2.638522427441e+00	1.034727858951e-13	3.921618585423e-14
6.22000000e-01	2.645502645503e+00	2.645502645503e+00	1.048050535246e-13	3.961631023230e-14
6.23000000e-01	2.652519893899e+00	2.652519893899e+00	1.061373211542e-13	4.001377007512e-14
6.24000000e-01	2.659574468085e+00	2.659574468085e+00	1.070254995739e-13	4.024158783977e-14
6.25000000e-01	2.666666666667e+00	2.666666666667e+00	1.083577672034e-13	4.063416270128e-14
6.26000000e-01	2.673796791444e+00	2.673796791444e+00	1.105782132527e-13	4.135625175650e-14
6.27000000e-01	2.680965147453e+00	2.680965147453e+00	1.123545700921e-13	4.190825464434e-14
6.28000000e-01	2.688172043011e+00	2.688172043011e+00	1.136868377216e-13	4.229150363244e-14
6.29000000e-01	2.695417789757e+00	2.695417789757e+00	1.150191053512e-13	4.267208808528e-14
6.30000000e-01	2.702702702703e+00	2.702702702703e+00	1.167954621906e-13	4.321432101051e-14
6.31000000e-01	2.710027100271e+00	2.710027100271e+00	1.181277298201e-13	4.358913230362e-14
6.32000000e-01	2.717391304348e+00	2.717391304348e+00	1.203481758694e-13	4.428812871993e-14
6.33000000e-01	2.724795640327e+00	2.724795640327e+00	1.216804434989e-13	4.465672276410e-14
6.34000000e-01	2.732240437158e+00	2.732240437158e+00	1.239008895482e-13	4.534772557463e-14
6.35000000e-01	2.739726027397e+00	2.739726027397e+00	1.252331571777e-13	4.571010236987e-14
6.36000000e-01	2.747252747253e+00	2.747252747253e+00	1.265654248073e-13	4.606981462985e-14
6.37000000e-01	2.754820936639e+00	2.754820936639e+00	1.283417816467e-13	4.658806673774e-14
6.38000000e-01	2.762430939226e+00	2.762430939227e+00	1.296740492762e-13	4.694200583799e-14
6.39000000e-01	2.770083102493e+00	2.770083102493e+00	1.314504061156e-13	4.745359660774e-14
6.40000000e-01	2.777777777778e+00	2.777777777778e+00	1.332267629550e-13	4.796163466381e-14
6.41000000e-01	2.785515320334e+00	2.785515320334e+00	1.354472090043e-13	4.862554803253e-14
6.42000000e-01	2.793296089385e+00	2.793296089385e+00	1.372235658437e-13	4.912603657203e-14
6.43000000e-01	2.801120448179e+00	2.801120448179e+00	1.398881011028e-13	4.994005209369e-14
6.44000000e-01	2.808988764045e+00	2.808988764045e+00	1.416644579422e-13	5.043254702741e-14
6.45000000e-01	2.816901408451e+00	2.816901408451e+00	1.443289932013e-13	5.123679258645e-14
6.46000000e-01	2.824858757062e+00	2.824858757062e+00	1.465494392505e-13	5.187850149468e-14
6.47000000e-01	2.832861189802e+00	2.832861189802e+00	1.492139745096e-13	5.267253300190e-14
6.48000000e-01	2.840909090909e+00	2.840909090909e+00	1.514344205589e-13	5.330491603672e-14
6.49000000e-01	2.849002849003e+00	2.849002849003e+00	1.532107773983e-13	5.377698286679e-14
6.50000000e-01	2.857142857143e+00	2.857142857143e+00	1.549871342377e-13	5.424549698319e-14
6.51000000e-01	2.865329512894e+00	2.865329512894e+00	1.585398479165e-13	5.533040692285e-14
6.52000000e-01	2.873563218391e+00	2.873563218391e+00	1.612043831756e-13	5.609912534510e-14
6.53000000e-01	2.881844380403e+00	2.881844380403e+00	1.638689184347e-13	5.686251469683e-14
6.54000000e-01	2.890173410404e+00	2.890173410405e+00	1.665334536938e-13	5.762057497805e-14
6.55000000e-01	2.898550724638e+00	2.898550724638e+00	1.691979889529e-13	5.837330618874e-14
6.56000000e-01	2.906976744186e+00	2.906976744186e+00	1.714184350021e-13	5.896794164073e-14
6.57000000e-01	2.915451895044e+00	2.915451895044e+00	1.745270594711e-13	5.986278139858e-14
6.58000000e-01	2.923976608187e+00	2.923976608187e+00	1.771915947302e-13	6.059952539772e-14
6.59000000e-01	2.932551319648e+00	2.932551319648e+00	1.798561299893e-13	6.133094032634e-14
6.60000000e-01	2.941176470588e+00	2.941176470588e+00	1.829647544582e-13	6.220801651580e-14
6.61000000e-01	2.949852507374e+00	2.949852507375e+00	1.856292897173e-13	6.292832921417e-14
6.62000000e-01	2.958579881657e+00	2.958579881657e+00	1.882938249764e-13	6.364331284203e-14
6.63000000e-01	2.967359050445e+00	2.967359050445e+00	1.914024494454e-13	6.450262546309e-14
6.64000000e-01	2.976190476190e+00	2.976190476190e+00	1.940669847045e-13	6.520650686070e-14
6.65000000e-01	2.985074626865e+00	2.985074626866e+00	1.971756091734e-13	6.605382907310e-14
6.66000000e-01	2.994011976048e+00	2.994011976048e+00	2.007283228522e-13	6.704325983264e-14
6.67000000e-01	3.003003003003e+00	3.003003003003e+00	2.033928581113e-13	6.772982175107e-14
6.68000000e-01	3.012048192771e+00	3.012048192771e+00	2.060573933704e-13	6.841105459898e-14
6.69000000e-01	3.021148036254e+00	3.021148036254e+00	2.091660178394e-13	6.923395190483e-14
6.70000000e-01	3.030303030303e+00	3.030303030303e+00	2.118305530985e-13	6.990408252250e-14
6.71000000e-01	3.039513677811e+00	3.039513677812e+00	2.158273559871e-13	7.100720011977e-14
6.72000000e-01	3.048780487805e+00	3.048780487805e+00	2.193800696659e-13	7.195666285043e-14
6.73000000e-01	3.058103975535e+00	3.058103975535e+00	2.229327833447e-13	7.289902015373e-14
6.74000000e-01	3.067484662576e+00	3.067484662577e+00	2.264854970235e-13	7.383427202967e-14
6.75000000e-01	3.076923076923e+00	3.076923076923e+00	2.295941214925e-13	7.461808948506e-14
6.76000000e-01	3.086419753086e+00	3.086419753086e+00	2.335909243811e-13	7.568345949949e-14
6.77000000e-01	3.095975232198e+00	3.095975232198e+00	2.371436380599e-13	7.659739509336e-14
6.78000000e-01	3.105590062112e+00	3.105590062112e+00	2.398081733190e-13	7.721823180873e-14
6.79000000e-01	3.115264797508e+00	3.115264797508e+00	2.438049762077e-13	7.826139736267e-14
6.80000000e-01	3.125000000000e+00	3.125000000000e+00	2.482458683062e-13	7.943867785798e-14
6.81000000e-01	3.134796238244e+00	3.134796238245e+00	2.531308496145e-13	8.074874102704e-14
6.82000000e-01	3.144654088050e+00	3.144654088050e+00	2.575717417130e-13	8.190781386475e-14
6.83000000e-01	3.154574132492e+00	3.154574132492e+00	2.615685446017e-13	8.291722863873e-14
6.84000000e-01	3.164556962025e+00	3.164556962025e+00	2.655653474903e-13	8.391864980695e-14
6.85000000e-01	3.174603174603e+00	3.174603174603e+00	2.704503287987e-13	8.519185357159e-14
6.86000000e-01	3.184713375796e+00	3.184713375796e+00	2.740030424775e-13	8.603695533793e-14
6.87000000e-01	3.194888178913e+00	3.194888178914e+00	2.784439345760e-13	8.715295152228e-14
6.88000000e-01	3.205128205128e+00	3.205128205128e+00	2.833289158843e-13	8.839862175591e-14
6.89000000e-01	3.215434083601e+00	3.215434083601e+00	2.886579864025e-13	8.977263377119e-14
6.90000000e-01	3.225806451613e+00	3.225806451613e+00	2.939870569207e-13	9.113598764543e-14
6.91000000e-01	3.236245954692e+00	3.236245954693e+00	2.984279490192e-13	9.221423624695e-14
6.92000000e-01	3.246753246753e+00	3.246753246753e+00	3.033129303276e-13	9.342038254090e-14
6.93000000e-01	3.257328990228e+00	3.257328990228e+00	3.086420008458e-13	9.475309425966e-14
6.94000000e-01	3.267973856209e+00	3.267973856209e+00	3.135269821541e-13	9.593925653917e-14
6.95000000e-01	3.278688524590e+00	3.278688524590e+00	3.188560526723e-13	9.725109606507e-14
6.96000000e-01	3.289473684210e+00	3.289473684211e+00	3.241851231905e-13	9.855227744993e-14
6.97000000e-01	3.300330033003e+00	3.300330033003e+00	3.299582829186e-13	9.997735972433e-14
6.98000000e-01	3.311258278145e+00	3.311258278146e+00	3.348432642269e-13	1.011226657965e-13
6.99000000e-01	3.322259136212e+00	3.322259136213e+00	3.406164239550e-13	1.025255436105e-13
7.00000000e-01	3.333333333333e+00	3.333333333333e+00	3.468336728929e-13	1.040501018679e-13
7.01000000e-01	3.344481605351e+00	3.344481605351e+00	3.530509218308e-13	1.055622256274e-13
7.02000000e-01	3.355704697986e+00	3.355704697987e+00	3.588240815589e-13	1.069295763045e-13
7.03000000e-01	3.367003367003e+00	3.367003367003e+00	3.650413304968e-13	1.084172751575e-13
7.04000000e-01	3.378378378378e+00	3.378378378378e+00	3.712585794347e-13	1.098925395127e-13
7.05000000e-01	3.389830508474e+00	3.389830508475e+00	3.779199175824e-13	1.114863756868e-13
7.06000000e-01	3.401360544217e+00	3.401360544218e+00	3.836930773105e-13	1.128057647293e-13
7.07000000e-01	3.412969283276e+00	3.412969283276e+00	3.903544154582e-13	1.143738437293e-13
7.08000000e-01	3.424657534246e+00	3.424657534247e+00	3.974598428158e-13	1.160582741022e-13
7.09000000e-01	3.436426116838e+00	3.436426116838e+00	4.045652701734e-13	1.177284936205e-13
7.10000000e-01	3.448275862069e+00	3.448275862069e+00	4.116706975310e-13	1.193845022840e-13
7.11000000e-01	3.460207612456e+00	3.460207612457e+00	4.196643033083e-13	1.212829836561e-13
7.12000000e-01	3.472222222222e+00	3.472222222222e+00	4.267697306659e-13	1.229096824318e-13
7.13000000e-01	3.484320557491e+00	3.484320557491e+00	4.338751580235e-13	1.245221703527e-13
7.14000000e-01	3.496503496503e+00	3.496503496504e+00	4.414246745910e-13	1.262474569330e-13
7.15000000e-01	3.508771929824e+00	3.508771929825e+00	4.489741911584e-13	1.279576444801e-13
7.16000000e-01	3.521126760563e+00	3.521126760563e+00	4.574118861456e-13	1.299049756653e-13
7.17000000e-01	3.533568904593e+00	3.533568904594e+00	4.658495811327e-13	1.318354314606e-13
7.18000000e-01	3.546099290780e+00	3.546099290780e+00	4.738431869100e-13	1.336237787086e-13
7.19000000e-01	3.558718861209e+00	3.558718861210e+00	4.831690603169e-13	1.357705059490e-13
7.20000000e-01	3.571428571428e+00	3.571428571429e+00	4.916067553040e-13	1.376498914851e-13
7.21000000e-01	3.584229390681e+00	3.584229390681e+00	5.004885395010e-13	1.396363025208e-13
7.22000000e-01	3.597122302158e+00	3.597122302158e+00	5.098144129079e-13	1.417284067884e-13
7.23000000e-01	3.610108303249e+00	3.610108303249e+00	5.191402863147e-13	1.438018593092e-13
7.24000000e-01	3.623188405797e+00	3.623188405797e+00	5.284661597216e-13	1.458566600832e-13
7.25000000e-01	3.636363636363e+00	3.636363636364e+00	5.382361223383e-13	1.480149336430e-13
7.26000000e-01	3.649635036496e+00	3.649635036496e+00	5.480060849550e-13	1.501536672777e-13
7.27000000e-01	3.663003663003e+00	3.663003663004e+00	5.586642259914e-13	1.525153336956e-13
7.28000000e-01	3.676470588235e+00	3.676470588235e+00	5.693223670278e-13	1.548556838316e-13
7.29000000e-01	3.690036900368e+00	3.690036900369e+00	5.795364188543e-13	1.570543695095e-13
7.30000000e-01	3.703703703703e+00	3.703703703704e+00	5.901945598907e-13	1.593525311705e-13
7.31000000e-01	3.717472118959e+00	3.717472118959e+00	6.008527009271e-13	1.616293765494e-13
7.32000000e-01	3.731343283581e+00	3.731343283582e+00	6.128431095931e-13	1.642419533709e-13
7.33000000e-01	3.745318352059e+00	3.745318352060e+00	6.239453398393e-13	1.665934057371e-13
7.34000000e-01	3.759398496240e+00	3.759398496241e+00	6.363798377151e-13	1.692770368322e-13
7.35000000e-01	3.773584905660e+00	3.773584905660e+00	6.488143355909e-13	1.719357989316e-13
7.36000000e-01	3.787878787878e+00	3.787878787879e+00	6.621370118864e-13	1.748041711380e-13
7.37000000e-01	3.802281368821e+00	3.802281368821e+00	6.754596881819e-13	1.776458979919e-13
7.38000000e-01	3.816793893129e+00	3.816793893130e+00	6.892264536873e-13	1.805773308661e-13
7.39000000e-01	3.831417624520e+00	3.831417624521e+00	7.025491299828e-13	1.833653229255e-13
7.40000000e-01	3.846153846153e+00	3.846153846154e+00	7.167599846980e-13	1.863575960215e-13
7.41000000e-01	3.861003861003e+00	3.861003861004e+00	7.309708394132e-13	1.893214474080e-13
7.42000000e-01	3.875968992247e+00	3.875968992248e+00	7.456257833383e-13	1.923714521013e-13
7.43000000e-01	3.891050583657e+00	3.891050583658e+00	7.607248164732e-13	1.955062778336e-13
7.44000000e-01	3.906249999999e+00	3.906250000000e+00	7.758238496081e-13	1.986109054997e-13
7.45000000e-01	3.921568627450e+00	3.921568627451e+00	7.909228827430e-13	2.016853350995e-13
7.46000000e-01	3.937007874015e+00	3.937007874016e+00	8.069100942976e-13	2.049551639516e-13
7.47000000e-01	3.952569169960e+00	3.952569169960e+00	8.237854842719e-13	2.084177275208e-13
7.48000000e-01	3.968253968253e+00	3.968253968254e+00	8.406608742462e-13	2.118465403100e-13
7.49000000e-01	3.984063745019e+00	3.984063745020e+00	8.579803534303e-13	2.153530687110e-13
7.50000000e-01	3.999999999999e+00	4.000000000000e+00	8.752998326145e-13	2.188249581536e-13
7.51000000e-01	4.016064257027e+00	4.016064257028e+00	8.926193117986e-13	2.222622086379e-13
7.52000000e-01	4.032258064515e+00	4.032258064516e+00	9.112710586123e-13	2.259952225359e-13
7.53000000e-01	4.048582995950e+00	4.048582995951e+00	9.308109838457e-13	2.299103130099e-13
7.54000000e-01	4.065040650406e+00	4.065040650407e+00	9.494627306594e-13	2.335678317422e-13
7.55000000e-01	4.081632653060e+00	4.081632653061e+00	9.690026558928e-13	2.374056506937e-13
7.56000000e-01	4.098360655737e+00	4.098360655738e+00	9.894307595459e-13	2.414211053292e-13
7.57000000e-01	4.115226337448e+00	4.115226337449e+00	1.009858863199e-12	2.453957037574e-13
7.58000000e-01	4.132231404958e+00	4.132231404959e+00	1.030286966852e-12	2.493294459782e-13
7.59000000e-01	4.149377593360e+00	4.149377593361e+00	1.053379605764e-12	2.538644849892e-13
7.60000000e-01	4.166666666666e+00	4.166666666667e+00	1.074695887837e-12	2.579270130809e-13
7.61000000e-01	4.184100418409e+00	4.184100418410e+00	1.096900348330e-12	2.621591832508e-13
7.62000000e-01	4.201680672268e+00	4.201680672269e+00	1.120881165662e-12	2.667697174275e-13
7.63000000e-01	4.219409282699e+00	4.219409282700e+00	1.143085626154e-12	2.709112933985e-13
7.64000000e-01	4.237288135592e+00	4.237288135593e+00	1.167954621906e-12	2.756372907697e-13
7.65000000e-01	4.255319148935e+00	4.255319148936e+00	1.192823617657e-12	2.803135501495e-13
7.66000000e-01	4.273504273503e+00	4.273504273504e+00	1.218580791829e-12	2.851479052879e-13
7.67000000e-01	4.291845493561e+00	4.291845493562e+00	1.244337966000e-12	2.899307460780e-13
7.68000000e-01	4.310344827585e+00	4.310344827586e+00	1.271871497011e-12	2.950741873065e-13
7.69000000e-01	4.329004329003e+00	4.329004329004e+00	1.301181384861e-12	3.005728999028e-13
7.70000000e-01	4.347826086955e+00	4.347826086957e+00	1.328714915871e-12	3.056044306504e-13
7.71000000e-01	4.366812227073e+00	4.366812227074e+00	1.358912982141e-12	3.111910729103e-13
7.72000000e-01	4.385964912279e+00	4.385964912281e+00	1.389111048411e-12	3.167173190377e-13
7.73000000e-01	4.405286343611e+00	4.405286343612e+00	1.420197293101e-12	3.223847855338e-13
7.74000000e-01	4.424778761061e+00	4.424778761062e+00	1.453059894629e-12	3.283915361862e-13
7.75000000e-01	4.444444444443e+00	4.444444444444e+00	1.485922496158e-12	3.343325616356e-13
7.76000000e-01	4.464285714284e+00	4.464285714286e+00	1.519673276107e-12	3.404068138479e-13
7.77000000e-01	4.484304932734e+00	4.484304932735e+00	1.553424056056e-12	3.464135645004e-13
7.78000000e-01	4.504504504503e+00	4.504504504505e+00	1.588063014424e-12	3.525499892021e-13
7.79000000e-01	4.524886877826e+00	4.524886877828e+00	1.625366508051e-12	3.592059982793e-13
7.80000000e-01	4.545454545453e+00	4.545454545455e+00	1.663558180098e-12	3.659827996216e-13
7.81000000e-01	4.566210045660e+00	4.566210045662e+00	1.702638030565e-12	3.728777286938e-13
7.82000000e-01	4.587155963301e+00	4.587155963303e+00	1.743494237871e-12	3.800817438560e-13
7.83000000e-01	4.608294930874e+00	4.608294930876e+00	1.782574088338e-12	3.868185771694e-13
7.84000000e-01	4.629629629628e+00	4.629629629630e+00	1.824318474064e-12	3.940527903978e-13
7.85000000e-01	4.651162790696e+00	4.651162790698e+00	1.866062859790e-12	4.012035148548e-13
7.86000000e-01	4.672897196260e+00	4.672897196262e+00	1.910471780775e-12	4.088409610858e-13
7.87000000e-01	4.694835680749e+00	4.694835680751e+00	1.956657058599e-12	4.167679534817e-13
7.88000000e-01	4.716981132073e+00	4.716981132075e+00	2.001954158004e-12	4.244142814969e-13
7.89000000e-01	4.739336492889e+00	4.739336492891e+00	2.050803971088e-12	4.327196378995e-13
7.90000000e-01	4.761904761903e+00	4.761904761905e+00	2.101430141010e-12	4.413003296122e-13
7.91000000e-01	4.784688995213e+00	4.784688995215e+00	2.152056310933e-12	4.497797689851e-13
7.92000000e-01	4.807692307690e+00	4.807692307692e+00	2.204458837696e-12	4.585274382407e-13
7.93000000e-01	4.830917874394e+00	4.830917874396e+00	2.257749542878e-12	4.673541553757e-13
7.94000000e-01	4.854368932037e+00	4.854368932039e+00	2.312816604899e-12	4.764402206092e-13
7.95000000e-01	4.878048780485e+00	4.878048780488e+00	2.369660023760e-12	4.857803048708e-13
7.96000000e-01	4.901960784311e+00	4.901960784314e+00	2.429167977880e-12	4.955502674875e-13
7.97000000e-01	4.926108374382e+00	4.926108374384e+00	2.488675932000e-12	5.052012141959e-13
7.98000000e-01	4.950495049502e+00	4.950495049505e+00	2.552624778218e-12	5.156302052001e-13
7.99000000e-01	4.975124378107e+00	4.975124378109e+00	2.616573624437e-12	5.259312985117e-13
8.00000000e-01	4.999999999997e+00	5.000000000000e+00	2.684075184334e-12	5.368150368668e-13
8.01000000e-01	5.025125628138e+00	5.025125628141e+00	2.753353101070e-12	5.479172671130e-13
8.02000000e-01	5.050505050502e+00	5.050505050505e+00	2.823519196227e-12	5.590568008529e-13
8.03000000e-01	5.076142131977e+00	5.076142131980e+00	2.895461648222e-12	5.704059446998e-13
8.04000000e-01	5.102040816324e+00	5.102040816327e+00	2.970956813897e-12	5.823075355238e-13
8.05000000e-01	5.128205128202e+00	5.128205128205e+00	3.047340157991e-12	5.942313308083e-13
8.06000000e-01	5.154639175255e+00	5.154639175258e+00	3.128164394184e-12	6.068638924717e-13
8.07000000e-01	5.181347150256e+00	5.181347150259e+00	3.210764987216e-12	6.196776425327e-13
8.08000000e-01	5.208333333330e+00	5.208333333333e+00	3.296030115507e-12	6.328377821774e-13
8.09000000e-01	5.235602094237e+00	5.235602094241e+00	3.383959779057e-12	6.463363178000e-13
8.10000000e-01	5.263157894733e+00	5.263157894737e+00	3.475442156287e-12	6.603340096944e-13
8.11000000e-01	5.291005291002e+00	5.291005291005e+00	3.568700890355e-12	6.744844682771e-13
8.12000000e-01	5.319148936167e+00	5.319148936170e+00	3.665512338102e-12	6.891163195633e-13
8.13000000e-01	5.347593582884e+00	5.347593582888e+00	3.764988321109e-12	7.040528160473e-13
8.14000000e-01	5.376344086018e+00	5.376344086022e+00	3.867128839374e-12	7.192859641236e-13
8.15000000e-01	5.405405405401e+00	5.405405405405e+00	3.973710249738e-12	7.351363962016e-13
8.16000000e-01	5.434782608692e+00	5.434782608696e+00	4.083844373781e-12	7.514273647757e-13
8.17000000e-01	5.464480874313e+00	5.464480874317e+00	4.197531211503e-12	7.681482117050e-13
8.18000000e-01	5.494505494501e+00	5.494505494506e+00	4.312994406064e-12	7.849649819036e-13
8.19000000e-01	5.524861878449e+00	5.524861878453e+00	4.433786671143e-12	8.025153874769e-13
8.20000000e-01	5.555555555551e+00	5.555555555556e+00	4.559019828321e-12	8.206235690977e-13
8.21000000e-01	5.586592178766e+00	5.586592178771e+00	4.689582056017e-12	8.394351880270e-13
8.22000000e-01	5.617977528085e+00	5.617977528090e+00	4.824585175811e-12	8.587761612944e-13
8.23000000e-01	5.649717514119e+00	5.649717514124e+00	4.963141009284e-12	8.784759586433e-13
8.24000000e-01	5.681818181813e+00	5.681818181818e+00	5.107914091695e-12	8.989928801384e-13
8.25000000e-01	5.714285714280e+00	5.714285714286e+00	5.256239887785e-12	9.198419803624e-13
8.26000000e-01	5.747126436776e+00	5.747126436782e+00	5.409006575974e-12	9.411671442194e-13
8.27000000e-01	5.780346820804e+00	5.780346820809e+00	5.567102334680e-12	9.631087038997e-13
8.28000000e-01	5.813953488366e+00	5.813953488372e+00	5.731415342325e-12	9.858034388799e-13
8.29000000e-01	5.847953216368e+00	5.847953216374e+00	5.902833777327e-12	1.009384575923e-12
8.30000000e-01	5.882352941170e+00	5.882352941176e+00	6.080469461267e-12	1.033679808415e-12
8.31000000e-01	5.917159763307e+00	5.917159763314e+00	6.264322394145e-12	1.058670484610e-12
8.32000000e-01	5.952380952375e+00	5.952380952381e+00	6.453504397541e-12	1.084188738787e-12
8.33000000e-01	5.988023952089e+00	5.988023952096e+00	6.648015471455e-12	1.110218583733e-12
8.34000000e-01	6.024096385535e+00	6.024096385542e+00	6.852296507986e-12	1.137481220326e-12
8.35000000e-01	6.060606060599e+00	6.060606060606e+00	7.063682971875e-12	1.165507690359e-12
8.36000000e-01	6.097560975602e+00	6.097560975610e+00	7.282174863121e-12	1.194276677552e-12
8.37000000e-01	6.134969325146e+00	6.134969325153e+00	7.509548538565e-12	1.224056411786e-12
8.38000000e-01	6.172839506165e+00	6.172839506173e+00	7.743139462946e-12	1.254388592997e-12
8.39000000e-01	6.211180124216e+00	6.211180124224e+00	7.986500349944e-12	1.285826556341e-12
8.40000000e-01	6.249999999992e+00	6.250000000000e+00	8.239631199558e-12	1.318340991929e-12
8.41000000e-01	6.289308176092e+00	6.289308176101e+00	8.501643833370e-12	1.351761369506e-12
8.42000000e-01	6.329113924042e+00	6.329113924051e+00	8.774314608218e-12	1.386341708098e-12
8.43000000e-01	6.369426751583e+00	6.369426751592e+00	9.057643524102e-12	1.422050033284e-12
8.44000000e-01	6.410256410247e+00	6.410256410256e+00	9.351630581023e-12	1.458854370640e-12
8.45000000e-01	6.451612903216e+00	6.451612903226e+00	9.656275778980e-12	1.496722745742e-12
8.46000000e-01	6.493506493497e+00	6.493506493507e+00	9.974243653232e-12	1.536033522598e-12
8.47000000e-01	6.535947712408e+00	6.535947712418e+00	1.030553420378e-11	1.576746733178e-12
8.48000000e-01	6.578947368410e+00	6.578947368421e+00	1.064925925220e-11	1.618687406335e-12
8.49000000e-01	6.622516556280e+00	6.622516556291e+00	1.100808333376e-11	1.662220583398e-12
8.50000000e-01	6.666666666655e+00	6.666666666667e+00	1.138111827004e-11	1.707167740506e-12
8.51000000e-01	6.711409395961e+00	6.711409395973e+00	1.176925223945e-11	1.753618583677e-12
8.52000000e-01	6.756756756745e+00	6.756756756757e+00	1.217248524199e-11	1.801527815815e-12
8.53000000e-01	6.802721088423e+00	6.802721088435e+00	1.259259363451e-11	1.851111264273e-12
8.54000000e-01	6.849315068480e+00	6.849315068493e+00	1.302957741700e-11	1.902318302882e-12
8.55000000e-01	6.896551724124e+00	6.896551724138e+00	1.348787748157e-11	1.955742234827e-12
8.56000000e-01	6.944444444431e+00	6.944444444444e+00	1.396305293611e-11	2.010679622799e-12
8.57000000e-01	6.993006992993e+00	6.993006993007e+00	1.445954467272e-11	2.067714888199e-12
8.58000000e-01	7.042253521112e+00	7.042253521127e+00	1.497824086982e-11	2.126910203515e-12
8.59000000e-01	7.092198581545e+00	7.092198581560e+00	1.551736517058e-11	2.187948489052e-12
8.60000000e-01	7.142857142841e+00	7.142857142857e+00	1.608135846709e-11	2.251390185393e-12
8.61000000e-01	7.194244604300e+00	7.194244604317e+00	1.666933258093e-11	2.317037228750e-12
8.62000000e-01	7.246376811577e+00	7.246376811594e+00	1.728395204736e-11	2.385185382536e-12
8.63000000e-01	7.299270072975e+00	7.299270072993e+00	1.792699322323e-11	2.455998071582e-12
8.64000000e-01	7.352941176452e+00	7.352941176471e+00	1.859579157326e-11	2.529027653964e-12
8.65000000e-01	7.407407407388e+00	7.407407407407e+00	1.929656434640e-11	2.605036186765e-12
8.66000000e-01	7.462686567144e+00	7.462686567164e+00	2.002842336424e-11	2.683808730808e-12
8.67000000e-01	7.518796992460e+00	7.518796992481e+00	2.079492134044e-11	2.765724538278e-12
8.68000000e-01	7.575757575736e+00	7.575757575758e+00	2.159694645343e-11	2.850796931853e-12
8.69000000e-01	7.633587786237e+00	7.633587786260e+00	2.243449870321e-11	2.938919330120e-12
8.70000000e-01	7.692307692284e+00	7.692307692308e+00	2.331290716029e-11	3.030677930838e-12
8.71000000e-01	7.751937984472e+00	7.751937984496e+00	2.423128364626e-11	3.125835590367e-12
8.72000000e-01	7.812499999975e+00	7.812500000000e+00	2.519318087479e-11	3.224727151974e-12
8.73000000e-01	7.874015748005e+00	7.874015748032e+00	2.620126338115e-11	3.327560449407e-12
8.74000000e-01	7.936507936481e+00	7.936507936508e+00	2.725908387902e-11	3.434644568756e-12
8.75000000e-01	7.999999999972e+00	8.000000000000e+00	2.837019508206e-11	3.546274385258e-12
8.76000000e-01	8.064516129003e+00	8.064516129032e+00	2.953548516871e-11	3.662400160920e-12
8.77000000e-01	8.130081300782e+00	8.130081300813e+00	3.075939503105e-11	3.783405588820e-12
8.78000000e-01	8.196721311443e+00	8.196721311475e+00	3.204547738278e-11	3.909548240699e-12
8.79000000e-01	8.264462809884e+00	8.264462809917e+00	3.339195586705e-11	4.040426659913e-12
8.80000000e-01	8.333333333299e+00	8.333333333333e+00	3.480771226805e-11	4.176925472166e-12
8.81000000e-01	8.403361344502e+00	8.403361344538e+00	3.629452294263e-11	4.319048230172e-12
8.82000000e-01	8.474576271149e+00	8.474576271186e+00	3.786304603182e-11	4.467839431754e-12
8.83000000e-01	8.547008546969e+00	8.547008547009e+00	3.951328153562e-11	4.623053939667e-12
8.84000000e-01	8.620689655131e+00	8.620689655172e+00	4.124878216771e-11	4.784858731455e-12
8.85000000e-01	8.695652173870e+00	8.695652173913e+00	4.307310064178e-11	4.953406573804e-12
8.86000000e-01	8.771929824516e+00	8.771929824561e+00	4.499867145569e-11	5.129848545948e-12
8.87000000e-01	8.849557522077e+00	8.849557522124e+00	4.702549460944e-11	5.313880890867e-12
8.88000000e-01	8.928571428522e+00	8.928571428571e+00	4.916600460092e-11	5.506592515303e-12
8.89000000e-01	9.009009008958e+00	9.009009009009e+00	5.142375414380e-11	5.708036709962e-12
8.90000000e-01	9.090909090855e+00	9.090909090909e+00	5.380762502227e-11	5.918838752450e-12
8.91000000e-01	9.174311926549e+00	9.174311926606e+00	5.632472266370e-11	6.139394770344e-12
8.92000000e-01	9.259259259200e+00	9.259259259259e+00	5.898570520912e-11	6.370456162585e-12
8.93000000e-01	9.345794392462e+00	9.345794392523e+00	6.179590172906e-11	6.612161485009e-12
8.94000000e-01	9.433962264086e+00	9.433962264151e+00	6.476774672137e-11	6.865381152465e-12
8.95000000e-01	9.523809523742e+00	9.523809523810e+00	6.791189832711e-11	7.130749324347e-12
8.96000000e-01	9.615384615313e+00	9.615384615385e+00	7.124256740099e-11	7.409227009703e-12
8.97000000e-01	9.708737864003e+00	9.708737864078e+00	7.477218844087e-11	7.701535409410e-12
8.98000000e-01	9.803921568549e+00	9.803921568628e+00	7.851319594465e-11	8.008345986354e-12
8.99000000e-01	9.900990098927e+00	9.900990099010e+00	8.247980076703e-11	8.330459877470e-12
9.00000000e-01	9.999999999913e+00	1.000000000000e+01	8.669154283325e-11	8.669154283325e-12
9.01000000e-01	1.010101010092e+01	1.010101010101e+01	9.116263299802e-11	9.025100666804e-12
9.02000000e-01	1.020408163256e+01	1.020408163265e+01	9.591438754342e-11	9.399609979255e-12
9.03000000e-01	1.030927835041e+01	1.030927835052e+01	1.009645700378e-10	9.793563293670e-12
9.04000000e-01	1.041666666656e+01	1.041666666667e+01	1.063398258339e-10	1.020862328005e-11
9.05000000e-01	1.052631578936e+01	1.052631578947e+01	1.120596948567e-10	1.064567101139e-11
9.06000000e-01	1.063829787222e+01	1.063829787234e+01	1.181508224590e-10	1.110617731115e-11
9.07000000e-01	1.075268817192e+01	1.075268817204e+01	1.246469594207e-10	1.159216722613e-11
9.08000000e-01	1.086956521726e+01	1.086956521739e+01	1.315747510944e-10	1.210487710068e-11
9.09000000e-01	1.098901098887e+01	1.098901098901e+01	1.389679482600e-10	1.264608329166e-11
9.10000000e-01	1.111111111096e+01	1.111111111111e+01	1.468674071248e-10	1.321806664123e-11
9.11000000e-01	1.123595505602e+01	1.123595505618e+01	1.553086548256e-10	1.382247027948e-11
9.12000000e-01	1.136363636347e+01	1.136363636364e+01	1.643414293540e-10	1.446204578315e-11
9.13000000e-01	1.149425287339e+01	1.149425287356e+01	1.740119159876e-10	1.513903669093e-11
9.14000000e-01	1.162790697656e+01	1.162790697674e+01	1.843751817887e-10	1.585626563383e-11
9.15000000e-01	1.176470588216e+01	1.176470588235e+01	1.954827411055e-10	1.661603299397e-11
9.16000000e-01	1.190476190455e+01	1.190476190476e+01	2.074056482115e-10	1.742207444977e-11
9.17000000e-01	1.204819277086e+01	1.204819277108e+01	2.202096283099e-10	1.827739914972e-11
9.18000000e-01	1.219512195099e+01	1.219512195122e+01	2.339746174584e-10	1.918591863159e-11
9.19000000e-01	1.234567901210e+01	1.234567901235e+01	2.487858807854e-10	2.015165634361e-11
9.20000000e-01	1.249999999974e+01	1.250000000000e+01	2.647340124895e-10	2.117872099916e-11
9.21000000e-01	1.265822784782e+01	1.265822784810e+01	2.819255939812e-10	2.227212192452e-11
9.22000000e-01	1.282051282021e+01	1.282051282051e+01	3.004743120982e-10	2.343699634366e-11
9.23000000e-01	1.298701298669e+01	1.298701298701e+01	3.205045118193e-10	2.467884741009e-11
9.24000000e-01	1.315789473650e+01	1.315789473684e+01	3.421618544053e-10	2.600430093480e-11
9.25000000e-01	1.333333333297e+01	1.333333333333e+01	3.655955538306e-10	2.741966653730e-11
9.26000000e-01	1.351351351312e+01	1.351351351351e+01	3.909814694225e-10	2.893262873727e-11
9.27000000e-01	1.369863013657e+01	1.369863013699e+01	4.185114477195e-10	3.055133568353e-11
9.28000000e-01	1.388888888844e+01	1.388888888889e+01	4.484004278993e-10	3.228483080875e-11
9.29000000e-01	1.408450704177e+01	1.408450704225e+01	4.808899944919e-10	3.414318960893e-11
9.30000000e-01	1.428571428520e+01	1.428571428571e+01	5.162448246665e-10	3.613713772665e-11
9.31000000e-01	1.449275362263e+01	1.449275362319e+01	5.547615700152e-10	3.827854833105e-11
9.32000000e-01	1.470588235234e+01	1.470588235294e+01	5.967812910512e-10	4.058112779148e-11
9.33000000e-01	1.492537313369e+01	1.492537313433e+01	6.426752463540e-10	4.305924150572e-11
9.34000000e-01	1.515151515082e+01	1.515151515152e+01	6.928679852081e-10	4.572928702373e-11
9.35000000e-01	1.538461538387e+01	1.538461538462e+01	7.478409003170e-10	4.860965852060e-11
9.36000000e-01	1.562499999919e+01	1.562500000000e+01	8.081268987326e-10	5.172012151888e-11
9.37000000e-01	1.587301587214e+01	1.587301587302e+01	8.743405999212e-10	5.508345779503e-11
9.38000000e-01	1.612903225712e+01	1.612903225806e+01	9.471747830503e-10	5.872483654912e-11
9.39000000e-01	1.639344262192e+01	1.639344262295e+01	1.027409268772e-09	6.267196539511e-11
9.40000000e-01	1.666666666555e+01	1.666666666667e+01	1.115935788221e-09	6.695614729324e-11
9.41000000e-01	1.694915254116e+01	1.694915254237e+01	1.213777522935e-09	7.161287385315e-11
9.42000000e-01	1.724137930902e+01	1.724137931035e+01	1.322096210288e-09	7.668158019669e-11
9.43000000e-01	1.754385964768e+01	1.754385964912e+01	1.442220565195e-09	8.220657221614e-11
9.44000000e-01	1.785714285557e+01	1.785714285714e+01	1.575681807253e-09	8.823818120618e-11
9.45000000e-01	1.818181818009e+01	1.818181818182e+01	1.724242082446e-09	9.483331453452e-11
9.46000000e-01	1.851851851663e+01	1.851851851852e+01	1.889929990284e-09	1.020562194753e-10
9.47000000e-01	1.886792452623e+01	1.886792452830e+01	2.075093874510e-09	1.099799753490e-10
9.48000000e-01	1.923076922849e+01	1.923076923077e+01	2.282448008373e-09	1.186872964354e-10
9.49000000e-01	1.960784313474e+01	1.960784313726e+01	2.515175623330e-09	1.282739567898e-10
9.50000000e-01	1.999999999722e+01	2.000000000000e+01	2.776964436180e-09	1.388482218090e-10
9.51000000e-01	2.040816326223e+01	2.040816326531e+01	3.072138099469e-09	1.505347668740e-10
9.52000000e-01	2.083333332993e+01	2.083333333333e+01	3.405766335618e-09	1.634767841097e-10
9.53000000e-01	2.127659574090e+01	2.127659574468e+01	3.783831914461e-09	1.778400999797e-10
9.54000000e-01	2.173913043057e+01	2.173913043478e+01	4.213394078079e-09	1.938161275916e-10
9.55000000e-01	2.222222221752e+01	2.222222222222e+01	4.702812361757e-09	2.116265562790e-10
9.56000000e-01	2.272727272201e+01	2.272727272727e+01	5.262055680078e-09	2.315304499234e-10
9.57000000e-01	2.325581394759e+01	2.325581395349e+01	5.903032729293e-09	2.538304073596e-10
9.58000000e-01	2.380952380288e+01	2.380952380952e+01	6.640014760251e-09	2.788806199305e-10
9.59000000e-01	2.439024389495e+01	2.439024390244e+01	7.490204012583e-09	3.070983645159e-10
9.60000000e-01	2.499999999153e+01	2.500000000000e+01	8.474419388449e-09	3.389767755380e-10
9.61000000e-01	2.564102563141e+01	2.564102564103e+01	9.617973972809e-09	3.751009849395e-10
9.62000000e-01	2.631578946273e+01	2.631578947368e+01	1.095177637467e-08	4.161675022374e-10
9.63000000e-01	2.702702701451e+01	2.702702702703e+01	1.251381220868e-08	4.630110517212e-10
9.64000000e-01	2.777777776343e+01	2.777777777778e+01	1.435094532098e-08	5.166340315554e-10
9.65000000e-01	2.857142855491e+01	2.857142857143e+01	1.652140113606e-08	5.782490397621e-10
9.66000000e-01	2.941176468679e+01	2.941176470588e+01	1.909790725563e-08	6.493288466913e-10
9.67000000e-01	3.030303028086e+01	3.030303030303e+01	2.217191408249e-08	7.316731647222e-10
9.68000000e-01	3.124999997414e+01	3.125000000000e+01	2.585915837017e-08	8.274930678453e-10
9.69000000e-01	3.225806448582e+01	3.225806451613e+01	3.030721984487e-08	9.395238151910e-10
9.70000000e-01	3.333333329763e+01	3.333333333333e+01	3.570568907207e-08	1.071170672162e-09
9.71000000e-01	3.448275857839e+01	3.448275862069e+01	4.230011541040e-08	1.226703346902e-09
9.72000000e-01	3.571428566388e+01	3.571428571429e+01	5.041128758876e-08	1.411516052485e-09
9.73000000e-01	3.703703697658e+01	3.703703703704e+01	6.046216327604e-08	1.632478408453e-09
9.74000000e-01	3.846153838852e+01	3.846153846154e+01	7.301606075316e-08	1.898417579582e-09
9.75000000e-01	3.999999991117e+01	4.000000000000e+01	8.883118596259e-08	2.220779649065e-09
9.76000000e-01	4.166666655773e+01	4.166666666667e+01	1.089399219723e-07	2.614558127334e-09
9.77000000e-01	4.347826073480e+01	4.347826086957e+01	1.347654858819e-07	3.099606175283e-09
9.78000000e-01	4.545454528625e+01	4.545454545455e+01	1.682966299654e-07	3.702525859239e-09
9.79000000e-01	4.761904740670e+01	4.761904761905e+01	2.123532922838e-07	4.459419137959e-09
9.80000000e-01	4.999999972900e+01	5.000000000000e+01	2.709985196248e-07	5.419970392495e-09
9.81000000e-01	5.263157859718e+01	5.263157894737e+01	3.501902483549e-07	6.653614718743e-09
9.82000000e-01	5.555555509672e+01	5.555555555556e+01	4.588354940438e-07	8.259038892788e-09
9.83000000e-01	5.882352880123e+01	5.882352941177e+01	6.105383008048e-07	1.037915111368e-08
9.84000000e-01	6.249999917343e+01	6.250000000000e+01	8.265777680094e-07	1.322524428815e-08
9.85000000e-01	6.666666552553e+01	6.666666666667e+01	1.141138639582e-06	1.711707959373e-08
9.86000000e-01	7.142856981776e+01	7.142857142858e+01	1.610816980246e-06	2.255143772345e-08
9.87000000e-01	7.692307459050e+01	7.692307692308e+01	2.332576471531e-06	3.032349412990e-08
9.88000000e-01	8.333332985414e+01	8.333333333334e+01	3.479194603528e-06	4.175033524234e-08
9.89000000e-01	9.090908553621e+01	9.090909090910e+01	5.372882426968e-06	5.910170669665e-08
9.90000000e-01	9.999999135249e+01	1.000000000000e+02	8.647513112692e-06	8.647513112691e-08
9.91000000e-01	1.111110964791e+02	1.111111111111e+02	1.463202001162e-05	1.316881801045e-07
9.92000000e-01	1.249999736640e+02	1.250000000000e+02	2.633597149782e-05	2.106877719825e-07
9.93000000e-01	1.428570915988e+02	1.428571428572e+02	5.125837887476e-05	3.588086521233e-07
9.94000000e-01	1.666665561639e+02	1.666666666667e+02	1.105027987194e-04	6.630167923162e-07
