# t	y_num	y_exact	abs_err	rel_err
1.00000000e-03	5.002501250625e-01	5.002501250625e-01	0.000000000000e+00	0.000000000000e+00
2.00000000e-03	5.005005005005e-01	5.005005005005e-01	0.000000000000e+00	0.000000000000e+00
3.00000000e-03	5.007511266900e-01	5.007511266900e-01	0.000000000000e+00	0.000000000000e+00
4.00000000e-03	5.010020040080e-01	5.010020040080e-01	1.110223024625e-16	2.216005157152e-16
5.00000000e-03	5.012531328321e-01	5.012531328321e-01	1.110223024625e-16	2.214894934127e-16
6.00000000e-03	5.015045135406e-01	5.015045135406e-01	0.000000000000e+00	0.000000000000e+00
7.00000000e-03	5.017561465128e-01	5.017561465128e-01	1.110223024625e-16	2.212674488078e-16
8.00000000e-03	5.020080321285e-01	5.020080321285e-01	0.000000000000e+00	0.000000000000e+00
9.00000000e-03	5.022601707685e-01	5.022601707685e-01	1.110223024625e-16	2.210454042029e-16
1.00000000e-02	5.025125628141e-01	5.025125628141e-01	2.220446049250e-16	4.418687638008e-16
1.10000000e-02	5.027652086476e-01	5.027652086476e-01	0.000000000000e+00	0.000000000000e+00
1.20000000e-02	5.030181086519e-01	5.030181086519e-01	0.000000000000e+00	0.000000000000e+00
1.30000000e-02	5.032712632109e-01	5.032712632109e-01	1.110223024625e-16	2.206013149930e-16
1.40000000e-02	5.035246727090e-01	5.035246727090e-01	1.110223024625e-16	2.204902926906e-16
1.50000000e-02	5.037783375315e-01	5.037783375315e-01	1.110223024625e-16	2.203792703881e-16
1.60000000e-02	5.040322580645e-01	5.040322580645e-01	0.000000000000e+00	0.000000000000e+00
1.70000000e-02	5.042864346949e-01	5.042864346949e-01	0.000000000000e+00	0.000000000000e+00
1.80000000e-02	5.045408678103e-01	5.045408678103e-01	1.110223024625e-16	2.200462034807e-16
1.90000000e-02	5.047955577991e-01	5.047955577991e-01	1.110223024625e-16	2.199351811782e-16
2.00000000e-02	5.050505050505e-01	5.050505050505e-01	1.110223024625e-16	2.198241588758e-16
2.10000000e-02	5.053057099545e-01	5.053057099545e-01	1.110223024625e-16	2.197131365733e-16
2.20000000e-02	5.055611729019e-01	5.055611729019e-01	2.220446049250e-16	4.392042285417e-16
2.30000000e-02	5.058168942843e-01	5.058168942843e-01	2.220446049250e-16	4.389821839368e-16
2.40000000e-02	5.060728744939e-01	5.060728744939e-01	2.220446049250e-16	4.387601393319e-16
2.50000000e-02	5.063291139241e-01	5.063291139241e-01	1.110223024625e-16	2.192690473635e-16
2.60000000e-02	5.065856129686e-01	5.065856129686e-01	1.110223024625e-16	2.191580250610e-16
2.70000000e-02	5.068423720223e-01	5.068423720223e-01	1.110223024625e-16	2.190470027585e-16
2.80000000e-02	5.070993914807e-01	5.070993914807e-01	1.110223024625e-16	2.189359804561e-16
2.90000000e-02	5.073566717402e-01	5.073566717402e-01	1.110223024625e-16	2.188249581536e-16
3.00000000e-02	5.076142131980e-01	5.076142131980e-01	0.000000000000e+00	0.000000000000e+00
3.10000000e-02	5.078720162519e-01	5.078720162519e-01	1.110223024625e-16	2.186029135487e-16
3.20000000e-02	5.081300813008e-01	5.081300813008e-01	1.110223024625e-16	2.184918912462e-16
3.30000000e-02	5.083884087443e-01	5.083884087443e-01	1.110223024625e-16	2.183808689438e-16
3.40000000e-02	5.086469989827e-01	5.086469989827e-01	0.000000000000e+00	0.000000000000e+00
3.50000000e-02	5.089058524173e-01	5.089058524173e-01	0.000000000000e+00	0.000000000000e+00
3.60000000e-02	5.091649694501e-01	5.091649694501e-01	1.110223024625e-16	2.180478020364e-16
3.70000000e-02	5.094243504840e-01	5.094243504840e-01	1.110223024625e-16	2.179367797339e-16
3.80000000e-02	5.096839959225e-01	5.096839959225e-01	2.220446049250e-16	4.356515148629e-16
3.90000000e-02	5.099439061703e-01	5.099439061703e-01	2.220446049250e-16	4.354294702580e-16
4.00000000e-02	5.102040816327e-01	5.102040816327e-01	2.220446049250e-16	4.352074256531e-16
4.10000000e-02	5.104645227157e-01	5.104645227157e-01	2.220446049250e-16	4.349853810481e-16
4.20000000e-02	5.107252298264e-01	5.107252298264e-01	1.110223024625e-16	2.173816682216e-16
4.30000000e-02	5.109862033725e-01	5.109862033725e-01	1.110223024625e-16	2.172706459191e-16
4.40000000e-02	5.112474437628e-01	5.112474437628e-01	2.220446049250e-16	4.343192472334e-16
4.50000000e-02	5.115089514066e-01	5.115089514066e-01	2.220446049250e-16	4.340972026284e-16
4.60000000e-02	5.117707267144e-01	5.117707267144e-01	1.110223024625e-16	2.169375790118e-16
4.70000000e-02	5.120327700973e-01	5.120327700973e-01	0.000000000000e+00	0.000000000000e+00
4.80000000e-02	5.122950819672e-01	5.122950819672e-01	0.000000000000e+00	0.000000000000e+00
4.90000000e-02	5.125576627371e-01	5.125576627371e-01	2.220446049250e-16	4.332090242087e-16
5.00000000e-02	5.128205128205e-01	5.128205128205e-01	2.220446049250e-16	4.329869796038e-16
5.10000000e-02	5.130836326321e-01	5.130836326321e-01	2.220446049250e-16	4.327649349989e-16
5.20000000e-02	5.133470225873e-01	5.133470225873e-01	3.330669073875e-16	6.488143355909e-16
5.30000000e-02	5.136106831022e-01	5.136106831022e-01	2.220446049250e-16	4.323208457890e-16
5.40000000e-02	5.138746145940e-01	5.138746145940e-01	1.110223024625e-16	2.160494005921e-16
5.50000000e-02	5.141388174807e-01	5.141388174807e-01	1.110223024625e-16	2.159383782896e-16
5.60000000e-02	5.144032921811e-01	5.144032921811e-01	2.220446049250e-16	4.316547119743e-16
5.70000000e-02	5.146680391148e-01	5.146680391148e-01	2.220446049250e-16	4.314326673693e-16
5.80000000e-02	5.149330587024e-01	5.149330587024e-01	2.220446049250e-16	4.312106227644e-16
5.90000000e-02	5.151983513653e-01	5.151983513653e-01	1.110223024625e-16	2.154942890797e-16
6.00000000e-02	5.154639175258e-01	5.154639175258e-01	2.220446049250e-16	4.307665335546e-16
6.10000000e-02	5.157297576070e-01	5.157297576070e-01	1.110223024625e-16	2.152722444748e-16
6.20000000e-02	5.159958720330e-01	5.159958720330e-01	3.330669073875e-16	6.454836665171e-16
6.30000000e-02	5.162622612287e-01	5.162622612287e-01	4.440892098501e-16	8.602007994796e-16
6.40000000e-02	5.165289256198e-01	5.165289256198e-01	4.440892098501e-16	8.597567102697e-16
6.50000000e-02	5.167958656331e-01	5.167958656331e-01	5.551115123126e-16	1.074140776325e-15
6.60000000e-02	5.170630816960e-01	5.170630816960e-01	5.551115123126e-16	1.073585664813e-15
6.70000000e-02	5.173305742369e-01	5.173305742369e-01	4.440892098501e-16	8.584244426402e-16
6.80000000e-02	5.175983436853e-01	5.175983436853e-01	4.440892098501e-16	8.579803534303e-16
6.90000000e-02	5.178663904713e-01	5.178663904713e-01	3.330669073875e-16	6.431521981654e-16
7.00000000e-02	5.181347150259e-01	5.181347150259e-01	5.551115123126e-16	1.071365218763e-15
7.10000000e-02	5.184033177812e-01	5.184033177812e-01	6.661338147751e-16	1.284972128701e-15
7.20000000e-02	5.186721991701e-01	5.186721991701e-01	6.661338147751e-16	1.284305994886e-15
7.30000000e-02	5.189413596264e-01	5.189413596264e-01	5.551115123126e-16	1.069699884226e-15
7.40000000e-02	5.192107995846e-01	5.192107995846e-01	6.661338147751e-16	1.282973727257e-15
7.50000000e-02	5.194805194805e-01	5.194805194805e-01	7.771561172376e-16	1.496025525682e-15
7.60000000e-02	5.197505197505e-01	5.197505197505e-01	8.881784197001e-16	1.708855279503e-15
7.70000000e-02	5.200208008320e-01	5.200208008320e-01	8.881784197001e-16	1.707967101083e-15
7.80000000e-02	5.202913631634e-01	5.202913631634e-01	9.992007221626e-16	1.920463787997e-15
7.90000000e-02	5.205622071838e-01	5.205622071838e-01	1.110223024625e-15	2.132738430305e-15
8.00000000e-02	5.208333333333e-01	5.208333333333e-01	1.221245327088e-15	2.344791028008e-15
8.10000000e-02	5.211047420532e-01	5.211047420532e-01	1.110223024625e-15	2.130517984256e-15
8.20000000e-02	5.213764337852e-01	5.213764337852e-01	1.221245327088e-15	2.342348537354e-15
8.30000000e-02	5.216484089724e-01	5.216484089724e-01	1.221245327088e-15	2.341127292027e-15
8.40000000e-02	5.219206680585e-01	5.219206680585e-01	1.332267629550e-15	2.552624778218e-15
8.50000000e-02	5.221932114882e-01	5.221932114883e-01	1.221245327088e-15	2.338684801373e-15
8.60000000e-02	5.224660397074e-01	5.224660397074e-01	1.332267629550e-15	2.549960242959e-15
8.70000000e-02	5.227391531626e-01	5.227391531626e-01	1.443289932013e-15	2.761013639940e-15
8.80000000e-02	5.230125523013e-01	5.230125523013e-01	1.221245327088e-15	2.335021065392e-15
8.90000000e-02	5.232862375720e-01	5.232862375720e-01	1.221245327088e-15	2.333799820065e-15
9.00000000e-02	5.235602094241e-01	5.235602094241e-01	1.221245327088e-15	2.332578574737e-15
9.10000000e-02	5.238344683080e-01	5.238344683080e-01	9.992007221626e-16	1.907474178608e-15
9.20000000e-02	5.241090146751e-01	5.241090146751e-01	9.992007221626e-16	1.906474977886e-15
9.30000000e-02	5.243838489775e-01	5.243838489775e-01	1.110223024625e-15	2.117195307960e-15
9.40000000e-02	5.246589716684e-01	5.246589716684e-01	1.332267629550e-15	2.539302101923e-15
9.50000000e-02	5.249343832021e-01	5.249343832021e-01	1.332267629550e-15	2.537969834293e-15
9.60000000e-02	5.252100840336e-01	5.252100840336e-01	1.443289932013e-15	2.748024030552e-15
9.70000000e-02	5.254860746190e-01	5.254860746190e-01	1.554312234475e-15	2.957856182206e-15
9.80000000e-02	5.257623554154e-01	5.257623554154e-01	1.665334536938e-15	3.167466289256e-15
9.90000000e-02	5.260389268806e-01	5.260389268806e-01	1.554312234475e-15	2.954747557737e-15
1.00000000e-01	5.263157894737e-01	5.263157894737e-01	1.554312234475e-15	2.953193245503e-15
1.01000000e-01	5.265929436546e-01	5.265929436546e-01	1.443289932013e-15	2.740807580892e-15
1.02000000e-01	5.268703898841e-01	5.268703898841e-01	1.554312234475e-15	2.950084621034e-15
1.03000000e-01	5.271481286241e-01	5.271481286241e-01	1.443289932013e-15	2.737921001028e-15
1.04000000e-01	5.274261603376e-01	5.274261603376e-01	1.332267629550e-15	2.525979425627e-15
1.05000000e-01	5.277044854881e-01	5.277044854881e-01	1.332267629550e-15	2.524647157998e-15
1.06000000e-01	5.279831045407e-01	5.279831045407e-01	1.221245327088e-15	2.313038649504e-15
1.07000000e-01	5.282620179609e-01	5.282620179609e-01	1.110223024625e-15	2.101652185615e-15
1.08000000e-01	5.285412262156e-01	5.285412262156e-01	1.110223024625e-15	2.100541962591e-15
1.09000000e-01	5.288207297726e-01	5.288207297726e-01	1.110223024625e-15	2.099431739566e-15
1.10000000e-01	5.291005291005e-01	5.291005291005e-01	1.110223024625e-15	2.098321516542e-15
1.11000000e-01	5.293806246691e-01	5.293806246691e-01	9.992007221626e-16	1.887490164165e-15
1.12000000e-01	5.296610169492e-01	5.296610169492e-01	9.992007221626e-16	1.886490963443e-15
1.13000000e-01	5.299417064123e-01	5.299417064123e-01	1.110223024625e-15	2.094990847468e-15
1.14000000e-01	5.302226935313e-01	5.302226935313e-01	1.221245327088e-15	2.303268686887e-15
1.15000000e-01	5.305039787798e-01	5.305039787798e-01	1.332267629550e-15	2.511324481702e-15
1.16000000e-01	5.307855626327e-01	5.307855626327e-01	1.332267629550e-15	2.509992214073e-15
1.17000000e-01	5.310674455656e-01	5.310674455656e-01	1.332267629550e-15	2.508659946443e-15
1.18000000e-01	5.313496280553e-01	5.313496280553e-01	1.443289932013e-15	2.716271652048e-15
1.19000000e-01	5.316321105795e-01	5.316321105795e-01	1.443289932013e-15	2.714828362116e-15
1.20000000e-01	5.319148936170e-01	5.319148936170e-01	1.443289932013e-15	2.713385072184e-15
1.21000000e-01	5.321979776477e-01	5.321979776477e-01	1.443289932013e-15	2.711941782252e-15
1.22000000e-01	5.324813631523e-01	5.324813631523e-01	1.443289932013e-15	2.710498492320e-15
1.23000000e-01	5.327650506127e-01	5.327650506127e-01	1.332267629550e-15	2.500666340666e-15
1.24000000e-01	5.330490405117e-01	5.330490405117e-01	1.332267629550e-15	2.499334073036e-15
1.25000000e-01	5.333333333333e-01	5.333333333333e-01	1.332267629550e-15	2.498001805407e-15
1.26000000e-01	5.336179295624e-01	5.336179295624e-01	1.443289932013e-15	2.704725332592e-15
1.27000000e-01	5.339028296850e-01	5.339028296850e-01	1.332267629550e-15	2.495337270148e-15
1.28000000e-01	5.341880341880e-01	5.341880341880e-01	1.332267629550e-15	2.494005002518e-15
1.29000000e-01	5.344735435596e-01	5.344735435596e-01	1.332267629550e-15	2.492672734888e-15
1.30000000e-01	5.347593582888e-01	5.347593582888e-01	1.332267629550e-15	2.491340467259e-15
1.31000000e-01	5.350454788657e-01	5.350454788657e-01	1.332267629550e-15	2.490008199629e-15
1.32000000e-01	5.353319057816e-01	5.353319057816e-01	1.221245327088e-15	2.281286271000e-15
1.33000000e-01	5.356186395287e-01	5.356186395287e-01	1.221245327088e-15	2.280065025673e-15
1.34000000e-01	5.359056806002e-01	5.359056806002e-01	1.221245327088e-15	2.278843780346e-15
1.35000000e-01	5.361930294906e-01	5.361930294906e-01	1.332267629550e-15	2.484679129111e-15
1.36000000e-01	5.364806866953e-01	5.364806866953e-01	1.332267629550e-15	2.483346861482e-15
1.37000000e-01	5.367686527107e-01	5.367686527107e-01	1.332267629550e-15	2.482014593852e-15
1.38000000e-01	5.370569280344e-01	5.370569280344e-01	1.221245327088e-15	2.273958799037e-15
1.39000000e-01	5.373455131650e-01	5.373455131650e-01	1.110223024625e-15	2.066125048827e-15
1.40000000e-01	5.376344086021e-01	5.376344086022e-01	1.221245327088e-15	2.271516308383e-15
1.41000000e-01	5.379236148467e-01	5.379236148467e-01	1.110223024625e-15	2.063904602778e-15
1.42000000e-01	5.382131324004e-01	5.382131324004e-01	9.992007221626e-16	1.856514941778e-15
1.43000000e-01	5.385029617663e-01	5.385029617663e-01	1.110223024625e-15	2.061684156729e-15
1.44000000e-01	5.387931034483e-01	5.387931034483e-01	1.110223024625e-15	2.060573933704e-15
1.45000000e-01	5.390835579515e-01	5.390835579515e-01	1.221245327088e-15	2.265410081748e-15
1.46000000e-01	5.393743257821e-01	5.393743257821e-01	1.221245327088e-15	2.264188836421e-15
1.47000000e-01	5.396654074474e-01	5.396654074474e-01	1.110223024625e-15	2.057243264630e-15
1.48000000e-01	5.399568034557e-01	5.399568034557e-01	1.110223024625e-15	2.056133041606e-15
1.49000000e-01	5.402485143166e-01	5.402485143166e-01	1.110223024625e-15	2.055022818581e-15
1.50000000e-01	5.405405405405e-01	5.405405405405e-01	9.992007221626e-16	1.848521336001e-15
1.51000000e-01	5.408328826393e-01	5.408328826393e-01	8.881784197001e-16	1.642241898026e-15
1.52000000e-01	5.411255411255e-01	5.411255411255e-01	9.992007221626e-16	1.846522934557e-15
1.53000000e-01	5.414185165133e-01	5.414185165133e-01	1.221245327088e-15	2.255640119131e-15
1.54000000e-01	5.417118093174e-01	5.417118093174e-01	1.110223024625e-15	2.049471703458e-15
1.55000000e-01	5.420054200542e-01	5.420054200542e-01	1.221245327088e-15	2.253197628477e-15
1.56000000e-01	5.422993492408e-01	5.422993492408e-01	1.221245327088e-15	2.251976383150e-15
1.57000000e-01	5.425935973955e-01	5.425935973956e-01	1.221245327088e-15	2.250755137823e-15
1.58000000e-01	5.428881650380e-01	5.428881650380e-01	1.221245327088e-15	2.249533892495e-15
1.59000000e-01	5.431830526888e-01	5.431830526888e-01	1.110223024625e-15	2.043920588335e-15
1.60000000e-01	5.434782608696e-01	5.434782608696e-01	1.110223024625e-15	2.042810365310e-15
1.61000000e-01	5.437737901033e-01	5.437737901033e-01	1.110223024625e-15	2.041700142286e-15
1.62000000e-01	5.440696409140e-01	5.440696409140e-01	1.110223024625e-15	2.040589919261e-15
1.63000000e-01	5.443658138269e-01	5.443658138269e-01	7.771561172376e-16	1.427635787365e-15
1.64000000e-01	5.446623093682e-01	5.446623093682e-01	7.771561172376e-16	1.426858631248e-15
1.65000000e-01	5.449591280654e-01	5.449591280654e-01	7.771561172376e-16	1.426081475131e-15
1.66000000e-01	5.452562704471e-01	5.452562704471e-01	7.771561172376e-16	1.425304319014e-15
1.67000000e-01	5.455537370431e-01	5.455537370431e-01	6.661338147751e-16	1.221023282483e-15
1.68000000e-01	5.458515283843e-01	5.458515283843e-01	7.771561172376e-16	1.423750006779e-15
1.69000000e-01	5.461496450027e-01	5.461496450027e-01	6.661338147751e-16	1.219691014853e-15
1.70000000e-01	5.464480874317e-01	5.464480874317e-01	6.661338147751e-16	1.219024881038e-15
1.71000000e-01	5.467468562056e-01	5.467468562056e-01	6.661338147751e-16	1.218358747224e-15
1.72000000e-01	5.470459518600e-01	5.470459518600e-01	6.661338147751e-16	1.217692613409e-15
1.73000000e-01	5.473453749316e-01	5.473453749316e-01	6.661338147751e-16	1.217026479594e-15
1.74000000e-01	5.476451259584e-01	5.476451259584e-01	7.771561172376e-16	1.419087070076e-15
1.75000000e-01	5.479452054795e-01	5.479452054795e-01	5.551115123126e-16	1.013078509970e-15
1.76000000e-01	5.482456140351e-01	5.482456140351e-01	6.661338147751e-16	1.215028078150e-15
1.77000000e-01	5.485463521668e-01	5.485463521668e-01	5.551115123126e-16	1.011968286946e-15
1.78000000e-01	5.488474204171e-01	5.488474204171e-01	6.661338147751e-16	1.213695810520e-15
1.79000000e-01	5.491488193300e-01	5.491488193300e-01	6.661338147751e-16	1.213029676705e-15
1.80000000e-01	5.494505494505e-01	5.494505494505e-01	5.551115123126e-16	1.010302952409e-15
1.81000000e-01	5.497526113249e-01	5.497526113249e-01	5.551115123126e-16	1.009747840897e-15
1.82000000e-01	5.500550055005e-01	5.500550055006e-01	5.551115123126e-16	1.009192729384e-15
1.83000000e-01	5.503577325261e-01	5.503577325261e-01	4.440892098501e-16	8.069100942976e-16
1.84000000e-01	5.506607929515e-01	5.506607929515e-01	3.330669073875e-16	6.048495038158e-16
1.85000000e-01	5.509641873278e-01	5.509641873278e-01	3.330669073875e-16	6.045164369084e-16
1.86000000e-01	5.512679162073e-01	5.512679162073e-01	4.440892098501e-16	8.055778266680e-16
1.87000000e-01	5.515719801434e-01	5.515719801434e-01	4.440892098501e-16	8.051337374582e-16
1.88000000e-01	5.518763796909e-01	5.518763796909e-01	4.440892098501e-16	8.046896482483e-16
1.89000000e-01	5.521811154059e-01	5.521811154059e-01	3.330669073875e-16	6.031841692788e-16
1.90000000e-01	5.524861878453e-01	5.524861878453e-01	3.330669073875e-16	6.028511023715e-16
1.91000000e-01	5.527915975677e-01	5.527915975677e-01	2.220446049250e-16	4.016786903094e-16
1.92000000e-01	5.530973451327e-01	5.530973451327e-01	3.330669073875e-16	6.021849685567e-16
1.93000000e-01	5.534034311013e-01	5.534034311013e-01	2.220446049250e-16	4.012346010995e-16
1.94000000e-01	5.537098560354e-01	5.537098560354e-01	1.110223024625e-16	2.005062782473e-16
1.95000000e-01	5.540166204986e-01	5.540166204986e-01	2.220446049250e-16	4.007905118897e-16
1.96000000e-01	5.543237250554e-01	5.543237250554e-01	2.220446049250e-16	4.005684672848e-16
1.97000000e-01	5.546311702718e-01	5.546311702718e-01	1.110223024625e-16	2.001732113399e-16
1.98000000e-01	5.549389567148e-01	5.549389567148e-01	1.110223024625e-16	2.000621890375e-16
1.99000000e-01	5.552470849528e-01	5.552470849528e-01	3.330669073875e-16	5.998535002050e-16
2.00000000e-01	5.555555555556e-01	5.555555555556e-01	2.220446049250e-16	3.996802888651e-16
2.01000000e-01	5.558643690939e-01	5.558643690939e-01	3.330669073875e-16	5.991873663902e-16
2.02000000e-01	5.561735261402e-01	5.561735261402e-01	3.330669073875e-16	5.988542994828e-16
2.03000000e-01	5.564830272677e-01	5.564830272677e-01	3.330669073875e-16	5.985212325754e-16
2.04000000e-01	5.567928730512e-01	5.567928730512e-01	4.440892098501e-16	7.975842208907e-16
2.05000000e-01	5.571030640669e-01	5.571030640669e-01	3.330669073875e-16	5.978550987606e-16
2.06000000e-01	5.574136008919e-01	5.574136008919e-01	4.440892098501e-16	7.966960424710e-16
2.07000000e-01	5.577244841049e-01	5.577244841049e-01	3.330669073875e-16	5.971889649459e-16
2.08000000e-01	5.580357142857e-01	5.580357142857e-01	3.330669073875e-16	5.968558980385e-16
2.09000000e-01	5.583472920156e-01	5.583472920156e-01	4.440892098501e-16	7.953637748415e-16
2.10000000e-01	5.586592178771e-01	5.586592178771e-01	5.551115123126e-16	9.936496070395e-16
2.11000000e-01	5.589714924539e-01	5.589714924539e-01	5.551115123126e-16	9.930944955272e-16
2.12000000e-01	5.592841163311e-01	5.592841163311e-01	6.661338147751e-16	1.191047260818e-15
2.13000000e-01	5.595970900951e-01	5.595970900951e-01	6.661338147751e-16	1.190381127003e-15
2.14000000e-01	5.599104143337e-01	5.599104143337e-01	6.661338147751e-16	1.189714993188e-15
2.15000000e-01	5.602240896359e-01	5.602240896359e-01	5.551115123126e-16	9.908740494780e-16
2.16000000e-01	5.605381165919e-01	5.605381165919e-01	6.661338147751e-16	1.188382725559e-15
2.17000000e-01	5.608524957936e-01	5.608524957936e-01	5.551115123126e-16	9.897638264533e-16
2.18000000e-01	5.611672278339e-01	5.611672278339e-01	5.551115123126e-16	9.892087149410e-16
2.19000000e-01	5.614823133071e-01	5.614823133071e-01	4.440892098501e-16	7.909228827430e-16
2.20000000e-01	5.617977528090e-01	5.617977528090e-01	6.661338147751e-16	1.185718190300e-15
2.21000000e-01	5.621135469365e-01	5.621135469365e-01	7.771561172376e-16	1.382560732566e-15
2.22000000e-01	5.624296962880e-01	5.624296962880e-01	6.661338147751e-16	1.184385922670e-15
2.23000000e-01	5.627462014631e-01	5.627462014631e-01	7.771561172376e-16	1.381006420331e-15
2.24000000e-01	5.630630630631e-01	5.630630630631e-01	7.771561172376e-16	1.380229264214e-15
2.25000000e-01	5.633802816901e-01	5.633802816901e-01	7.771561172376e-16	1.379452108097e-15
2.26000000e-01	5.636978579481e-01	5.636978579481e-01	8.881784197001e-16	1.575628516548e-15
2.27000000e-01	5.640157924422e-01	5.640157924422e-01	8.881784197001e-16	1.574740338128e-15
2.28000000e-01	5.643340857788e-01	5.643340857788e-01	9.992007221626e-16	1.770583679672e-15
2.29000000e-01	5.646527385658e-01	5.646527385658e-01	9.992007221626e-16	1.769584478950e-15
2.30000000e-01	5.649717514124e-01	5.649717514124e-01	1.110223024625e-15	1.965094753587e-15
2.31000000e-01	5.652911249293e-01	5.652911249293e-01	1.221245327088e-15	2.160382983618e-15
2.32000000e-01	5.656108597285e-01	5.656108597285e-01	1.332267629550e-15	2.355449169045e-15
2.33000000e-01	5.659309564233e-01	5.659309564233e-01	1.110223024625e-15	1.961764084513e-15
2.34000000e-01	5.662514156285e-01	5.662514156285e-01	1.110223024625e-15	1.960653861488e-15
2.35000000e-01	5.665722379603e-01	5.665722379603e-01	1.110223024625e-15	1.959543638463e-15
2.36000000e-01	5.668934240363e-01	5.668934240363e-01	1.221245327088e-15	2.154276756983e-15
2.37000000e-01	5.672149744753e-01	5.672149744753e-01	1.221245327088e-15	2.153055511656e-15
2.38000000e-01	5.675368898978e-01	5.675368898978e-01	1.110223024625e-15	1.956212969390e-15
2.39000000e-01	5.678591709256e-01	5.678591709256e-01	1.110223024625e-15	1.955102746365e-15
2.40000000e-01	5.681818181818e-01	5.681818181818e-01	1.221245327088e-15	2.149391775674e-15
2.41000000e-01	5.685048322911e-01	5.685048322911e-01	1.110223024625e-15	1.952882300316e-15
2.42000000e-01	5.688282138794e-01	5.688282138794e-01	1.110223024625e-15	1.951772077291e-15
2.43000000e-01	5.691519635743e-01	5.691519635743e-01	1.110223024625e-15	1.950661854266e-15
2.44000000e-01	5.694760820046e-01	5.694760820046e-01	1.110223024625e-15	1.949551631242e-15
2.45000000e-01	5.698005698006e-01	5.698005698006e-01	9.992007221626e-16	1.753597267395e-15
2.46000000e-01	5.701254275941e-01	5.701254275941e-01	9.992007221626e-16	1.752598066673e-15
2.47000000e-01	5.704506560183e-01	5.704506560183e-01	9.992007221626e-16	1.751598865951e-15
2.48000000e-01	5.707762557078e-01	5.707762557078e-01	7.771561172376e-16	1.361577517400e-15
2.49000000e-01	5.711022272987e-01	5.711022272987e-01	7.771561172376e-16	1.360800361283e-15
2.50000000e-01	5.714285714286e-01	5.714285714286e-01	7.771561172376e-16	1.360023205166e-15
2.51000000e-01	5.717552887364e-01	5.717552887364e-01	9.992007221626e-16	1.747602063062e-15
2.52000000e-01	5.720823798627e-01	5.720823798627e-01	9.992007221626e-16	1.746602862340e-15
2.53000000e-01	5.724098454493e-01	5.724098454493e-01	1.221245327088e-15	2.133515586422e-15
2.54000000e-01	5.727376861397e-01	5.727376861397e-01	1.110223024625e-15	1.938449400996e-15
2.55000000e-01	5.730659025788e-01	5.730659025788e-01	9.992007221626e-16	1.743605260174e-15
2.56000000e-01	5.733944954128e-01	5.733944954128e-01	8.881784197001e-16	1.548983163957e-15
2.57000000e-01	5.737234652897e-01	5.737234652897e-01	7.771561172376e-16	1.354583112345e-15
2.58000000e-01	5.740528128588e-01	5.740528128588e-01	8.881784197001e-16	1.547206807118e-15
2.59000000e-01	5.743825387708e-01	5.743825387708e-01	8.881784197001e-16	1.546318628698e-15
2.60000000e-01	5.747126436782e-01	5.747126436782e-01	6.661338147751e-16	1.159072837709e-15
2.61000000e-01	5.750431282346e-01	5.750431282346e-01	7.771561172376e-16	1.351474487876e-15
2.62000000e-01	5.753739930955e-01	5.753739930955e-01	7.771561172376e-16	1.350697331759e-15
2.63000000e-01	5.757052389177e-01	5.757052389177e-01	7.771561172376e-16	1.349920175642e-15
2.64000000e-01	5.760368663594e-01	5.760368663594e-01	7.771561172376e-16	1.349143019524e-15
2.65000000e-01	5.763688760807e-01	5.763688760807e-01	7.771561172376e-16	1.348365863407e-15
2.66000000e-01	5.767012687428e-01	5.767012687428e-01	9.992007221626e-16	1.732614052230e-15
2.67000000e-01	5.770340450087e-01	5.770340450087e-01	1.110223024625e-15	1.924016501675e-15
2.68000000e-01	5.773672055427e-01	5.773672055427e-01	1.332267629550e-15	2.307487534381e-15
2.69000000e-01	5.777007510110e-01	5.777007510110e-01	1.443289932013e-15	2.498334872314e-15
2.70000000e-01	5.780346820809e-01	5.780346820809e-01	1.332267629550e-15	2.304822999122e-15
2.71000000e-01	5.783689994216e-01	5.783689994216e-01	1.332267629550e-15	2.303490731492e-15
2.72000000e-01	5.787037037037e-01	5.787037037037e-01	1.443289932013e-15	2.494005002518e-15
2.73000000e-01	5.790387955993e-01	5.790387955993e-01	1.443289932013e-15	2.492561712586e-15
2.74000000e-01	5.793742757822e-01	5.793742757822e-01	1.665334536938e-15	2.874367410755e-15
2.75000000e-01	5.797101449275e-01	5.797101449275e-01	1.665334536938e-15	2.872702076218e-15
2.76000000e-01	5.800464037123e-01	5.800464037123e-01	1.665334536938e-15	2.871036741681e-15
2.77000000e-01	5.803830528149e-01	5.803830528149e-01	1.443289932013e-15	2.486788552858e-15
2.78000000e-01	5.807200929152e-01	5.807200929152e-01	1.554312234475e-15	2.676525667766e-15
2.79000000e-01	5.810575246949e-01	5.810575246949e-01	1.665334536938e-15	2.866040738070e-15
2.80000000e-01	5.813953488372e-01	5.813953488372e-01	1.554312234475e-15	2.673417043297e-15
2.81000000e-01	5.817335660268e-01	5.817335660268e-01	1.665334536938e-15	2.862710068996e-15
2.82000000e-01	5.820721769499e-01	5.820721769499e-01	1.665334536938e-15	2.861044734459e-15
2.83000000e-01	5.824111822947e-01	5.824111822947e-01	1.776356839400e-15	3.050004693250e-15
2.84000000e-01	5.827505827506e-01	5.827505827506e-01	1.776356839400e-15	3.048228336411e-15
2.85000000e-01	5.830903790087e-01	5.830903790087e-01	1.887379141863e-15	3.236855228295e-15
2.86000000e-01	5.834305717620e-01	5.834305717620e-01	1.998401444325e-15	3.425260075574e-15
2.87000000e-01	5.837711617046e-01	5.837711617046e-01	1.998401444325e-15	3.423261674129e-15
2.88000000e-01	5.841121495327e-01	5.841121495327e-01	2.109423746788e-15	3.611333454501e-15
2.89000000e-01	5.844535359439e-01	5.844535359439e-01	2.109423746788e-15	3.609224030754e-15
2.90000000e-01	5.847953216374e-01	5.847953216374e-01	2.109423746788e-15	3.607114607007e-15
2.91000000e-01	5.851375073142e-01	5.851375073142e-01	2.109423746788e-15	3.605005183260e-15
2.92000000e-01	5.854800936768e-01	5.854800936768e-01	2.220446049250e-15	3.792521852120e-15
2.93000000e-01	5.858230814294e-01	5.858230814294e-01	2.220446049250e-15	3.790301406070e-15
2.94000000e-01	5.861664712778e-01	5.861664712778e-01	2.109423746788e-15	3.598676912020e-15
2.95000000e-01	5.865102639296e-01	5.865102639296e-01	2.109423746788e-15	3.596567488273e-15
2.96000000e-01	5.868544600939e-01	5.868544600939e-01	2.220446049250e-15	3.783640067923e-15
2.97000000e-01	5.871990604815e-01	5.871990604815e-01	2.109423746788e-15	3.592348640780e-15
2.98000000e-01	5.875440658049e-01	5.875440658049e-01	1.998401444325e-15	3.401279258242e-15
2.99000000e-01	5.878894767784e-01	5.878894767784e-01	1.887379141863e-15	3.210431920309e-15
3.00000000e-01	5.882352941176e-01	5.882352941176e-01	1.887379141863e-15	3.208544541167e-15
3.01000000e-01	5.885815185403e-01	5.885815185403e-01	1.887379141863e-15	3.206657162025e-15
3.02000000e-01	5.889281507656e-01	5.889281507656e-01	1.887379141863e-15	3.204769782883e-15
3.03000000e-01	5.892751915144e-01	5.892751915144e-01	1.887379141863e-15	3.202882403741e-15
3.04000000e-01	5.896226415094e-01	5.896226415094e-01	1.998401444325e-15	3.389288849576e-15
3.05000000e-01	5.899705014749e-01	5.899705014749e-01	1.887379141863e-15	3.199107645457e-15
3.06000000e-01	5.903187721370e-01	5.903187721370e-01	1.998401444325e-15	3.385292046687e-15
3.07000000e-01	5.906674542233e-01	5.906674542233e-01	1.887379141863e-15	3.195332887174e-15
3.08000000e-01	5.910165484634e-01	5.910165484634e-01	1.887379141863e-15	3.193445508032e-15
3.09000000e-01	5.913660555884e-01	5.913660555884e-01	1.998401444325e-15	3.379296842354e-15
3.10000000e-01	5.917159763314e-01	5.917159763314e-01	2.109423746788e-15	3.564926132071e-15
3.11000000e-01	5.920663114269e-01	5.920663114269e-01	2.109423746788e-15	3.562816708325e-15
3.12000000e-01	5.924170616114e-01	5.924170616114e-01	2.220446049250e-15	3.748112931135e-15
3.13000000e-01	5.927682276230e-01	5.927682276230e-01	2.109423746788e-15	3.558597860831e-15
3.14000000e-01	5.931198102017e-01	5.931198102017e-01	2.220446049250e-15	3.743672039036e-15
3.15000000e-01	5.934718100890e-01	5.934718100890e-01	2.220446049250e-15	3.741451592987e-15
3.16000000e-01	5.938242280285e-01	5.938242280285e-01	2.442490654175e-15	4.113154261631e-15
3.17000000e-01	5.941770647653e-01	5.941770647653e-01	2.331468351713e-15	3.923861235933e-15
3.18000000e-01	5.945303210464e-01	5.945303210464e-01	2.553512956638e-15	4.295008793065e-15
3.19000000e-01	5.948839976205e-01	5.948839976205e-01	2.664535259100e-15	4.479083770548e-15
3.20000000e-01	5.952380952381e-01	5.952380952381e-01	2.775557561563e-15	4.662936703426e-15
3.21000000e-01	5.955926146516e-01	5.955926146516e-01	2.886579864025e-15	4.846567591699e-15
3.22000000e-01	5.959475566150e-01	5.959475566150e-01	2.886579864025e-15	4.843681011835e-15
3.23000000e-01	5.963029218843e-01	5.963029218843e-01	2.886579864025e-15	4.840794431971e-15
3.24000000e-01	5.966587112172e-01	5.966587112172e-01	2.886579864025e-15	4.837907852107e-15
3.25000000e-01	5.970149253731e-01	5.970149253731e-01	2.775557561563e-15	4.649058915618e-15
3.26000000e-01	5.973715651135e-01	5.973715651135e-01	2.775557561563e-15	4.646283358056e-15
3.27000000e-01	5.977286312014e-01	5.977286312014e-01	2.886579864025e-15	4.829248112515e-15
3.28000000e-01	5.980861244019e-01	5.980861244019e-01	2.886579864025e-15	4.826361532650e-15
3.29000000e-01	5.984440454817e-01	5.984440454817e-01	2.886579864025e-15	4.823474952786e-15
3.30000000e-01	5.988023952096e-01	5.988023952096e-01	2.886579864025e-15	4.820588372922e-15
3.31000000e-01	5.991611743559e-01	5.991611743559e-01	2.886579864025e-15	4.817701793058e-15
3.32000000e-01	5.995203836930e-01	5.995203836930e-01	2.997602166488e-15	5.000000413702e-15
3.33000000e-01	5.998800239952e-01	5.998800239952e-01	2.886579864025e-15	4.811928633330e-15
3.34000000e-01	6.002400960384e-01	6.002400960384e-01	2.886579864025e-15	4.809042053466e-15
3.35000000e-01	6.006006006006e-01	6.006006006006e-01	3.108624468950e-15	5.175859740802e-15
3.36000000e-01	6.009615384615e-01	6.009615384615e-01	2.997602166488e-15	4.988010005036e-15
3.37000000e-01	6.013229104029e-01	6.013229104029e-01	3.108624468950e-15	5.169642491865e-15
3.38000000e-01	6.016847172082e-01	6.016847172082e-01	3.219646771413e-15	5.351052934088e-15
3.39000000e-01	6.020469596629e-01	6.020469596629e-01	3.219646771413e-15	5.347833287317e-15
3.40000000e-01	6.024096385542e-01	6.024096385542e-01	3.219646771413e-15	5.344613640546e-15
3.41000000e-01	6.027727546715e-01	6.027727546715e-01	3.108624468950e-15	5.157207993989e-15
3.42000000e-01	6.031363088058e-01	6.031363088058e-01	3.108624468950e-15	5.154099369520e-15
3.43000000e-01	6.035003017501e-01	6.035003017502e-01	3.108624468950e-15	5.150990745051e-15
3.44000000e-01	6.038647342995e-01	6.038647342995e-01	3.108624468950e-15	5.147882120582e-15
3.45000000e-01	6.042296072508e-01	6.042296072508e-01	2.886579864025e-15	4.777289674962e-15
3.46000000e-01	6.045949214027e-01	6.045949214027e-01	2.886579864025e-15	4.774403095098e-15
3.47000000e-01	6.049606775560e-01	6.049606775560e-01	2.997602166488e-15	4.955036381205e-15
3.48000000e-01	6.053268765133e-01	6.053268765133e-01	2.997602166488e-15	4.952038779038e-15
3.49000000e-01	6.056935190793e-01	6.056935190793e-01	3.108624468950e-15	5.132338998237e-15
3.50000000e-01	6.060606060606e-01	6.060606060606e-01	3.330669073875e-15	5.495603971895e-15
3.51000000e-01	6.064281382656e-01	6.064281382656e-01	3.108624468950e-15	5.126121749299e-15
3.52000000e-01	6.067961165049e-01	6.067961165049e-01	3.108624468950e-15	5.123013124830e-15
3.53000000e-01	6.071645415908e-01	6.071645415908e-01	3.108624468950e-15	5.119904500361e-15
3.54000000e-01	6.075334143378e-01	6.075334143378e-01	3.219646771413e-15	5.299538585746e-15
3.55000000e-01	6.079027355623e-01	6.079027355623e-01	3.108624468950e-15	5.113687251423e-15
3.56000000e-01	6.082725060827e-01	6.082725060827e-01	3.219646771413e-15	5.293099292203e-15
3.57000000e-01	6.086427267194e-01	6.086427267194e-01	3.108624468950e-15	5.107470002486e-15
3.58000000e-01	6.090133982948e-01	6.090133982948e-01	3.219646771413e-15	5.286659998660e-15
3.59000000e-01	6.093845216331e-01	6.093845216332e-01	3.108624468950e-15	5.101252753548e-15
3.60000000e-01	6.097560975610e-01	6.097560975610e-01	3.219646771413e-15	5.280220705117e-15
3.61000000e-01	6.101281269066e-01	6.101281269067e-01	3.108624468950e-15	5.095035504610e-15
3.62000000e-01	6.105006105006e-01	6.105006105006e-01	3.219646771413e-15	5.273781411574e-15
3.63000000e-01	6.108735491753e-01	6.108735491753e-01	3.108624468950e-15	5.088818255672e-15
3.64000000e-01	6.112469437653e-01	6.112469437653e-01	3.108624468950e-15	5.085709631203e-15
3.65000000e-01	6.116207951070e-01	6.116207951070e-01	2.775557561563e-15	4.538036613155e-15
3.66000000e-01	6.119951040392e-01	6.119951040392e-01	2.886579864025e-15	4.716671497818e-15
3.67000000e-01	6.123698714023e-01	6.123698714023e-01	2.997602166488e-15	4.895084337875e-15
3.68000000e-01	6.127450980392e-01	6.127450980392e-01	3.108624468950e-15	5.073275133327e-15
3.69000000e-01	6.131207847946e-01	6.131207847946e-01	2.997602166488e-15	4.889089133542e-15
3.70000000e-01	6.134969325153e-01	6.134969325153e-01	3.219646771413e-15	5.248024237403e-15
3.71000000e-01	6.138735420503e-01	6.138735420503e-01	3.219646771413e-15	5.244804590632e-15
3.72000000e-01	6.142506142506e-01	6.142506142506e-01	3.219646771413e-15	5.241584943860e-15
3.73000000e-01	6.146281499693e-01	6.146281499693e-01	3.330669073875e-15	5.418998583195e-15
3.74000000e-01	6.150061500615e-01	6.150061500615e-01	3.330669073875e-15	5.415667914122e-15
3.75000000e-01	6.153846153846e-01	6.153846153846e-01	3.330669073875e-15	5.412337245048e-15
3.76000000e-01	6.157635467980e-01	6.157635467980e-01	3.441691376338e-15	5.589306795173e-15
3.77000000e-01	6.161429451633e-01	6.161429451633e-01	3.330669073875e-15	5.405675906900e-15
3.78000000e-01	6.165228113440e-01	6.165228113440e-01	3.330669073875e-15	5.402345237826e-15
3.79000000e-01	6.169031462060e-01	6.169031462060e-01	3.219646771413e-15	5.219047416460e-15
3.80000000e-01	6.172839506173e-01	6.172839506173e-01	3.330669073875e-15	5.395683899678e-15
3.81000000e-01	6.176652254478e-01	6.176652254478e-01	3.219646771413e-15	5.212608122918e-15
3.82000000e-01	6.180469715698e-01	6.180469715698e-01	3.219646771413e-15	5.209388476146e-15
3.83000000e-01	6.184291898578e-01	6.184291898578e-01	3.219646771413e-15	5.206168829375e-15
3.84000000e-01	6.188118811881e-01	6.188118811881e-01	3.219646771413e-15	5.202949182603e-15
3.85000000e-01	6.191950464396e-01	6.191950464396e-01	3.108624468950e-15	5.020428517355e-15
3.86000000e-01	6.195786864932e-01	6.195786864932e-01	3.330669073875e-15	5.375699885235e-15
3.87000000e-01	6.199628022319e-01	6.199628022319e-01	3.219646771413e-15	5.193290242289e-15
3.88000000e-01	6.203473945409e-01	6.203473945409e-01	3.108624468950e-15	5.011102643948e-15
3.89000000e-01	6.207324643079e-01	6.207324643079e-01	3.219646771413e-15	5.186850948746e-15
3.90000000e-01	6.211180124224e-01	6.211180124224e-01	3.330669073875e-15	5.362377208940e-15
3.91000000e-01	6.215040397763e-01	6.215040397763e-01	3.219646771413e-15	5.180411655203e-15
3.92000000e-01	6.218905472637e-01	6.218905472637e-01	3.330669073875e-15	5.355715870792e-15
3.93000000e-01	6.222775357810e-01	6.222775357810e-01	2.997602166488e-15	4.817146681546e-15
3.94000000e-01	6.226650062266e-01	6.226650062267e-01	3.219646771413e-15	5.170752714889e-15
3.95000000e-01	6.230529595016e-01	6.230529595016e-01	3.108624468950e-15	4.989342272665e-15
3.96000000e-01	6.234413965087e-01	6.234413965087e-01	3.219646771413e-15	5.164313421346e-15
3.97000000e-01	6.238303181535e-01	6.238303181535e-01	3.108624468950e-15	4.983125023728e-15
3.98000000e-01	6.242197253433e-01	6.242197253433e-01	3.330669073875e-15	5.335731856349e-15
3.99000000e-01	6.246096189881e-01	6.246096189881e-01	3.108624468950e-15	4.976907774790e-15
4.00000000e-01	6.250000000000e-01	6.250000000000e-01	3.108624468950e-15	4.973799150321e-15
4.01000000e-01	6.253908692933e-01	6.253908692933e-01	3.108624468950e-15	4.970690525852e-15
4.02000000e-01	6.257822277847e-01	6.257822277847e-01	3.108624468950e-15	4.967581901383e-15
4.03000000e-01	6.261740763932e-01	6.261740763932e-01	3.219646771413e-15	5.141775893946e-15
4.04000000e-01	6.265664160401e-01	6.265664160401e-01	3.219646771413e-15	5.138556247175e-15
4.05000000e-01	6.269592476489e-01	6.269592476489e-01	3.108624468950e-15	4.958256027976e-15
4.06000000e-01	6.273525721455e-01	6.273525721455e-01	3.219646771413e-15	5.132116953632e-15
4.07000000e-01	6.277463904583e-01	6.277463904583e-01	3.219646771413e-15	5.128897306861e-15
4.08000000e-01	6.281407035176e-01	6.281407035176e-01	3.330669073875e-15	5.302425165610e-15
4.09000000e-01	6.285355122564e-01	6.285355122564e-01	3.108624468950e-15	4.945821530100e-15
4.10000000e-01	6.289308176101e-01	6.289308176101e-01	3.219646771413e-15	5.119238366547e-15
4.11000000e-01	6.293266205160e-01	6.293266205160e-01	3.108624468950e-15	4.939604281162e-15
4.12000000e-01	6.297229219144e-01	6.297229219144e-01	3.330669073875e-15	5.289102489314e-15
4.13000000e-01	6.301197227473e-01	6.301197227473e-01	3.219646771413e-15	5.109579426232e-15
4.14000000e-01	6.305170239596e-01	6.305170239596e-01	3.330669073875e-15	5.282441151166e-15
4.15000000e-01	6.309148264984e-01	6.309148264984e-01	3.330669073875e-15	5.279110482093e-15
4.16000000e-01	6.313131313131e-01	6.313131313131e-01	3.330669073875e-15	5.275779813019e-15
4.17000000e-01	6.317119393557e-01	6.317119393557e-01	3.330669073875e-15	5.272449143945e-15
4.18000000e-01	6.321112515803e-01	6.321112515803e-01	3.441691376338e-15	5.444755757367e-15
4.19000000e-01	6.325110689437e-01	6.325110689437e-01	3.441691376338e-15	5.441314065990e-15
4.20000000e-01	6.329113924051e-01	6.329113924051e-01	3.552713678801e-15	5.613287612505e-15
4.21000000e-01	6.333122229259e-01	6.333122229259e-01	3.552713678801e-15	5.609734898826e-15
4.22000000e-01	6.337135614702e-01	6.337135614702e-01	3.552713678801e-15	5.606182185147e-15
4.23000000e-01	6.341154090044e-01	6.341154090044e-01	3.663735981263e-15	5.777711642452e-15
4.24000000e-01	6.345177664975e-01	6.345177664975e-01	3.552713678801e-15	5.599076757790e-15
4.25000000e-01	6.349206349206e-01	6.349206349206e-01	3.552713678801e-15	5.595524044111e-15
4.26000000e-01	6.353240152478e-01	6.353240152478e-01	3.330669073875e-15	5.242473122280e-15
4.27000000e-01	6.357279084552e-01	6.357279084552e-01	3.330669073875e-15	5.239142453206e-15
4.28000000e-01	6.361323155216e-01	6.361323155216e-01	3.330669073875e-15	5.235811784132e-15
4.29000000e-01	6.365372374284e-01	6.365372374284e-01	3.330669073875e-15	5.232481115058e-15
4.30000000e-01	6.369426751592e-01	6.369426751592e-01	3.441691376338e-15	5.403455460851e-15
4.31000000e-01	6.373486297004e-01	6.373486297004e-01	3.552713678801e-15	5.574207762038e-15
4.32000000e-01	6.377551020408e-01	6.377551020408e-01	3.885780586188e-15	6.092903959143e-15
4.33000000e-01	6.381620931717e-01	6.381620931717e-01	3.774758283726e-15	5.915046230598e-15
4.34000000e-01	6.385696040868e-01	6.385696040868e-01	3.885780586188e-15	6.085132397970e-15
4.35000000e-01	6.389776357827e-01	6.389776357827e-01	3.774758283726e-15	5.907496714030e-15
4.36000000e-01	6.393861892583e-01	6.393861892583e-01	3.774758283726e-15	5.903721955747e-15
4.37000000e-01	6.397952655150e-01	6.397952655150e-01	3.774758283726e-15	5.899947197463e-15
4.38000000e-01	6.402048655570e-01	6.402048655570e-01	3.774758283726e-15	5.896172439179e-15
4.39000000e-01	6.406149903908e-01	6.406149903908e-01	3.663735981263e-15	5.719091866752e-15
4.40000000e-01	6.410256410256e-01	6.410256410256e-01	3.663735981263e-15	5.715428130770e-15
4.41000000e-01	6.414368184734e-01	6.414368184734e-01	3.552713678801e-15	5.538680625250e-15
4.42000000e-01	6.418485237484e-01	6.418485237484e-01	3.441691376338e-15	5.362155164335e-15
4.43000000e-01	6.422607578677e-01	6.422607578677e-01	3.441691376338e-15	5.358713472958e-15
4.44000000e-01	6.426735218509e-01	6.426735218509e-01	3.330669073875e-15	5.182521078950e-15
4.45000000e-01	6.430868167203e-01	6.430868167203e-01	3.330669073875e-15	5.179190409876e-15
4.46000000e-01	6.435006435006e-01	6.435006435006e-01	3.330669073875e-15	5.175859740802e-15
4.47000000e-01	6.439150032196e-01	6.439150032196e-01	3.441691376338e-15	5.344946707453e-15
4.48000000e-01	6.443298969072e-01	6.443298969072e-01	3.552713678801e-15	5.513811629498e-15
4.49000000e-01	6.447453255964e-01	6.447453255964e-01	3.663735981263e-15	5.682454506939e-15
4.50000000e-01	6.451612903226e-01	6.451612903226e-01	3.885780586188e-15	6.022959908591e-15
4.51000000e-01	6.455777921239e-01	6.455777921240e-01	3.774758283726e-15	5.847100581491e-15
4.52000000e-01	6.459948320413e-01	6.459948320413e-01	3.774758283726e-15	5.843325823207e-15
4.53000000e-01	6.464124111183e-01	6.464124111183e-01	3.663735981263e-15	5.667799563014e-15
4.54000000e-01	6.468305304010e-01	6.468305304010e-01	3.774758283726e-15	5.835776306640e-15
4.55000000e-01	6.472491909385e-01	6.472491909385e-01	3.552713678801e-15	5.488942633747e-15
4.56000000e-01	6.476683937824e-01	6.476683937824e-01	3.885780586188e-15	5.999645225074e-15
4.57000000e-01	6.480881399870e-01	6.480881399870e-01	3.885780586188e-15	5.995759444488e-15
4.58000000e-01	6.485084306096e-01	6.485084306096e-01	3.885780586188e-15	5.991873663902e-15
4.59000000e-01	6.489292667099e-01	6.489292667099e-01	3.885780586188e-15	5.987987883316e-15
4.60000000e-01	6.493506493506e-01	6.493506493506e-01	4.107825191113e-15	6.326050794314e-15
4.61000000e-01	6.497725795971e-01	6.497725795971e-01	3.996802888651e-15	6.151079645633e-15
4.62000000e-01	6.501950585176e-01	6.501950585176e-01	3.996802888651e-15	6.147082842745e-15
4.63000000e-01	6.506180871828e-01	6.506180871828e-01	3.774758283726e-15	5.801803482086e-15
4.64000000e-01	6.510416666667e-01	6.510416666667e-01	3.774758283726e-15	5.798028723802e-15
4.65000000e-01	6.514657980456e-01	6.514657980456e-01	3.663735981263e-15	5.623834731239e-15
4.66000000e-01	6.518904823990e-01	6.518904823990e-01	3.774758283726e-15	5.790479207235e-15
4.67000000e-01	6.523157208089e-01	6.523157208089e-01	3.663735981263e-15	5.616507259276e-15
4.68000000e-01	6.527415143603e-01	6.527415143603e-01	3.885780586188e-15	5.953015858040e-15
4.69000000e-01	6.531678641411e-01	6.531678641411e-01	3.885780586188e-15	5.949130077454e-15
4.70000000e-01	6.535947712418e-01	6.535947712418e-01	3.885780586188e-15	5.945244296868e-15
4.71000000e-01	6.540222367560e-01	6.540222367560e-01	3.663735981263e-15	5.601852315351e-15
4.72000000e-01	6.544502617801e-01	6.544502617801e-01	3.663735981263e-15	5.598188579370e-15
4.73000000e-01	6.548788474132e-01	6.548788474132e-01	3.663735981263e-15	5.594524843389e-15
4.74000000e-01	6.553079947575e-01	6.553079947575e-01	3.663735981263e-15	5.590861107407e-15
4.75000000e-01	6.557377049180e-01	6.557377049180e-01	3.552713678801e-15	5.417888360171e-15
4.76000000e-01	6.561679790026e-01	6.561679790026e-01	3.552713678801e-15	5.414335646492e-15
4.77000000e-01	6.565988181221e-01	6.565988181221e-01	3.663735981263e-15	5.579869899464e-15
4.78000000e-01	6.570302233903e-01	6.570302233903e-01	3.663735981263e-15	5.576206163482e-15
4.79000000e-01	6.574621959237e-01	6.574621959237e-01	3.552713678801e-15	5.403677505456e-15
4.80000000e-01	6.578947368421e-01	6.578947368421e-01	3.552713678801e-15	5.400124791777e-15
4.81000000e-01	6.583278472679e-01	6.583278472679e-01	3.441691376338e-15	5.227929200657e-15
4.82000000e-01	6.587615283267e-01	6.587615283267e-01	3.552713678801e-15	5.393019364419e-15
4.83000000e-01	6.591957811470e-01	6.591957811470e-01	3.441691376338e-15	5.221045817905e-15
4.84000000e-01	6.596306068602e-01	6.596306068602e-01	3.330669073875e-15	5.049294315995e-15
4.85000000e-01	6.600660066007e-01	6.600660066007e-01	3.108624468950e-15	4.709566070460e-15
4.86000000e-01	6.605019815059e-01	6.605019815059e-01	3.219646771413e-15	4.874545211919e-15
4.87000000e-01	6.609385327165e-01	6.609385327165e-01	3.330669073875e-15	5.039302308774e-15
4.88000000e-01	6.613756613757e-01	6.613756613757e-01	3.441691376338e-15	5.203837361023e-15
4.89000000e-01	6.618133686300e-01	6.618133686300e-01	3.441691376338e-15	5.200395669647e-15
4.90000000e-01	6.622516556291e-01	6.622516556291e-01	3.552713678801e-15	5.364597654989e-15
4.91000000e-01	6.626905235255e-01	6.626905235255e-01	3.552713678801e-15	5.361044941310e-15
4.92000000e-01	6.631299734748e-01	6.631299734748e-01	3.663735981263e-15	5.524913859745e-15
4.93000000e-01	6.635700066357e-01	6.635700066357e-01	3.663735981263e-15	5.521250123763e-15
4.94000000e-01	6.640106241700e-01	6.640106241700e-01	3.552713678801e-15	5.350386800274e-15
4.95000000e-01	6.644518272425e-01	6.644518272425e-01	3.441691376338e-15	5.179745521389e-15
4.96000000e-01	6.648936170213e-01	6.648936170213e-01	3.441691376338e-15	5.176303830012e-15
4.97000000e-01	6.653359946773e-01	6.653359946773e-01	3.441691376338e-15	5.172862138636e-15
4.98000000e-01	6.657789613848e-01	6.657789613848e-01	3.330669073875e-15	5.002664948961e-15
4.99000000e-01	6.662225183211e-01	6.662225183211e-01	3.219646771413e-15	4.832689803891e-15
5.00000000e-01	6.666666666667e-01	6.666666666667e-01	3.108624468950e-15	4.662936703426e-15
5.01000000e-01	6.671114076051e-01	6.671114076051e-01	2.886579864025e-15	4.326983216174e-15
5.02000000e-01	6.675567423231e-01	6.675567423231e-01	2.886579864025e-15	4.324096636310e-15
5.03000000e-01	6.680026720107e-01	6.680026720107e-01	3.108624468950e-15	4.653610830019e-15
5.04000000e-01	6.684491978610e-01	6.684491978610e-01	3.330669073875e-15	4.982680934518e-15
5.05000000e-01	6.688963210702e-01	6.688963210702e-01	3.219646771413e-15	4.813371923262e-15
5.06000000e-01	6.693440428380e-01	6.693440428380e-01	3.219646771413e-15	4.810152276491e-15
5.07000000e-01	6.697923643670e-01	6.697923643670e-01	3.330669073875e-15	4.972688927296e-15
5.08000000e-01	6.702412868633e-01	6.702412868633e-01	3.441691376338e-15	5.135003533496e-15
5.09000000e-01	6.706908115359e-01	6.706908115359e-01	3.219646771413e-15	4.800493336177e-15
5.10000000e-01	6.711409395973e-01	6.711409395973e-01	3.330669073875e-15	4.962696920074e-15
5.11000000e-01	6.715916722633e-01	6.715916722633e-01	3.330669073875e-15	4.959366251001e-15
5.12000000e-01	6.720430107527e-01	6.720430107527e-01	3.441691376338e-15	5.121236767991e-15
5.13000000e-01	6.724949562878e-01	6.724949562878e-01	3.330669073875e-15	4.952704912853e-15
5.14000000e-01	6.729475100942e-01	6.729475100942e-01	3.330669073875e-15	4.949374243779e-15
5.15000000e-01	6.734006734007e-01	6.734006734007e-01	3.441691376338e-15	5.110911693862e-15
5.16000000e-01	6.738544474393e-01	6.738544474394e-01	3.441691376338e-15	5.107470002486e-15
5.17000000e-01	6.743088334457e-01	6.743088334457e-01	3.330669073875e-15	4.939382236557e-15
5.18000000e-01	6.747638326586e-01	6.747638326586e-01	3.330669073875e-15	4.936051567483e-15
5.19000000e-01	6.752194463201e-01	6.752194463201e-01	3.330669073875e-15	4.932720898410e-15
5.20000000e-01	6.756756756757e-01	6.756756756757e-01	3.441691376338e-15	5.093703236980e-15
5.21000000e-01	6.761325219743e-01	6.761325219743e-01	3.441691376338e-15	5.090261545604e-15
5.22000000e-01	6.765899864682e-01	6.765899864682e-01	3.330669073875e-15	4.922728891188e-15
5.23000000e-01	6.770480704130e-01	6.770480704130e-01	3.552713678801e-15	5.247358103588e-15
5.24000000e-01	6.775067750677e-01	6.775067750678e-01	3.663735981263e-15	5.407674308344e-15
5.25000000e-01	6.779661016949e-01	6.779661016949e-01	3.552713678801e-15	5.240252676231e-15
5.26000000e-01	6.784260515604e-01	6.784260515604e-01	3.330669073875e-15	4.909406214892e-15
5.27000000e-01	6.788866259335e-01	6.788866259335e-01	3.219646771413e-15	4.742539694291e-15
5.28000000e-01	6.793478260870e-01	6.793478260870e-01	3.330669073875e-15	4.902744876745e-15
5.29000000e-01	6.798096532971e-01	6.798096532971e-01	3.219646771413e-15	4.736100400748e-15
5.30000000e-01	6.802721088435e-01	6.802721088435e-01	2.886579864025e-15	4.243272400117e-15
5.31000000e-01	6.807351940095e-01	6.807351940095e-01	2.997602166488e-15	4.403477582571e-15
5.32000000e-01	6.811989100817e-01	6.811989100817e-01	2.997602166488e-15	4.400479980404e-15
5.33000000e-01	6.816632583504e-01	6.816632583504e-01	2.997602166488e-15	4.397482378238e-15
5.34000000e-01	6.821282401091e-01	6.821282401091e-01	3.108624468950e-15	4.557243471481e-15
5.35000000e-01	6.825938566553e-01	6.825938566553e-01	3.219646771413e-15	4.716782520120e-15
5.36000000e-01	6.830601092896e-01	6.830601092896e-01	3.219646771413e-15	4.713562873349e-15
5.37000000e-01	6.835269993165e-01	6.835269993165e-01	3.441691376338e-15	5.035194483582e-15
5.38000000e-01	6.839945280438e-01	6.839945280438e-01	3.552713678801e-15	5.194067398406e-15
5.39000000e-01	6.844626967830e-01	6.844626967830e-01	3.552713678801e-15	5.190514684728e-15
5.40000000e-01	6.849315068493e-01	6.849315068493e-01	3.663735981263e-15	5.349054532644e-15
5.41000000e-01	6.854009595613e-01	6.854009595613e-01	3.774758283726e-15	5.507372335956e-15
5.42000000e-01	6.858710562414e-01	6.858710562414e-01	3.663735981263e-15	5.341727060681e-15
5.43000000e-01	6.863417982155e-01	6.863417982155e-01	3.552713678801e-15	5.176303830012e-15
5.44000000e-01	6.868131868132e-01	6.868131868132e-01	3.663735981263e-15	5.334399588719e-15
5.45000000e-01	6.872852233677e-01	6.872852233677e-01	3.663735981263e-15	5.330735852738e-15
5.46000000e-01	6.877579092160e-01	6.877579092160e-01	3.441691376338e-15	5.004219261195e-15
5.47000000e-01	6.882312456986e-01	6.882312456986e-01	3.219646771413e-15	4.678146758863e-15
5.48000000e-01	6.887052341598e-01	6.887052341598e-01	3.219646771413e-15	4.674927112092e-15
5.49000000e-01	6.891798759476e-01	6.891798759476e-01	3.108624468950e-15	4.510614104447e-15
5.50000000e-01	6.896551724138e-01	6.896551724138e-01	3.108624468950e-15	4.507505479978e-15
5.51000000e-01	6.901311249137e-01	6.901311249137e-01	3.108624468950e-15	4.504396855509e-15
5.52000000e-01	6.906077348066e-01	6.906077348066e-01	3.330669073875e-15	4.822808818972e-15
5.53000000e-01	6.910850034554e-01	6.910850034554e-01	3.219646771413e-15	4.658828878235e-15
5.54000000e-01	6.915629322268e-01	6.915629322268e-01	2.997602166488e-15	4.334532732742e-15
5.55000000e-01	6.920415224913e-01	6.920415224913e-01	2.997602166488e-15	4.331535130575e-15
5.56000000e-01	6.925207756233e-01	6.925207756233e-01	3.108624468950e-15	4.488853733164e-15
5.57000000e-01	6.930006930007e-01	6.930006930007e-01	3.108624468950e-15	4.485745108695e-15
5.58000000e-01	6.934812760055e-01	6.934812760055e-01	2.997602166488e-15	4.322542324076e-15
5.59000000e-01	6.939625260236e-01	6.939625260236e-01	2.997602166488e-15	4.319544721909e-15
5.60000000e-01	6.944444444444e-01	6.944444444444e-01	2.997602166488e-15	4.316547119743e-15
5.61000000e-01	6.949270326616e-01	6.949270326616e-01	3.108624468950e-15	4.473310610820e-15
5.62000000e-01	6.954102920723e-01	6.954102920723e-01	2.997602166488e-15	4.310551915410e-15
5.63000000e-01	6.958942240779e-01	6.958942240779e-01	2.886579864025e-15	4.148015264605e-15
5.64000000e-01	6.963788300836e-01	6.963788300836e-01	2.886579864025e-15	4.145128684740e-15
5.65000000e-01	6.968641114983e-01	6.968641114983e-01	2.775557561563e-15	3.982925100843e-15
5.66000000e-01	6.973500697350e-01	6.973500697350e-01	2.775557561563e-15	3.980149543281e-15
5.67000000e-01	6.978367062107e-01	6.978367062107e-01	2.997602166488e-15	4.295563904577e-15
5.68000000e-01	6.983240223464e-01	6.983240223464e-01	2.997602166488e-15	4.292566302411e-15
5.69000000e-01	6.988120195667e-01	6.988120195667e-01	2.997602166488e-15	4.289568700244e-15
5.70000000e-01	6.993006993007e-01	6.993006993007e-01	2.997602166488e-15	4.286571098078e-15
5.71000000e-01	6.997900629811e-01	6.997900629811e-01	3.108624468950e-15	4.442224366130e-15
5.72000000e-01	7.002801120448e-01	7.002801120448e-01	3.219646771413e-15	4.597655589578e-15
5.73000000e-01	7.007708479327e-01	7.007708479327e-01	3.219646771413e-15	4.594435942806e-15
5.74000000e-01	7.012622720898e-01	7.012622720898e-01	3.108624468950e-15	4.432898492723e-15
5.75000000e-01	7.017543859649e-01	7.017543859649e-01	2.997602166488e-15	4.271583087245e-15
5.76000000e-01	7.022471910112e-01	7.022471910112e-01	3.108624468950e-15	4.426681243785e-15
5.77000000e-01	7.027406886859e-01	7.027406886859e-01	3.108624468950e-15	4.423572619316e-15
5.78000000e-01	7.032348804501e-01	7.032348804501e-01	3.108624468950e-15	4.420463994848e-15
5.79000000e-01	7.037297677692e-01	7.037297677692e-01	3.441691376338e-15	4.890643445776e-15
5.80000000e-01	7.042253521127e-01	7.042253521127e-01	3.552713678801e-15	5.044853423897e-15
5.81000000e-01	7.047216349542e-01	7.047216349542e-01	3.330669073875e-15	4.726219415829e-15
5.82000000e-01	7.052186177715e-01	7.052186177715e-01	3.330669073875e-15	4.722888746755e-15
5.83000000e-01	7.057163020466e-01	7.057163020466e-01	3.219646771413e-15	4.562239475092e-15
5.84000000e-01	7.062146892655e-01	7.062146892655e-01	3.219646771413e-15	4.559019828321e-15
5.85000000e-01	7.067137809187e-01	7.067137809187e-01	3.108624468950e-15	4.398703623565e-15
5.86000000e-01	7.072135785007e-01	7.072135785007e-01	2.886579864025e-15	4.081623927732e-15
5.87000000e-01	7.077140835103e-01	7.077140835103e-01	3.108624468950e-15	4.392486374627e-15
5.88000000e-01	7.082152974504e-01	7.082152974504e-01	3.108624468950e-15	4.389377750158e-15
5.89000000e-01	7.087172218285e-01	7.087172218285e-01	2.997602166488e-15	4.229616656914e-15
5.90000000e-01	7.092198581560e-01	7.092198581560e-01	2.997602166488e-15	4.226619054748e-15
5.91000000e-01	7.097232079489e-01	7.097232079489e-01	2.997602166488e-15	4.223621452581e-15
5.92000000e-01	7.102272727273e-01	7.102272727273e-01	3.330669073875e-15	4.689582056017e-15
5.93000000e-01	7.107320540156e-01	7.107320540156e-01	3.330669073875e-15	4.686251386943e-15
5.94000000e-01	7.112375533428e-01	7.112375533428e-01	3.330669073875e-15	4.682920717869e-15
5.95000000e-01	7.117437722420e-01	7.117437722420e-01	3.441691376338e-15	4.835576383755e-15
5.96000000e-01	7.122507122507e-01	7.122507122507e-01	3.663735981263e-15	5.143885317693e-15
5.97000000e-01	7.127583749109e-01	7.127583749109e-01	3.552713678801e-15	4.984457291357e-15
5.98000000e-01	7.132667617689e-01	7.132667617689e-01	3.441691376338e-15	4.825251309626e-15
5.99000000e-01	7.137758743754e-01	7.137758743754e-01	3.552713678801e-15	4.977351864000e-15
6.00000000e-01	7.142857142857e-01	7.142857142857e-01	3.552713678801e-15	4.973799150321e-15
6.01000000e-01	7.147962830593e-01	7.147962830593e-01	3.552713678801e-15	4.970246436642e-15
6.02000000e-01	7.153075822604e-01	7.153075822604e-01	3.552713678801e-15	4.966693722963e-15
6.03000000e-01	7.158196134574e-01	7.158196134574e-01	3.441691376338e-15	4.808042852744e-15
6.04000000e-01	7.163323782235e-01	7.163323782235e-01	3.441691376338e-15	4.804601161368e-15
6.05000000e-01	7.168458781362e-01	7.168458781362e-01	3.441691376338e-15	4.801159469991e-15
6.06000000e-01	7.173601147776e-01	7.173601147776e-01	3.441691376338e-15	4.797717778615e-15
6.07000000e-01	7.178750897344e-01	7.178750897344e-01	3.441691376338e-15	4.794276087239e-15
6.08000000e-01	7.183908045977e-01	7.183908045977e-01	3.663735981263e-15	5.099920485918e-15
6.09000000e-01	7.189072609633e-01	7.189072609633e-01	3.663735981263e-15	5.096256749937e-15
6.10000000e-01	7.194244604317e-01	7.194244604317e-01	3.663735981263e-15	5.092593013956e-15
6.11000000e-01	7.199424046076e-01	7.199424046076e-01	3.774758283726e-15	5.243139256095e-15
6.12000000e-01	7.204610951009e-01	7.204610951009e-01	3.885780586188e-15	5.393463453629e-15
6.13000000e-01	7.209805335256e-01	7.209805335256e-01	3.774758283726e-15	5.235589739527e-15
6.14000000e-01	7.215007215007e-01	7.215007215007e-01	3.663735981263e-15	5.077938070031e-15
6.15000000e-01	7.220216606498e-01	7.220216606498e-01	3.663735981263e-15	5.074274334049e-15
6.16000000e-01	7.225433526012e-01	7.225433526012e-01	3.774758283726e-15	5.224265464676e-15
6.17000000e-01	7.230657989877e-01	7.230657989877e-01	3.885780586188e-15	5.374034550698e-15
6.18000000e-01	7.235890014472e-01	7.235890014472e-01	3.774758283726e-15	5.216715948109e-15
6.19000000e-01	7.241129616220e-01	7.241129616220e-01	3.774758283726e-15	5.212941189825e-15
6.20000000e-01	7.246376811594e-01	7.246376811594e-01	3.885780586188e-15	5.362377208940e-15
6.21000000e-01	7.251631617114e-01	7.251631617114e-01	3.774758283726e-15	5.205391673258e-15
6.22000000e-01	7.256894049347e-01	7.256894049347e-01	3.552713678801e-15	4.895639449387e-15
6.23000000e-01	7.262164124909e-01	7.262164124909e-01	3.552713678801e-15	4.892086735708e-15
6.24000000e-01	7.267441860465e-01	7.267441860465e-01	3.552713678801e-15	4.888534022029e-15
6.25000000e-01	7.272727272727e-01	7.272727272727e-01	3.552713678801e-15	4.884981308351e-15
6.26000000e-01	7.278020378457e-01	7.278020378457e-01	3.552713678801e-15	4.881428594672e-15
6.27000000e-01	7.283321194465e-01	7.283321194465e-01	3.663735981263e-15	5.030309502274e-15
6.28000000e-01	7.288629737609e-01	7.288629737609e-01	3.885780586188e-15	5.331290964250e-15
6.29000000e-01	7.293946024799e-01	7.293946024799e-01	3.885780586188e-15	5.327405183664e-15
6.30000000e-01	7.299270072993e-01	7.299270072993e-01	3.885780586188e-15	5.323519403078e-15
6.31000000e-01	7.304601899196e-01	7.304601899196e-01	3.996802888651e-15	5.471623154563e-15
6.32000000e-01	7.309941520468e-01	7.309941520468e-01	3.996802888651e-15	5.467626351674e-15
6.33000000e-01	7.315288953914e-01	7.315288953914e-01	3.885780586188e-15	5.311862061319e-15
6.34000000e-01	7.320644216691e-01	7.320644216691e-01	3.885780586188e-15	5.307976280733e-15
6.35000000e-01	7.326007326007e-01	7.326007326007e-01	4.107825191113e-15	5.607181385869e-15
6.36000000e-01	7.331378299120e-01	7.331378299120e-01	4.218847493576e-15	5.754507981237e-15
6.37000000e-01	7.336757153338e-01	7.336757153338e-01	4.107825191113e-15	5.598965735487e-15
6.38000000e-01	7.342143906021e-01	7.342143906021e-01	3.996802888651e-15	5.443645534342e-15
6.39000000e-01	7.347538574577e-01	7.347538574578e-01	4.107825191113e-15	5.590750085105e-15
6.40000000e-01	7.352941176471e-01	7.352941176471e-01	4.107825191113e-15	5.586642259914e-15
6.41000000e-01	7.358351729213e-01	7.358351729213e-01	3.996802888651e-15	5.431655125676e-15
6.42000000e-01	7.363770250368e-01	7.363770250368e-01	3.774758283726e-15	5.126121749299e-15
6.43000000e-01	7.369196757553e-01	7.369196757553e-01	3.885780586188e-15	5.273004255457e-15
6.44000000e-01	7.374631268437e-01	7.374631268437e-01	3.996802888651e-15	5.419664717010e-15
6.45000000e-01	7.380073800738e-01	7.380073800738e-01	3.774758283726e-15	5.114797474448e-15
6.46000000e-01	7.385524372230e-01	7.385524372230e-01	3.774758283726e-15	5.111022716164e-15
6.47000000e-01	7.390983000739e-01	7.390983000739e-01	3.774758283726e-15	5.107247957881e-15
6.48000000e-01	7.396449704142e-01	7.396449704142e-01	3.774758283726e-15	5.103473199597e-15
6.49000000e-01	7.401924500370e-01	7.401924500370e-01	3.552713678801e-15	4.799716180059e-15
6.50000000e-01	7.407407407407e-01	7.407407407407e-01	3.552713678801e-15	4.796163466381e-15
6.51000000e-01	7.412898443291e-01	7.412898443291e-01	3.663735981263e-15	4.942379838724e-15
6.52000000e-01	7.418397626113e-01	7.418397626113e-01	3.663735981263e-15	4.938716102743e-15
6.53000000e-01	7.423904974016e-01	7.423904974016e-01	3.774758283726e-15	5.084599408178e-15
6.54000000e-01	7.429420505201e-01	7.429420505201e-01	3.774758283726e-15	5.080824649895e-15
6.55000000e-01	7.434944237918e-01	7.434944237918e-01	3.885780586188e-15	5.226374888423e-15
6.56000000e-01	7.440476190476e-01	7.440476190476e-01	4.107825191113e-15	5.520917056856e-15
6.57000000e-01	7.446016381236e-01	7.446016381236e-01	3.885780586188e-15	5.218603327251e-15
6.58000000e-01	7.451564828614e-01	7.451564828614e-01	3.885780586188e-15	5.214717546664e-15
6.59000000e-01	7.457121551081e-01	7.457121551081e-01	3.885780586188e-15	5.210831766078e-15
6.60000000e-01	7.462686567164e-01	7.462686567164e-01	4.107825191113e-15	5.504485756092e-15
6.61000000e-01	7.468259895444e-01	7.468259895444e-01	4.107825191113e-15	5.500377930900e-15
6.62000000e-01	7.473841554559e-01	7.473841554559e-01	3.885780586188e-15	5.199174424320e-15
6.63000000e-01	7.479431563201e-01	7.479431563201e-01	3.996802888651e-15	5.343725462126e-15
6.64000000e-01	7.485029940120e-01	7.485029940120e-01	4.107825191113e-15	5.488054455327e-15
6.65000000e-01	7.490636704120e-01	7.490636704120e-01	3.996802888651e-15	5.335731856349e-15
6.66000000e-01	7.496251874063e-01	7.496251874063e-01	3.996802888651e-15	5.331735053460e-15
6.67000000e-01	7.501875468867e-01	7.501875468867e-01	4.107825191113e-15	5.475730979754e-15
6.68000000e-01	7.507507507507e-01	7.507507507508e-01	3.996802888651e-15	5.323741447683e-15
6.69000000e-01	7.513148009016e-01	7.513148009016e-01	3.996802888651e-15	5.319744644794e-15
6.70000000e-01	7.518796992481e-01	7.518796992481e-01	3.996802888651e-15	5.315747841905e-15
6.71000000e-01	7.524454477050e-01	7.524454477050e-01	3.996802888651e-15	5.311751039017e-15
6.72000000e-01	7.530120481928e-01	7.530120481928e-01	4.107825191113e-15	5.455191853798e-15
6.73000000e-01	7.535795026375e-01	7.535795026375e-01	3.996802888651e-15	5.303757433239e-15
6.74000000e-01	7.541478129713e-01	7.541478129713e-01	4.107825191113e-15	5.446976203416e-15
6.75000000e-01	7.547169811321e-01	7.547169811321e-01	4.218847493576e-15	5.589972928988e-15
6.76000000e-01	7.552870090634e-01	7.552870090634e-01	4.329869796038e-15	5.732747609954e-15
6.77000000e-01	7.558578987150e-01	7.558578987150e-01	4.218847493576e-15	5.581535234001e-15
6.78000000e-01	7.564296520424e-01	7.564296520424e-01	4.218847493576e-15	5.577316386507e-15
6.79000000e-01	7.570022710068e-01	7.570022710068e-01	4.329869796038e-15	5.719758000566e-15
6.80000000e-01	7.575757575758e-01	7.575757575758e-01	4.329869796038e-15	5.715428130770e-15
6.81000000e-01	7.581501137225e-01	7.581501137225e-01	4.440892098501e-15	5.857536677922e-15
6.82000000e-01	7.587253414264e-01	7.587253414264e-01	4.440892098501e-15	5.853095785824e-15
6.83000000e-01	7.593014426727e-01	7.593014426727e-01	4.329869796038e-15	5.702438521382e-15
6.84000000e-01	7.598784194529e-01	7.598784194529e-01	4.218847493576e-15	5.552003301545e-15
6.85000000e-01	7.604562737643e-01	7.604562737643e-01	4.218847493576e-15	5.547784454052e-15
6.86000000e-01	7.610350076103e-01	7.610350076104e-01	4.218847493576e-15	5.543565606558e-15
6.87000000e-01	7.616146230008e-01	7.616146230008e-01	4.440892098501e-15	5.830891325331e-15
6.88000000e-01	7.621951219512e-01	7.621951219512e-01	4.551914400963e-15	5.972111694064e-15
6.89000000e-01	7.627765064836e-01	7.627765064836e-01	4.440892098501e-15	5.822009541134e-15
6.90000000e-01	7.633587786260e-01	7.633587786260e-01	4.440892098501e-15	5.817568649036e-15
6.91000000e-01	7.639419404125e-01	7.639419404125e-01	4.551914400963e-15	5.958455950861e-15
6.92000000e-01	7.645259938838e-01	7.645259938838e-01	4.662936703426e-15	6.099121208081e-15
6.93000000e-01	7.651109410865e-01	7.651109410865e-01	4.551914400963e-15	5.949352122059e-15
6.94000000e-01	7.656967840735e-01	7.656967840735e-01	4.551914400963e-15	5.944800207658e-15
6.95000000e-01	7.662835249042e-01	7.662835249042e-01	4.551914400963e-15	5.940248293257e-15
6.96000000e-01	7.668711656442e-01	7.668711656442e-01	4.662936703426e-15	6.080469461267e-15
6.97000000e-01	7.674597083653e-01	7.674597083653e-01	4.440892098501e-15	5.786482404346e-15
6.98000000e-01	7.680491551459e-01	7.680491551459e-01	4.329869796038e-15	5.637490474442e-15
6.99000000e-01	7.686395080707e-01	7.686395080707e-01	4.551914400963e-15	5.922040635653e-15
7.00000000e-01	7.692307692308e-01	7.692307692308e-01	4.551914400963e-15	5.917488721252e-15
7.01000000e-01	7.698229407236e-01	7.698229407236e-01	4.440892098501e-15	5.768718835952e-15
7.02000000e-01	7.704160246533e-01	7.704160246533e-01	4.440892098501e-15	5.764277943854e-15
7.03000000e-01	7.710100231303e-01	7.710100231303e-01	4.440892098501e-15	5.759837051755e-15
7.04000000e-01	7.716049382716e-01	7.716049382716e-01	4.440892098501e-15	5.755396159657e-15
7.05000000e-01	7.722007722008e-01	7.722007722008e-01	4.440892098501e-15	5.750955267558e-15
7.06000000e-01	7.727975270479e-01	7.727975270479e-01	4.440892098501e-15	5.746514375460e-15
7.07000000e-01	7.733952049497e-01	7.733952049497e-01	4.551914400963e-15	5.885625320445e-15
7.08000000e-01	7.739938080495e-01	7.739938080495e-01	4.551914400963e-15	5.881073406044e-15
7.09000000e-01	7.745933384973e-01	7.745933384973e-01	4.329869796038e-15	5.589861906685e-15
7.10000000e-01	7.751937984496e-01	7.751937984496e-01	4.107825191113e-15	5.299094496536e-15
7.11000000e-01	7.757951900698e-01	7.757951900698e-01	3.996802888651e-15	5.151878923471e-15
7.12000000e-01	7.763975155279e-01	7.763975155280e-01	4.107825191113e-15	5.290878846154e-15
7.13000000e-01	7.770007770008e-01	7.770007770008e-01	4.107825191113e-15	5.286771020963e-15
7.14000000e-01	7.776049766718e-01	7.776049766719e-01	3.996802888651e-15	5.139888514805e-15
7.15000000e-01	7.782101167315e-01	7.782101167315e-01	4.107825191113e-15	5.278555370580e-15
7.16000000e-01	7.788161993769e-01	7.788161993769e-01	4.107825191113e-15	5.274447545389e-15
7.17000000e-01	7.794232268122e-01	7.794232268122e-01	4.107825191113e-15	5.270339720198e-15
7.18000000e-01	7.800312012480e-01	7.800312012481e-01	4.107825191113e-15	5.266231895007e-15
7.19000000e-01	7.806401249024e-01	7.806401249024e-01	4.218847493576e-15	5.404343639270e-15
7.20000000e-01	7.812500000000e-01	7.812500000000e-01	4.329869796038e-15	5.542233338929e-15
7.21000000e-01	7.818608287725e-01	7.818608287725e-01	4.329869796038e-15	5.537903469133e-15
7.22000000e-01	7.824726134585e-01	7.824726134585e-01	4.218847493576e-15	5.391687096790e-15
7.23000000e-01	7.830853563038e-01	7.830853563038e-01	4.329869796038e-15	5.529243729541e-15
7.24000000e-01	7.836990595611e-01	7.836990595611e-01	4.440892098501e-15	5.666578317687e-15
7.25000000e-01	7.843137254902e-01	7.843137254902e-01	4.329869796038e-15	5.520583989949e-15
7.26000000e-01	7.849293563579e-01	7.849293563579e-01	4.218847493576e-15	5.374811706815e-15
7.27000000e-01	7.855459544383e-01	7.855459544383e-01	4.329869796038e-15	5.511924250357e-15
7.28000000e-01	7.861635220126e-01	7.861635220126e-01	4.329869796038e-15	5.507594380560e-15
7.29000000e-01	7.867820613690e-01	7.867820613690e-01	4.218847493576e-15	5.362155164335e-15
7.30000000e-01	7.874015748031e-01	7.874015748031e-01	4.107825191113e-15	5.216937992714e-15
7.31000000e-01	7.880220646178e-01	7.880220646178e-01	4.218847493576e-15	5.353717469347e-15
7.32000000e-01	7.886435331230e-01	7.886435331230e-01	4.218847493576e-15	5.349498621854e-15
7.33000000e-01	7.892659826361e-01	7.892659826361e-01	4.218847493576e-15	5.345279774360e-15
7.34000000e-01	7.898894154818e-01	7.898894154818e-01	4.218847493576e-15	5.341060926867e-15
7.35000000e-01	7.905138339921e-01	7.905138339921e-01	4.440892098501e-15	5.617728504603e-15
7.36000000e-01	7.911392405063e-01	7.911392405063e-01	4.551914400963e-15	5.753619802817e-15
7.37000000e-01	7.917656373713e-01	7.917656373713e-01	4.440892098501e-15	5.608846720406e-15
7.38000000e-01	7.923930269414e-01	7.923930269414e-01	4.329869796038e-15	5.464295682600e-15
7.39000000e-01	7.930214115781e-01	7.930214115781e-01	4.440892098501e-15	5.599964936209e-15
7.40000000e-01	7.936507936508e-01	7.936507936508e-01	4.773959005888e-15	6.015188347419e-15
7.41000000e-01	7.942811755361e-01	7.942811755361e-01	4.773959005888e-15	6.010414388413e-15
7.42000000e-01	7.949125596184e-01	7.949125596184e-01	4.773959005888e-15	6.005640429407e-15
7.43000000e-01	7.955449482896e-01	7.955449482896e-01	4.773959005888e-15	6.000866470401e-15
7.44000000e-01	7.961783439490e-01	7.961783439490e-01	4.996003610813e-15	6.274980535181e-15
7.45000000e-01	7.968127490040e-01	7.968127490040e-01	5.107025913276e-15	6.409317521161e-15
7.46000000e-01	7.974481658692e-01	7.974481658692e-01	4.884981308351e-15	6.125766560672e-15
7.47000000e-01	7.980845969673e-01	7.980845969673e-01	4.884981308351e-15	6.120881579363e-15
7.48000000e-01	7.987220447284e-01	7.987220447284e-01	4.884981308351e-15	6.115996598055e-15
7.49000000e-01	7.993605115907e-01	7.993605115907e-01	4.773959005888e-15	5.972222716366e-15
7.50000000e-01	8.000000000000e-01	8.000000000000e-01	4.773959005888e-15	5.967448757360e-15
7.51000000e-01	8.006405124099e-01	8.006405124099e-01	4.773959005888e-15	5.962674798354e-15
7.52000000e-01	8.012820512820e-01	8.012820512821e-01	4.884981308351e-15	6.096456672822e-15
7.53000000e-01	8.019246190858e-01	8.019246190858e-01	4.551914400963e-15	5.676237258001e-15
7.54000000e-01	8.025682182986e-01	8.025682182986e-01	4.440892098501e-15	5.533351554732e-15
7.55000000e-01	8.032128514056e-01	8.032128514056e-01	4.551914400963e-15	5.667133429199e-15
7.56000000e-01	8.038585209003e-01	8.038585209003e-01	4.773959005888e-15	5.938805003325e-15
7.57000000e-01	8.045052292840e-01	8.045052292840e-01	4.551914400963e-15	5.658029600397e-15
7.58000000e-01	8.051529790660e-01	8.051529790660e-01	4.329869796038e-15	5.377698286679e-15
7.59000000e-01	8.058017727639e-01	8.058017727639e-01	4.662936703426e-15	5.786704448951e-15
7.60000000e-01	8.064516129032e-01	8.064516129032e-01	4.662936703426e-15	5.782041512248e-15
7.61000000e-01	8.071025020178e-01	8.071025020178e-01	4.440892098501e-15	5.502265310042e-15
7.62000000e-01	8.077544426494e-01	8.077544426494e-01	4.440892098501e-15	5.497824417944e-15
7.63000000e-01	8.084074373484e-01	8.084074373484e-01	4.440892098501e-15	5.493383525845e-15
7.64000000e-01	8.090614886731e-01	8.090614886731e-01	4.551914400963e-15	5.626166199590e-15
7.65000000e-01	8.097165991903e-01	8.097165991903e-01	4.551914400963e-15	5.621614285189e-15
7.66000000e-01	8.103727714749e-01	8.103727714749e-01	4.329869796038e-15	5.343059328311e-15
7.67000000e-01	8.110300081103e-01	8.110300081103e-01	4.329869796038e-15	5.338729458515e-15
7.68000000e-01	8.116883116883e-01	8.116883116883e-01	4.551914400963e-15	5.607958541987e-15
7.69000000e-01	8.123476848091e-01	8.123476848091e-01	4.218847493576e-15	5.193401264592e-15
7.70000000e-01	8.130081300813e-01	8.130081300813e-01	4.107825191113e-15	5.052624985069e-15
7.71000000e-01	8.136696501220e-01	8.136696501221e-01	4.107825191113e-15	5.048517159878e-15
7.72000000e-01	8.143322475570e-01	8.143322475570e-01	4.107825191113e-15	5.044409334687e-15
7.73000000e-01	8.149959250204e-01	8.149959250204e-01	3.996802888651e-15	4.904077144374e-15
7.74000000e-01	8.156606851550e-01	8.156606851550e-01	3.885780586188e-15	4.763966998667e-15
7.75000000e-01	8.163265306122e-01	8.163265306122e-01	4.107825191113e-15	5.032085859114e-15
7.76000000e-01	8.169934640523e-01	8.169934640523e-01	4.218847493576e-15	5.163869332137e-15
7.77000000e-01	8.176614881439e-01	8.176614881439e-01	4.107825191113e-15	5.023870208731e-15
7.78000000e-01	8.183306055646e-01	8.183306055646e-01	3.996802888651e-15	4.884093129931e-15
7.79000000e-01	8.190008190008e-01	8.190008190008e-01	3.996802888651e-15	4.880096327042e-15
7.80000000e-01	8.196721311475e-01	8.196721311475e-01	4.107825191113e-15	5.011546733158e-15
7.81000000e-01	8.203445447088e-01	8.203445447088e-01	3.996802888651e-15	4.872102721265e-15
7.82000000e-01	8.210180623974e-01	8.210180623974e-01	3.885780586188e-15	4.732880753977e-15
7.83000000e-01	8.216926869351e-01	8.216926869351e-01	3.885780586188e-15	4.728994973391e-15
7.84000000e-01	8.223684210526e-01	8.223684210526e-01	4.107825191113e-15	4.995115432394e-15
7.85000000e-01	8.230452674897e-01	8.230452674897e-01	4.107825191113e-15	4.991007607202e-15
7.86000000e-01	8.237232289951e-01	8.237232289951e-01	4.107825191113e-15	4.986899782011e-15
7.87000000e-01	8.244023083265e-01	8.244023083265e-01	4.107825191113e-15	4.982791956820e-15
7.88000000e-01	8.250825082508e-01	8.250825082508e-01	4.107825191113e-15	4.978684131629e-15
7.89000000e-01	8.257638315442e-01	8.257638315442e-01	4.107825191113e-15	4.974576306438e-15
7.90000000e-01	8.264462809917e-01	8.264462809917e-01	3.996802888651e-15	4.836131495267e-15
7.91000000e-01	8.271298593879e-01	8.271298593879e-01	4.107825191113e-15	4.966360656056e-15
7.92000000e-01	8.278145695364e-01	8.278145695364e-01	4.107825191113e-15	4.962252830865e-15
7.93000000e-01	8.285004142502e-01	8.285004142502e-01	4.107825191113e-15	4.958145005673e-15
7.94000000e-01	8.291873963516e-01	8.291873963516e-01	3.996802888651e-15	4.820144283713e-15
7.95000000e-01	8.298755186722e-01	8.298755186722e-01	3.996802888651e-15	4.816147480824e-15
7.96000000e-01	8.305647840532e-01	8.305647840532e-01	4.107825191113e-15	4.945821530100e-15
7.97000000e-01	8.312551953450e-01	8.312551953450e-01	3.885780586188e-15	4.674594045184e-15
7.98000000e-01	8.319467554077e-01	8.319467554077e-01	3.885780586188e-15	4.670708264598e-15
7.99000000e-01	8.326394671107e-01	8.326394671107e-01	3.996802888651e-15	4.800160269269e-15
8.00000000e-01	8.333333333333e-01	8.333333333333e-01	3.996802888651e-15	4.796163466381e-15
8.01000000e-01	8.340283569641e-01	8.340283569641e-01	3.885780586188e-15	4.659050922839e-15
8.02000000e-01	8.347245409015e-01	8.347245409015e-01	3.774758283726e-15	4.522160423903e-15
8.03000000e-01	8.354218880535e-01	8.354218880535e-01	3.885780586188e-15	4.651279361667e-15
8.04000000e-01	8.361204013378e-01	8.361204013378e-01	4.218847493576e-15	5.045741602316e-15
8.05000000e-01	8.368200836820e-01	8.368200836820e-01	3.996802888651e-15	4.776179451937e-15
8.06000000e-01	8.375209380234e-01	8.375209380235e-01	3.885780586188e-15	4.639622019909e-15
8.07000000e-01	8.382229673093e-01	8.382229673093e-01	3.996802888651e-15	4.768185846160e-15
8.08000000e-01	8.389261744966e-01	8.389261744966e-01	4.107825191113e-15	4.896527627807e-15
8.09000000e-01	8.396305625525e-01	8.396305625525e-01	4.218847493576e-15	5.024647364849e-15
8.10000000e-01	8.403361344538e-01	8.403361344538e-01	4.218847493576e-15	5.020428517355e-15
8.11000000e-01	8.410428931875e-01	8.410428931876e-01	4.329869796038e-15	5.148215187489e-15
8.12000000e-01	8.417508417508e-01	8.417508417508e-01	4.329869796038e-15	5.143885317693e-15
8.13000000e-01	8.424599831508e-01	8.424599831508e-01	4.329869796038e-15	5.139555447897e-15
8.14000000e-01	8.431703204047e-01	8.431703204047e-01	4.329869796038e-15	5.135225578101e-15
8.15000000e-01	8.438818565401e-01	8.438818565401e-01	4.440892098501e-15	5.262457136723e-15
8.16000000e-01	8.445945945946e-01	8.445945945946e-01	4.329869796038e-15	5.126565838509e-15
8.17000000e-01	8.453085376162e-01	8.453085376162e-01	4.440892098501e-15	5.253575352526e-15
8.18000000e-01	8.460236886633e-01	8.460236886633e-01	4.218847493576e-15	4.986677737406e-15
8.19000000e-01	8.467400508044e-01	8.467400508044e-01	4.329869796038e-15	5.113576229121e-15
8.20000000e-01	8.474576271186e-01	8.474576271186e-01	4.440892098501e-15	5.240252676231e-15
8.21000000e-01	8.481764206955e-01	8.481764206955e-01	4.440892098501e-15	5.235811784132e-15
8.22000000e-01	8.488964346350e-01	8.488964346350e-01	4.218847493576e-15	4.969802347432e-15
8.23000000e-01	8.496176720476e-01	8.496176720476e-01	4.218847493576e-15	4.965583499938e-15
8.24000000e-01	8.503401360544e-01	8.503401360544e-01	4.329869796038e-15	5.091926880141e-15
8.25000000e-01	8.510638297872e-01	8.510638297872e-01	4.329869796038e-15	5.087597010345e-15
8.26000000e-01	8.517887563884e-01	8.517887563884e-01	4.107825191113e-15	4.822586774367e-15
8.27000000e-01	8.525149190111e-01	8.525149190111e-01	4.218847493576e-15	4.948708109964e-15
8.28000000e-01	8.532423208191e-01	8.532423208191e-01	4.107825191113e-15	4.814371123985e-15
8.29000000e-01	8.539709649872e-01	8.539709649872e-01	4.107825191113e-15	4.810263298793e-15
8.30000000e-01	8.547008547009e-01	8.547008547009e-01	4.107825191113e-15	4.806155473602e-15
8.31000000e-01	8.554319931565e-01	8.554319931565e-01	4.329869796038e-15	5.061617791569e-15
8.32000000e-01	8.561643835616e-01	8.561643835616e-01	4.329869796038e-15	5.057287921773e-15
8.33000000e-01	8.568980291345e-01	8.568980291345e-01	4.218847493576e-15	4.923395025003e-15
8.34000000e-01	8.576329331046e-01	8.576329331046e-01	4.107825191113e-15	4.789724172838e-15
8.35000000e-01	8.583690987124e-01	8.583690987124e-01	4.218847493576e-15	4.914957330016e-15
8.36000000e-01	8.591065292096e-01	8.591065292096e-01	4.329869796038e-15	5.039968442588e-15
8.37000000e-01	8.598452278590e-01	8.598452278590e-01	4.440892098501e-15	5.164757510556e-15
8.38000000e-01	8.605851979346e-01	8.605851979346e-01	4.329869796038e-15	5.031308702996e-15
8.39000000e-01	8.613264427218e-01	8.613264427218e-01	4.551914400963e-15	5.284772619518e-15
8.40000000e-01	8.620689655172e-01	8.620689655172e-01	4.662936703426e-15	5.409006575974e-15
8.41000000e-01	8.628127696290e-01	8.628127696290e-01	4.662936703426e-15	5.404343639270e-15
8.42000000e-01	8.635578583765e-01	8.635578583765e-01	4.551914400963e-15	5.271116876315e-15
8.43000000e-01	8.643042350907e-01	8.643042350908e-01	4.662936703426e-15	5.395017765863e-15
8.44000000e-01	8.650519031142e-01	8.650519031142e-01	4.773959005888e-15	5.518696610807e-15
8.45000000e-01	8.658008658009e-01	8.658008658009e-01	4.662936703426e-15	5.385691892457e-15
8.46000000e-01	8.665511265165e-01	8.665511265165e-01	4.551914400963e-15	5.252909218711e-15
8.47000000e-01	8.673026886383e-01	8.673026886383e-01	4.773959005888e-15	5.504374733789e-15
8.48000000e-01	8.680555555556e-01	8.680555555556e-01	4.773959005888e-15	5.499600774783e-15
8.49000000e-01	8.688097306690e-01	8.688097306690e-01	4.662936703426e-15	5.367040145643e-15
8.50000000e-01	8.695652173913e-01	8.695652173913e-01	4.662936703426e-15	5.362377208940e-15
8.51000000e-01	8.703220191471e-01	8.703220191471e-01	4.884981308351e-15	5.612843523295e-15
8.52000000e-01	8.710801393728e-01	8.710801393728e-01	4.996003610813e-15	5.735412145214e-15
8.53000000e-01	8.718395815170e-01	8.718395815170e-01	4.884981308351e-15	5.603073560678e-15
8.54000000e-01	8.726003490401e-01	8.726003490401e-01	4.773959005888e-15	5.470957020748e-15
8.55000000e-01	8.733624454148e-01	8.733624454148e-01	4.773959005888e-15	5.466183061742e-15
8.56000000e-01	8.741258741259e-01	8.741258741259e-01	4.996003610813e-15	5.715428130770e-15
8.57000000e-01	8.748906386702e-01	8.748906386702e-01	4.884981308351e-15	5.583533635445e-15
8.58000000e-01	8.756567425569e-01	8.756567425569e-01	4.884981308351e-15	5.578648654136e-15
8.59000000e-01	8.764241893076e-01	8.764241893076e-01	4.996003610813e-15	5.700440119938e-15
8.60000000e-01	8.771929824561e-01	8.771929824561e-01	5.107025913276e-15	5.822009541134e-15
8.61000000e-01	8.779631255487e-01	8.779631255487e-01	4.996003610813e-15	5.690448112716e-15
8.62000000e-01	8.787346221441e-01	8.787346221441e-01	4.884981308351e-15	5.559108728903e-15
8.63000000e-01	8.795074758135e-01	8.795074758135e-01	4.996003610813e-15	5.680456105495e-15
8.64000000e-01	8.802816901408e-01	8.802816901408e-01	4.996003610813e-15	5.675460101884e-15
8.65000000e-01	8.810572687225e-01	8.810572687225e-01	4.996003610813e-15	5.670464098273e-15
8.66000000e-01	8.818342151675e-01	8.818342151675e-01	4.996003610813e-15	5.665468094662e-15
8.67000000e-01	8.826125330980e-01	8.826125330980e-01	5.107025913276e-15	5.786260359741e-15
8.68000000e-01	8.833922261484e-01	8.833922261484e-01	5.329070518201e-15	6.032507826603e-15
8.69000000e-01	8.841732979664e-01	8.841732979664e-01	5.218048215738e-15	5.901612532000e-15
8.70000000e-01	8.849557522124e-01	8.849557522124e-01	4.773959005888e-15	5.394573676654e-15
8.71000000e-01	8.857395925598e-01	8.857395925598e-01	4.884981308351e-15	5.515143897128e-15
8.72000000e-01	8.865248226950e-01	8.865248226950e-01	4.996003610813e-15	5.635492072997e-15
8.73000000e-01	8.873114463177e-01	8.873114463177e-01	4.884981308351e-15	5.505373934511e-15
8.74000000e-01	8.880994671403e-01	8.880994671403e-01	4.884981308351e-15	5.500488953203e-15
8.75000000e-01	8.888888888889e-01	8.888888888889e-01	4.884981308351e-15	5.495603971895e-15
8.76000000e-01	8.896797153025e-01	8.896797153025e-01	5.107025913276e-15	5.740297126522e-15
8.77000000e-01	8.904719501336e-01	8.904719501336e-01	4.996003610813e-15	5.610512054943e-15
8.78000000e-01	8.912655971479e-01	8.912655971480e-01	4.884981308351e-15	5.480949027969e-15
8.79000000e-01	8.920606601249e-01	8.920606601249e-01	5.107025913276e-15	5.724976048782e-15
8.80000000e-01	8.928571428571e-01	8.928571428571e-01	5.218048215738e-15	5.844214001627e-15
8.81000000e-01	8.936550491510e-01	8.936550491510e-01	5.218048215738e-15	5.838995953411e-15
8.82000000e-01	8.944543828265e-01	8.944543828265e-01	4.996003610813e-15	5.585532036889e-15
8.83000000e-01	8.952551477171e-01	8.952551477171e-01	5.107025913276e-15	5.704547945129e-15
8.84000000e-01	8.960573476702e-01	8.960573476703e-01	5.218048215738e-15	5.823341808764e-15
8.85000000e-01	8.968609865471e-01	8.968609865471e-01	4.996003610813e-15	5.570544026057e-15
8.86000000e-01	8.976660682226e-01	8.976660682226e-01	4.884981308351e-15	5.441869177503e-15
8.87000000e-01	8.984725965858e-01	8.984725965858e-01	4.884981308351e-15	5.436984196194e-15
8.88000000e-01	8.992805755396e-01	8.992805755396e-01	4.996003610813e-15	5.555556015224e-15
8.89000000e-01	9.000900090009e-01	9.000900090009e-01	4.884981308351e-15	5.427214233578e-15
8.90000000e-01	9.009009009009e-01	9.009009009009e-01	4.662936703426e-15	5.175859740802e-15
8.91000000e-01	9.017132551848e-01	9.017132551849e-01	4.773959005888e-15	5.294320537530e-15
8.92000000e-01	9.025270758123e-01	9.025270758123e-01	4.884981308351e-15	5.412559289653e-15
8.93000000e-01	9.033423667570e-01	9.033423667570e-01	5.107025913276e-15	5.653477685996e-15
8.94000000e-01	9.041591320072e-01	9.041591320072e-01	4.996003610813e-15	5.525579993559e-15
8.95000000e-01	9.049773755656e-01	9.049773755656e-01	4.996003610813e-15	5.520583989949e-15
8.96000000e-01	9.057971014493e-01	9.057971014493e-01	5.218048215738e-15	5.760725230175e-15
8.97000000e-01	9.066183136899e-01	9.066183136899e-01	5.107025913276e-15	5.633049582343e-15
8.98000000e-01	9.074410163339e-01	9.074410163339e-01	4.996003610813e-15	5.505595979116e-15
8.99000000e-01	9.082652134423e-01	9.082652134423e-01	4.884981308351e-15	5.378364420494e-15
9.00000000e-01	9.090909090909e-01	9.090909090909e-01	4.884981308351e-15	5.373479439186e-15
9.01000000e-01	9.099181073703e-01	9.099181073703e-01	4.773959005888e-15	5.246580947471e-15
9.02000000e-01	9.107468123862e-01	9.107468123862e-01	4.662936703426e-15	5.119904500361e-15
9.03000000e-01	9.115770282589e-01	9.115770282589e-01	4.662936703426e-15	5.115241563658e-15
9.04000000e-01	9.124087591241e-01	9.124087591241e-01	4.551914400963e-15	4.988898183456e-15
9.05000000e-01	9.132420091324e-01	9.132420091324e-01	4.551914400963e-15	4.984346269055e-15
9.06000000e-01	9.140767824497e-01	9.140767824497e-01	4.329869796038e-15	4.736877556866e-15
9.07000000e-01	9.149130832571e-01	9.149130832571e-01	4.662936703426e-15	5.096589816844e-15
9.08000000e-01	9.157509157509e-01	9.157509157509e-01	4.773959005888e-15	5.213163234430e-15
9.09000000e-01	9.165902841430e-01	9.165902841430e-01	4.662936703426e-15	5.087263943437e-15
9.10000000e-01	9.174311926605e-01	9.174311926606e-01	4.551914400963e-15	4.961586697050e-15
9.11000000e-01	9.182736455464e-01	9.182736455464e-01	4.551914400963e-15	4.957034782649e-15
9.12000000e-01	9.191176470588e-01	9.191176470588e-01	4.662936703426e-15	5.073275133327e-15
9.13000000e-01	9.199632014719e-01	9.199632014719e-01	4.440892098501e-15	4.827249711070e-15
9.14000000e-01	9.208103130755e-01	9.208103130755e-01	4.551914400963e-15	4.943379039446e-15
9.15000000e-01	9.216589861751e-01	9.216589861751e-01	4.773959005888e-15	5.179745521389e-15
9.16000000e-01	9.225092250922e-01	9.225092250923e-01	4.884981308351e-15	5.295319738252e-15
9.17000000e-01	9.233610341644e-01	9.233610341644e-01	4.884981308351e-15	5.290434756944e-15
9.18000000e-01	9.242144177449e-01	9.242144177449e-01	4.773959005888e-15	5.165423644371e-15
9.19000000e-01	9.250693802035e-01	9.250693802035e-01	4.884981308351e-15	5.280664794327e-15
9.20000000e-01	9.259259259259e-01	9.259259259259e-01	5.218048215738e-15	5.635492072997e-15
9.21000000e-01	9.267840593142e-01	9.267840593142e-01	4.996003610813e-15	5.390687896067e-15
9.22000000e-01	9.276437847866e-01	9.276437847866e-01	4.884981308351e-15	5.266009850402e-15
9.23000000e-01	9.285051067781e-01	9.285051067781e-01	4.884981308351e-15	5.261124869094e-15
9.24000000e-01	9.293680297398e-01	9.293680297398e-01	4.884981308351e-15	5.256239887785e-15
9.25000000e-01	9.302325581395e-01	9.302325581395e-01	4.884981308351e-15	5.251354906477e-15
9.26000000e-01	9.310986964618e-01	9.310986964618e-01	4.884981308351e-15	5.246469925169e-15
9.27000000e-01	9.319664492078e-01	9.319664492078e-01	4.884981308351e-15	5.241584943860e-15
9.28000000e-01	9.328358208955e-01	9.328358208955e-01	4.996003610813e-15	5.355715870792e-15
9.29000000e-01	9.337068160598e-01	9.337068160598e-01	4.996003610813e-15	5.350719867181e-15
9.30000000e-01	9.345794392523e-01	9.345794392523e-01	4.884981308351e-15	5.226929999935e-15
9.31000000e-01	9.354536950421e-01	9.354536950421e-01	5.107025913276e-15	5.459410701292e-15
9.32000000e-01	9.363295880150e-01	9.363295880150e-01	5.107025913276e-15	5.454303675378e-15
9.33000000e-01	9.372071227741e-01	9.372071227741e-01	5.107025913276e-15	5.449196649465e-15
9.34000000e-01	9.380863039400e-01	9.380863039400e-01	4.996003610813e-15	5.325739849127e-15
9.35000000e-01	9.389671361502e-01	9.389671361502e-01	5.218048215738e-15	5.557221349761e-15
9.36000000e-01	9.398496240601e-01	9.398496240602e-01	5.329070518201e-15	5.670131031366e-15
9.37000000e-01	9.407337723424e-01	9.407337723424e-01	5.218048215738e-15	5.546785253330e-15
9.38000000e-01	9.416195856874e-01	9.416195856874e-01	4.996003610813e-15	5.305755834684e-15
9.39000000e-01	9.425070688030e-01	9.425070688030e-01	5.107025913276e-15	5.418554493986e-15
9.40000000e-01	9.433962264151e-01	9.433962264151e-01	4.996003610813e-15	5.295763827462e-15
9.41000000e-01	9.442870632672e-01	9.442870632672e-01	4.773959005888e-15	5.055622587236e-15
9.42000000e-01	9.451795841210e-01	9.451795841210e-01	4.662936703426e-15	4.933387032224e-15
9.43000000e-01	9.460737937559e-01	9.460737937559e-01	4.551914400963e-15	4.811373521818e-15
9.44000000e-01	9.469696969697e-01	9.469696969697e-01	4.773959005888e-15	5.041300710218e-15
9.45000000e-01	9.478672985782e-01	9.478672985782e-01	4.884981308351e-15	5.153655280310e-15
9.46000000e-01	9.487666034156e-01	9.487666034156e-01	4.551914400963e-15	4.797717778615e-15
9.47000000e-01	9.496676163343e-01	9.496676163343e-01	4.662936703426e-15	4.910072348707e-15
9.48000000e-01	9.505703422053e-01	9.505703422053e-01	4.773959005888e-15	5.022204874194e-15
9.49000000e-01	9.514747859182e-01	9.514747859182e-01	4.662936703426e-15	4.900746475300e-15
9.50000000e-01	9.523809523809e-01	9.523809523810e-01	4.662936703426e-15	4.896083538597e-15
9.51000000e-01	9.532888465205e-01	9.532888465205e-01	4.551914400963e-15	4.774958206610e-15
9.52000000e-01	9.541984732824e-01	9.541984732824e-01	4.551914400963e-15	4.770406292209e-15
9.53000000e-01	9.551098376313e-01	9.551098376313e-01	4.329869796038e-15	4.533373676452e-15
9.54000000e-01	9.560229445507e-01	9.560229445507e-01	4.218847493576e-15	4.412914478280e-15
9.55000000e-01	9.569377990431e-01	9.569377990431e-01	4.329869796038e-15	4.524713936860e-15
9.56000000e-01	9.578544061303e-01	9.578544061303e-01	4.551914400963e-15	4.752198634606e-15
9.57000000e-01	9.587727708533e-01	9.587727708533e-01	4.329869796038e-15	4.516054197268e-15
9.58000000e-01	9.596928982725e-01	9.596928982726e-01	4.218847493576e-15	4.396039088306e-15
9.59000000e-01	9.606147934678e-01	9.606147934678e-01	4.440892098501e-15	4.622968674539e-15
9.60000000e-01	9.615384615385e-01	9.615384615385e-01	4.440892098501e-15	4.618527782441e-15
9.61000000e-01	9.624639076035e-01	9.624639076035e-01	4.218847493576e-15	4.383382545825e-15
9.62000000e-01	9.633911368015e-01	9.633911368015e-01	4.107825191113e-15	4.263922548375e-15
9.63000000e-01	9.643201542912e-01	9.643201542912e-01	4.329869796038e-15	4.490074978492e-15
9.64000000e-01	9.652509652510e-01	9.652509652510e-01	4.440892098501e-15	4.600764214047e-15
9.65000000e-01	9.661835748792e-01	9.661835748792e-01	4.329869796038e-15	4.481415238899e-15
9.66000000e-01	9.671179883946e-01	9.671179883946e-01	4.218847493576e-15	4.362288308357e-15
9.67000000e-01	9.680542110358e-01	9.680542110358e-01	4.218847493576e-15	4.358069460864e-15
9.68000000e-01	9.689922480620e-01	9.689922480620e-01	4.440892098501e-15	4.583000645653e-15
9.69000000e-01	9.699321047527e-01	9.699321047527e-01	4.218847493576e-15	4.349631765876e-15
9.70000000e-01	9.708737864078e-01	9.708737864078e-01	4.218847493576e-15	4.345412918383e-15
9.71000000e-01	9.718172983479e-01	9.718172983479e-01	4.440892098501e-15	4.569677969357e-15
9.72000000e-01	9.727626459144e-01	9.727626459144e-01	4.551914400963e-15	4.679368004190e-15
9.73000000e-01	9.737098344693e-01	9.737098344693e-01	4.551914400963e-15	4.674816089789e-15
9.74000000e-01	9.746588693957e-01	9.746588693957e-01	4.440892098501e-15	4.556355293062e-15
9.75000000e-01	9.756097560976e-01	9.756097560976e-01	4.662936703426e-15	4.779510121011e-15
9.76000000e-01	9.765625000000e-01	9.765625000000e-01	4.773959005888e-15	4.888534022029e-15
9.77000000e-01	9.775171065494e-01	9.775171065494e-01	4.551914400963e-15	4.656608432185e-15
9.78000000e-01	9.784735812133e-01	9.784735812133e-01	4.440892098501e-15	4.538591724668e-15
9.79000000e-01	9.794319294809e-01	9.794319294809e-01	4.662936703426e-15	4.760858374198e-15
9.80000000e-01	9.803921568627e-01	9.803921568627e-01	4.884981308351e-15	4.982680934518e-15
9.81000000e-01	9.813542688911e-01	9.813542688911e-01	4.662936703426e-15	4.751532500791e-15
9.82000000e-01	9.823182711198e-01	9.823182711198e-01	4.662936703426e-15	4.746869564087e-15
9.83000000e-01	9.832841691249e-01	9.832841691249e-01	4.662936703426e-15	4.742206627384e-15
9.84000000e-01	9.842519685039e-01	9.842519685039e-01	4.662936703426e-15	4.737543690680e-15
9.85000000e-01	9.852216748768e-01	9.852216748768e-01	4.662936703426e-15	4.732880753977e-15
9.86000000e-01	9.861932938856e-01	9.861932938856e-01	4.551914400963e-15	4.615641202577e-15
9.87000000e-01	9.871668311945e-01	9.871668311945e-01	4.551914400963e-15	4.611089288176e-15
9.88000000e-01	9.881422924901e-01	9.881422924901e-01	4.662936703426e-15	4.718891943867e-15
9.89000000e-01	9.891196834817e-01	9.891196834817e-01	4.440892098501e-15	4.489741911584e-15
9.90000000e-01	9.900990099010e-01	9.900990099010e-01	4.440892098501e-15	4.485301019486e-15
9.91000000e-01	9.910802775025e-01	9.910802775025e-01	4.440892098501e-15	4.480860127387e-15
9.92000000e-01	9.920634920635e-01	9.920634920635e-01	4.551914400963e-15	4.588329716171e-15
9.93000000e-01	9.930486593843e-01	9.930486593843e-01	4.440892098501e-15	4.471978343190e-15
9.94000000e-01	9.940357852883e-01	9.940357852883e-01	4.551914400963e-15	4.579225887369e-15
9.95000000e-01	9.950248756219e-01	9.950248756219e-01	4.662936703426e-15	4.686251386943e-15
9.96000000e-01	9.960159362550e-01	9.960159362550e-01	4.773959005888e-15	4.793054841912e-15
9.97000000e-01	9.970089730808e-01	9.970089730808e-01	4.884981308351e-15	4.899636252276e-15
9.98000000e-01	9.980039920160e-01	9.980039920160e-01	4.773959005888e-15	4.783506923900e-15
9.99000000e-01	9.990009990010e-01	9.990009990010e-01	4.996003610813e-15	5.000999614424e-15
1.00000000e+00	1.000000000000e+00	1.000000000000e+00	4.884981308351e-15	4.884981308351e-15
