# t	y_num	y_exact	abs_err	rel_err
1.00000000e-03	0.000000000000e+00	0.000000000000e+00	0.000000000000e+00	nan
2.00000000e-03	0.000000000000e+00	0.000000000000e+00	0.000000000000e+00	nan
3.00000000e-03	0.000000000000e+00	0.000000000000e+00	0.000000000000e+00	nan
4.00000000e-03	0.000000000000e+00	0.000000000000e+00	0.000000000000e+00	nan
5.00000000e-03	0.000000000000e+00	0.000000000000e+00	0.000000000000e+00	nan
6.00000000e-03	0.000000000000e+00	0.000000000000e+00	0.000000000000e+00	nan
7.00000000e-03	0.000000000000e+00	0.000000000000e+00	0.000000000000e+00	nan
8.00000000e-03	0.000000000000e+00	0.000000000000e+00	0.000000000000e+00	nan
9.00000000e-03	0.000000000000e+00	0.000000000000e+00	0.000000000000e+00	nan
1.00000000e-02	0.000000000000e+00	0.000000000000e+00	0.000000000000e+00	nan
1.10000000e-02	0.000000000000e+00	0.000000000000e+00	0.000000000000e+00	nan
1.20000000e-02	0.000000000000e+00	0.000000000000e+00	0.000000000000e+00	nan
1.30000000e-02	0.000000000000e+00	0.000000000000e+00	0.000000000000e+00	nan
1.40000000e-02	0.000000000000e+00	0.000000000000e+00	0.000000000000e+00	nan
1.50000000e-02	0.000000000000e+00	0.000000000000e+00	0.000000000000e+00	nan
1.60000000e-02	0.000000000000e+00	0.000000000000e+00	0.000000000000e+00	nan
1.70000000e-02	0.000000000000e+00	0.000000000000e+00	0.000000000000e+00	nan
1.80000000e-02	0.000000000000e+00	0.000000000000e+00	0.000000000000e+00	nan
1.90000000e-02	0.000000000000e+00	0.000000000000e+00	0.000000000000e+00	nan
2.00000000e-02	0.000000000000e+00	0.000000000000e+00	0.000000000000e+00	nan
2.10000000e-02	0.000000000000e+00	0.000000000000e+00	0.000000000000e+00	nan
2.20000000e-02	0.000000000000e+00	0.000000000000e+00	0.000000000000e+00	nan
2.30000000e-02	0.000000000000e+00	0.000000000000e+00	0.000000000000e+00	nan
2.40000000e-02	0.000000000000e+00	0.000000000000e+00	0.000000000000e+00	nan
2.50000000e-02	0.000000000000e+00	0.000000000000e+00	0.000000000000e+00	nan
2.60000000e-02	0.000000000000e+00	0.000000000000e+00	0.000000000000e+00	nan
2.70000000e-02	0.000000000000e+00	0.000000000000e+00	0.000000000000e+00	nan
2.80000000e-02	0.000000000000e+00	0.000000000000e+00	0.000000000000e+00	nan
2.90000000e-02	0.000000000000e+00	0.000000000000e+00	0.000000000000e+00	nan
3.00000000e-02	0.000000000000e+00	0.000000000000e+00	0.000000000000e+00	nan
3.10000000e-02	0.000000000000e+00	0.000000000000e+00	0.000000000000e+00	nan
3.20000000e-02	0.000000000000e+00	0.000000000000e+00	0.000000000000e+00	nan
3.30000000e-02	0.000000000000e+00	0.000000000000e+00	0.000000000000e+00	nan
3.40000000e-02	0.000000000000e+00	0.000000000000e+00	0.000000000000e+00	nan
3.50000000e-02	0.000000000000e+00	0.000000000000e+00	0.000000000000e+00	nan
3.60000000e-02	0.000000000000e+00	0.000000000000e+00	0.000000000000e+00	nan
3.70000000e-02	0.000000000000e+00	0.000000000000e+00	0.000000000000e+00	nan
3.80000000e-02	0.000000000000e+00	0.000000000000e+00	0.000000000000e+00	nan
3.90000000e-02	0.000000000000e+00	0.000000000000e+00	0.000000000000e+00	nan
4.00000000e-02	0.000000000000e+00	0.000000000000e+00	0.000000000000e+00	nan
4.10000000e-02	0.000000000000e+00	0.000000000000e+00	0.000000000000e+00	nan
4.20000000e-02	0.000000000000e+00	0.000000000000e+00	0.000000000000e+00	nan
4.30000000e-02	0.000000000000e+00	0.000000000000e+00	0.000000000000e+00	nan
4.40000000e-02	0.000000000000e+00	0.000000000000e+00	0.000000000000e+00	nan
4.50000000e-02	0.000000000000e+00	0.000000000000e+00	0.000000000000e+00	nan
4.60000000e-02	0.000000000000e+00	0.000000000000e+00	0.000000000000e+00	nan
4.70000000e-02	0.000000000000e+00	0.000000000000e+00	0.000000000000e+00	nan
4.80000000e-02	0.000000000000e+00	0.000000000000e+00	0.000000000000e+00	nan
4.90000000e-02	0.000000000000e+00	0.000000000000e+00	0.000000000000e+00	nan
5.00000000e-02	0.000000000000e+00	0.000000000000e+00	0.000000000000e+00	nan
5.10000000e-02	0.000000000000e+00	0.000000000000e+00	0.000000000000e+00	nan
5.20000000e-02	0.000000000000e+00	0.000000000000e+00	0.000000000000e+00	nan
5.30000000e-02	0.000000000000e+00	0.000000000000e+00	0.000000000000e+00	nan
5.40000000e-02	0.000000000000e+00	0.000000000000e+00	0.000000000000e+00	nan
5.50000000e-02	0.000000000000e+00	0.000000000000e+00	0.000000000000e+00	nan
5.60000000e-02	0.000000000000e+00	0.000000000000e+00	0.000000000000e+00	nan
5.70000000e-02	0.000000000000e+00	0.000000000000e+00	0.000000000000e+00	nan
5.80000000e-02	0.000000000000e+00	0.000000000000e+00	0.000000000000e+00	nan
5.90000000e-02	0.000000000000e+00	0.000000000000e+00	0.000000000000e+00	nan
6.00000000e-02	0.000000000000e+00	0.000000000000e+00	0.000000000000e+00	nan
6.10000000e-02	0.000000000000e+00	0.000000000000e+00	0.000000000000e+00	nan
6.20000000e-02	0.000000000000e+00	0.000000000000e+00	0.000000000000e+00	nan
6.30000000e-02	0.000000000000e+00	0.000000000000e+00	0.000000000000e+00	nan
6.40000000e-02	0.000000000000e+00	0.000000000000e+00	0.000000000000e+00	nan
6.50000000e-02	0.000000000000e+00	0.000000000000e+00	0.000000000000e+00	nan
6.60000000e-02	0.000000000000e+00	0.000000000000e+00	0.000000000000e+00	nan
6.70000000e-02	0.000000000000e+00	0.000000000000e+00	0.000000000000e+00	nan
6.80000000e-02	0.000000000000e+00	0.000000000000e+00	0.000000000000e+00	nan
6.90000000e-02	0.000000000000e+00	0.000000000000e+00	0.000000000000e+00	nan
7.00000000e-02	0.000000000000e+00	0.000000000000e+00	0.000000000000e+00	nan
7.10000000e-02	0.000000000000e+00	0.000000000000e+00	0.000000000000e+00	nan
7.20000000e-02	0.000000000000e+00	0.000000000000e+00	0.000000000000e+00	nan
7.30000000e-02	0.000000000000e+00	0.000000000000e+00	0.000000000000e+00	nan
7.40000000e-02	0.000000000000e+00	0.000000000000e+00	0.000000000000e+00	nan
7.50000000e-02	0.000000000000e+00	0.000000000000e+00	0.000000000000e+00	nan
7.60000000e-02	0.000000000000e+00	0.000000000000e+00	0.000000000000e+00	nan
7.70000000e-02	0.000000000000e+00	0.000000000000e+00	0.000000000000e+00	nan
7.80000000e-02	0.000000000000e+00	0.000000000000e+00	0.000000000000e+00	nan
7.90000000e-02	0.000000000000e+00	0.000000000000e+00	0.000000000000e+00	nan
8.00000000e-02	0.000000000000e+00	0.000000000000e+00	0.000000000000e+00	nan
8.10000000e-02	0.000000000000e+00	0.000000000000e+00	0.000000000000e+00	nan
8.20000000e-02	0.000000000000e+00	0.000000000000e+00	0.000000000000e+00	nan
8.30000000e-02	0.000000000000e+00	0.000000000000e+00	0.000000000000e+00	nan
8.40000000e-02	0.000000000000e+00	0.000000000000e+00	0.000000000000e+00	nan
8.50000000e-02	0.000000000000e+00	0.000000000000e+00	0.000000000000e+00	nan
8.60000000e-02	0.000000000000e+00	0.000000000000e+00	0.000000000000e+00	nan
8.70000000e-02	0.000000000000e+00	0.000000000000e+00	0.000000000000e+00	nan
8.80000000e-02	0.000000000000e+00	0.000000000000e+00	0.000000000000e+00	nan
8.90000000e-02	0.000000000000e+00	0.000000000000e+00	0.000000000000e+00	nan
9.00000000e-02	0.000000000000e+00	0.000000000000e+00	0.000000000000e+00	nan
9.10000000e-02	0.000000000000e+00	0.000000000000e+00	0.000000000000e+00	nan
9.20000000e-02	0.000000000000e+00	0.000000000000e+00	0.000000000000e+00	nan
9.30000000e-02	0.000000000000e+00	0.000000000000e+00	0.000000000000e+00	nan
9.40000000e-02	0.000000000000e+00	0.000000000000e+00	0.000000000000e+00	nan
9.50000000e-02	0.000000000000e+00	0.000000000000e+00	0.000000000000e+00	nan
9.60000000e-02	0.000000000000e+00	0.000000000000e+00	0.000000000000e+00	nan
9.70000000e-02	0.000000000000e+00	0.000000000000e+00	0.000000000000e+00	nan
9.80000000e-02	0.000000000000e+00	0.000000000000e+00	0.000000000000e+00	nan
9.90000000e-02	0.000000000000e+00	0.000000000000e+00	0.000000000000e+00	nan
1.00000000e-01	0.000000000000e+00	0.000000000000e+00	0.000000000000e+00	nan
1.01000000e-01	0.000000000000e+00	0.000000000000e+00	0.000000000000e+00	nan
1.02000000e-01	0.000000000000e+00	0.000000000000e+00	0.000000000000e+00	nan
1.03000000e-01	0.000000000000e+00	0.000000000000e+00	0.000000000000e+00	nan
1.04000000e-01	0.000000000000e+00	0.000000000000e+00	0.000000000000e+00	nan
1.05000000e-01	0.000000000000e+00	0.000000000000e+00	0.000000000000e+00	nan
1.06000000e-01	0.000000000000e+00	0.000000000000e+00	0.000000000000e+00	nan
1.07000000e-01	0.000000000000e+00	0.000000000000e+00	0.000000000000e+00	nan
1.08000000e-01	0.000000000000e+00	0.000000000000e+00	0.000000000000e+00	nan
1.09000000e-01	0.000000000000e+00	0.000000000000e+00	0.000000000000e+00	nan
1.10000000e-01	0.000000000000e+00	0.000000000000e+00	0.000000000000e+00	nan
1.11000000e-01	0.000000000000e+00	0.000000000000e+00	0.000000000000e+00	nan
1.12000000e-01	0.000000000000e+00	0.000000000000e+00	0.000000000000e+00	nan
1.13000000e-01	0.000000000000e+00	0.000000000000e+00	0.000000000000e+00	nan
1.14000000e-01	0.000000000000e+00	0.000000000000e+00	0.000000000000e+00	nan
1.15000000e-01	0.000000000000e+00	0.000000000000e+00	0.000000000000e+00	nan
1.16000000e-01	0.000000000000e+00	0.000000000000e+00	0.000000000000e+00	nan
1.17000000e-01	0.000000000000e+00	0.000000000000e+00	0.000000000000e+00	nan
1.18000000e-01	0.000000000000e+00	0.000000000000e+00	0.000000000000e+00	nan
1.19000000e-01	0.000000000000e+00	0.000000000000e+00	0.000000000000e+00	nan
1.20000000e-01	0.000000000000e+00	0.000000000000e+00	0.000000000000e+00	nan
1.21000000e-01	0.000000000000e+00	0.000000000000e+00	0.000000000000e+00	nan
1.22000000e-01	0.000000000000e+00	0.000000000000e+00	0.000000000000e+00	nan
1.23000000e-01	0.000000000000e+00	0.000000000000e+00	0.000000000000e+00	nan
1.24000000e-01	0.000000000000e+00	0.000000000000e+00	0.000000000000e+00	nan
1.25000000e-01	0.000000000000e+00	0.000000000000e+00	0.000000000000e+00	nan
1.26000000e-01	0.000000000000e+00	0.000000000000e+00	0.000000000000e+00	nan
1.27000000e-01	0.000000000000e+00	0.000000000000e+00	0.000000000000e+00	nan
1.28000000e-01	0.000000000000e+00	0.000000000000e+00	0.000000000000e+00	nan
1.29000000e-01	0.000000000000e+00	0.000000000000e+00	0.000000000000e+00	nan
1.30000000e-01	0.000000000000e+00	0.000000000000e+00	0.000000000000e+00	nan
1.31000000e-01	0.000000000000e+00	0.000000000000e+00	0.000000000000e+00	nan
1.32000000e-01	0.000000000000e+00	0.000000000000e+00	0.000000000000e+00	nan
1.33000000e-01	0.000000000000e+00	0.000000000000e+00	0.000000000000e+00	nan
1.34000000e-01	0.000000000000e+00	0.000000000000e+00	0.000000000000e+00	nan
1.35000000e-01	0.000000000000e+00	0.000000000000e+00	0.000000000000e+00	nan
1.36000000e-01	0.000000000000e+00	0.000000000000e+00	0.000000000000e+00	nan
1.37000000e-01	0.000000000000e+00	0.000000000000e+00	0.000000000000e+00	nan
1.38000000e-01	0.000000000000e+00	0.000000000000e+00	0.000000000000e+00	nan
1.39000000e-01	0.000000000000e+00	0.000000000000e+00	0.000000000000e+00	nan
1.40000000e-01	0.000000000000e+00	0.000000000000e+00	0.000000000000e+00	nan
1.41000000e-01	0.000000000000e+00	0.000000000000e+00	0.000000000000e+00	nan
1.42000000e-01	0.000000000000e+00	0.000000000000e+00	0.000000000000e+00	nan
1.43000000e-01	0.000000000000e+00	0.000000000000e+00	0.000000000000e+00	nan
1.44000000e-01	0.000000000000e+00	0.000000000000e+00	0.000000000000e+00	nan
1.45000000e-01	0.000000000000e+00	0.000000000000e+00	0.000000000000e+00	nan
1.46000000e-01	0.000000000000e+00	0.000000000000e+00	0.000000000000e+00	nan
1.47000000e-01	0.000000000000e+00	0.000000000000e+00	0.000000000000e+00	nan
1.48000000e-01	0.000000000000e+00	0.000000000000e+00	0.000000000000e+00	nan
1.49000000e-01	0.000000000000e+00	0.000000000000e+00	0.000000000000e+00	nan
1.50000000e-01	0.000000000000e+00	0.000000000000e+00	0.000000000000e+00	nan
1.51000000e-01	0.000000000000e+00	0.000000000000e+00	0.000000000000e+00	nan
1.52000000e-01	0.000000000000e+00	0.000000000000e+00	0.000000000000e+00	nan
1.53000000e-01	0.000000000000e+00	0.000000000000e+00	0.000000000000e+00	nan
1.54000000e-01	0.000000000000e+00	0.000000000000e+00	0.000000000000e+00	nan
1.55000000e-01	0.000000000000e+00	0.000000000000e+00	0.000000000000e+00	nan
1.56000000e-01	0.000000000000e+00	0.000000000000e+00	0.000000000000e+00	nan
1.57000000e-01	0.000000000000e+00	0.000000000000e+00	0.000000000000e+00	nan
1.58000000e-01	0.000000000000e+00	0.000000000000e+00	0.000000000000e+00	nan
1.59000000e-01	0.000000000000e+00	0.000000000000e+00	0.000000000000e+00	nan
1.60000000e-01	0.000000000000e+00	0.000000000000e+00	0.000000000000e+00	nan
1.61000000e-01	0.000000000000e+00	0.000000000000e+00	0.000000000000e+00	nan
1.62000000e-01	0.000000000000e+00	0.000000000000e+00	0.000000000000e+00	nan
1.63000000e-01	0.000000000000e+00	0.000000000000e+00	0.000000000000e+00	nan
1.64000000e-01	0.000000000000e+00	0.000000000000e+00	0.000000000000e+00	nan
1.65000000e-01	0.000000000000e+00	0.000000000000e+00	0.000000000000e+00	nan
1.66000000e-01	0.000000000000e+00	0.000000000000e+00	0.000000000000e+00	nan
1.67000000e-01	0.000000000000e+00	0.000000000000e+00	0.000000000000e+00	nan
1.68000000e-01	0.000000000000e+00	0.000000000000e+00	0.000000000000e+00	nan
1.69000000e-01	0.000000000000e+00	0.000000000000e+00	0.000000000000e+00	nan
1.70000000e-01	0.000000000000e+00	0.000000000000e+00	0.000000000000e+00	nan
1.71000000e-01	0.000000000000e+00	0.000000000000e+00	0.000000000000e+00	nan
1.72000000e-01	0.000000000000e+00	0.000000000000e+00	0.000000000000e+00	nan
1.73000000e-01	0.000000000000e+00	0.000000000000e+00	0.000000000000e+00	nan
1.74000000e-01	0.000000000000e+00	0.000000000000e+00	0.000000000000e+00	nan
1.75000000e-01	0.000000000000e+00	0.000000000000e+00	0.000000000000e+00	nan
1.76000000e-01	0.000000000000e+00	0.000000000000e+00	0.000000000000e+00	nan
1.77000000e-01	0.000000000000e+00	0.000000000000e+00	0.000000000000e+00	nan
1.78000000e-01	0.000000000000e+00	0.000000000000e+00	0.000000000000e+00	nan
1.79000000e-01	0.000000000000e+00	0.000000000000e+00	0.000000000000e+00	nan
1.80000000e-01	0.000000000000e+00	0.000000000000e+00	0.000000000000e+00	nan
1.81000000e-01	0.000000000000e+00	0.000000000000e+00	0.000000000000e+00	nan
1.82000000e-01	0.000000000000e+00	0.000000000000e+00	0.000000000000e+00	nan
1.83000000e-01	0.000000000000e+00	0.000000000000e+00	0.000000000000e+00	nan
1.84000000e-01	0.000000000000e+00	0.000000000000e+00	0.000000000000e+00	nan
1.85000000e-01	0.000000000000e+00	0.000000000000e+00	0.000000000000e+00	nan
1.86000000e-01	0.000000000000e+00	0.000000000000e+00	0.000000000000e+00	nan
1.87000000e-01	0.000000000000e+00	0.000000000000e+00	0.000000000000e+00	nan
1.88000000e-01	0.000000000000e+00	0.000000000000e+00	0.000000000000e+00	nan
1.89000000e-01	0.000000000000e+00	0.000000000000e+00	0.000000000000e+00	nan
1.90000000e-01	0.000000000000e+00	0.000000000000e+00	0.000000000000e+00	nan
1.91000000e-01	0.000000000000e+00	0.000000000000e+00	0.000000000000e+00	nan
1.92000000e-01	0.000000000000e+00	0.000000000000e+00	0.000000000000e+00	nan
1.93000000e-01	0.000000000000e+00	0.000000000000e+00	0.000000000000e+00	nan
1.94000000e-01	0.000000000000e+00	0.000000000000e+00	0.000000000000e+00	nan
1.95000000e-01	0.000000000000e+00	0.000000000000e+00	0.000000000000e+00	nan
1.96000000e-01	0.000000000000e+00	0.000000000000e+00	0.000000000000e+00	nan
1.97000000e-01	0.000000000000e+00	0.000000000000e+00	0.000000000000e+00	nan
1.98000000e-01	0.000000000000e+00	0.000000000000e+00	0.000000000000e+00	nan
1.99000000e-01	0.000000000000e+00	0.000000000000e+00	0.000000000000e+00	nan
2.00000000e-01	0.000000000000e+00	0.000000000000e+00	0.000000000000e+00	nan
2.01000000e-01	0.000000000000e+00	0.000000000000e+00	0.000000000000e+00	nan
2.02000000e-01	0.000000000000e+00	0.000000000000e+00	0.000000000000e+00	nan
2.03000000e-01	0.000000000000e+00	0.000000000000e+00	0.000000000000e+00	nan
2.04000000e-01	0.000000000000e+00	0.000000000000e+00	0.000000000000e+00	nan
2.05000000e-01	0.000000000000e+00	0.000000000000e+00	0.000000000000e+00	nan
2.06000000e-01	0.000000000000e+00	0.000000000000e+00	0.000000000000e+00	nan
2.07000000e-01	0.000000000000e+00	0.000000000000e+00	0.000000000000e+00	nan
2.08000000e-01	0.000000000000e+00	0.000000000000e+00	0.000000000000e+00	nan
2.09000000e-01	0.000000000000e+00	0.000000000000e+00	0.000000000000e+00	nan
2.10000000e-01	0.000000000000e+00	0.000000000000e+00	0.000000000000e+00	nan
2.11000000e-01	0.000000000000e+00	0.000000000000e+00	0.000000000000e+00	nan
2.12000000e-01	0.000000000000e+00	0.000000000000e+00	0.000000000000e+00	nan
2.13000000e-01	0.000000000000e+00	0.000000000000e+00	0.000000000000e+00	nan
2.14000000e-01	0.000000000000e+00	0.000000000000e+00	0.000000000000e+00	nan
2.15000000e-01	0.000000000000e+00	0.000000000000e+00	0.000000000000e+00	nan
2.16000000e-01	0.000000000000e+00	0.000000000000e+00	0.000000000000e+00	nan
2.17000000e-01	0.000000000000e+00	0.000000000000e+00	0.000000000000e+00	nan
2.18000000e-01	0.000000000000e+00	0.000000000000e+00	0.000000000000e+00	nan
2.19000000e-01	0.000000000000e+00	0.000000000000e+00	0.000000000000e+00	nan
2.20000000e-01	0.000000000000e+00	0.000000000000e+00	0.000000000000e+00	nan
2.21000000e-01	0.000000000000e+00	0.000000000000e+00	0.000000000000e+00	nan
2.22000000e-01	0.000000000000e+00	0.000000000000e+00	0.000000000000e+00	nan
2.23000000e-01	0.000000000000e+00	0.000000000000e+00	0.000000000000e+00	nan
2.24000000e-01	0.000000000000e+00	0.000000000000e+00	0.000000000000e+00	nan
2.25000000e-01	0.000000000000e+00	0.000000000000e+00	0.000000000000e+00	nan
2.26000000e-01	0.000000000000e+00	0.000000000000e+00	0.000000000000e+00	nan
2.27000000e-01	0.000000000000e+00	0.000000000000e+00	0.000000000000e+00	nan
2.28000000e-01	0.000000000000e+00	0.000000000000e+00	0.000000000000e+00	nan
2.29000000e-01	0.000000000000e+00	0.000000000000e+00	0.000000000000e+00	nan
2.30000000e-01	0.000000000000e+00	0.000000000000e+00	0.000000000000e+00	nan
2.31000000e-01	0.000000000000e+00	0.000000000000e+00	0.000000000000e+00	nan
2.32000000e-01	0.000000000000e+00	0.000000000000e+00	0.000000000000e+00	nan
2.33000000e-01	0.000000000000e+00	0.000000000000e+00	0.000000000000e+00	nan
2.34000000e-01	0.000000000000e+00	0.000000000000e+00	0.000000000000e+00	nan
2.35000000e-01	0.000000000000e+00	0.000000000000e+00	0.000000000000e+00	nan
2.36000000e-01	0.000000000000e+00	0.000000000000e+00	0.000000000000e+00	nan
2.37000000e-01	0.000000000000e+00	0.000000000000e+00	0.000000000000e+00	nan
2.38000000e-01	0.000000000000e+00	0.000000000000e+00	0.000000000000e+00	nan
2.39000000e-01	0.000000000000e+00	0.000000000000e+00	0.000000000000e+00	nan
2.40000000e-01	0.000000000000e+00	0.000000000000e+00	0.000000000000e+00	nan
2.41000000e-01	0.000000000000e+00	0.000000000000e+00	0.000000000000e+00	nan
2.42000000e-01	0.000000000000e+00	0.000000000000e+00	0.000000000000e+00	nan
2.43000000e-01	0.000000000000e+00	0.000000000000e+00	0.000000000000e+00	nan
2.44000000e-01	0.000000000000e+00	0.000000000000e+00	0.000000000000e+00	nan
2.45000000e-01	0.000000000000e+00	0.000000000000e+00	0.000000000000e+00	nan
2.46000000e-01	0.000000000000e+00	0.000000000000e+00	0.000000000000e+00	nan
2.47000000e-01	0.000000000000e+00	0.000000000000e+00	0.000000000000e+00	nan
2.48000000e-01	0.000000000000e+00	0.000000000000e+00	0.000000000000e+00	nan
2.49000000e-01	0.000000000000e+00	0.000000000000e+00	0.000000000000e+00	nan
2.50000000e-01	0.000000000000e+00	0.000000000000e+00	0.000000000000e+00	nan
2.51000000e-01	0.000000000000e+00	0.000000000000e+00	0.000000000000e+00	nan
2.52000000e-01	0.000000000000e+00	0.000000000000e+00	0.000000000000e+00	nan
2.53000000e-01	0.000000000000e+00	0.000000000000e+00	0.000000000000e+00	nan
2.54000000e-01	0.000000000000e+00	0.000000000000e+00	0.000000000000e+00	nan
2.55000000e-01	0.000000000000e+00	0.000000000000e+00	0.000000000000e+00	nan
2.56000000e-01	0.000000000000e+00	0.000000000000e+00	0.000000000000e+00	nan
2.57000000e-01	0.000000000000e+00	0.000000000000e+00	0.000000000000e+00	nan
2.58000000e-01	0.000000000000e+00	0.000000000000e+00	0.000000000000e+00	nan
2.59000000e-01	0.000000000000e+00	0.000000000000e+00	0.000000000000e+00	nan
2.60000000e-01	0.000000000000e+00	0.000000000000e+00	0.000000000000e+00	nan
2.61000000e-01	0.000000000000e+00	0.000000000000e+00	0.000000000000e+00	nan
2.62000000e-01	0.000000000000e+00	0.000000000000e+00	0.000000000000e+00	nan
2.63000000e-01	0.000000000000e+00	0.000000000000e+00	0.000000000000e+00	nan
2.64000000e-01	0.000000000000e+00	0.000000000000e+00	0.000000000000e+00	nan
2.65000000e-01	0.000000000000e+00	0.000000000000e+00	0.000000000000e+00	nan
2.66000000e-01	0.000000000000e+00	0.000000000000e+00	0.000000000000e+00	nan
2.67000000e-01	0.000000000000e+00	0.000000000000e+00	0.000000000000e+00	nan
2.68000000e-01	0.000000000000e+00	0.000000000000e+00	0.000000000000e+00	nan
2.69000000e-01	0.000000000000e+00	0.000000000000e+00	0.000000000000e+00	nan
2.70000000e-01	0.000000000000e+00	0.000000000000e+00	0.000000000000e+00	nan
2.71000000e-01	0.000000000000e+00	0.000000000000e+00	0.000000000000e+00	nan
2.72000000e-01	0.000000000000e+00	0.000000000000e+00	0.000000000000e+00	nan
2.73000000e-01	0.000000000000e+00	0.000000000000e+00	0.000000000000e+00	nan
2.74000000e-01	0.000000000000e+00	0.000000000000e+00	0.000000000000e+00	nan
2.75000000e-01	0.000000000000e+00	0.000000000000e+00	0.000000000000e+00	nan
2.76000000e-01	0.000000000000e+00	0.000000000000e+00	0.000000000000e+00	nan
2.77000000e-01	0.000000000000e+00	0.000000000000e+00	0.000000000000e+00	nan
2.78000000e-01	0.000000000000e+00	0.000000000000e+00	0.000000000000e+00	nan
2.79000000e-01	0.000000000000e+00	0.000000000000e+00	0.000000000000e+00	nan
2.80000000e-01	0.000000000000e+00	0.000000000000e+00	0.000000000000e+00	nan
2.81000000e-01	0.000000000000e+00	0.000000000000e+00	0.000000000000e+00	nan
2.82000000e-01	0.000000000000e+00	0.000000000000e+00	0.000000000000e+00	nan
2.83000000e-01	0.000000000000e+00	0.000000000000e+00	0.000000000000e+00	nan
2.84000000e-01	0.000000000000e+00	0.000000000000e+00	0.000000000000e+00	nan
2.85000000e-01	0.000000000000e+00	0.000000000000e+00	0.000000000000e+00	nan
2.86000000e-01	0.000000000000e+00	0.000000000000e+00	0.000000000000e+00	nan
2.87000000e-01	0.000000000000e+00	0.000000000000e+00	0.000000000000e+00	nan
2.88000000e-01	0.000000000000e+00	0.000000000000e+00	0.000000000000e+00	nan
2.89000000e-01	0.000000000000e+00	0.000000000000e+00	0.000000000000e+00	nan
2.90000000e-01	0.000000000000e+00	0.000000000000e+00	0.000000000000e+00	nan
2.91000000e-01	0.000000000000e+00	0.000000000000e+00	0.000000000000e+00	nan
2.92000000e-01	0.000000000000e+00	0.000000000000e+00	0.000000000000e+00	nan
2.93000000e-01	0.000000000000e+00	0.000000000000e+00	0.000000000000e+00	nan
2.94000000e-01	0.000000000000e+00	0.000000000000e+00	0.000000000000e+00	nan
2.95000000e-01	0.000000000000e+00	0.000000000000e+00	0.000000000000e+00	nan
2.96000000e-01	0.000000000000e+00	0.000000000000e+00	0.000000000000e+00	nan
2.97000000e-01	0.000000000000e+00	0.000000000000e+00	0.000000000000e+00	nan
2.98000000e-01	0.000000000000e+00	0.000000000000e+00	0.000000000000e+00	nan
2.99000000e-01	0.000000000000e+00	0.000000000000e+00	0.000000000000e+00	nan
3.00000000e-01	0.000000000000e+00	0.000000000000e+00	0.000000000000e+00	nan
3.01000000e-01	0.000000000000e+00	0.000000000000e+00	0.000000000000e+00	nan
3.02000000e-01	0.000000000000e+00	0.000000000000e+00	0.000000000000e+00	nan
3.03000000e-01	0.000000000000e+00	0.000000000000e+00	0.000000000000e+00	nan
3.04000000e-01	0.000000000000e+00	0.000000000000e+00	0.000000000000e+00	nan
3.05000000e-01	0.000000000000e+00	0.000000000000e+00	0.000000000000e+00	nan
3.06000000e-01	0.000000000000e+00	0.000000000000e+00	0.000000000000e+00	nan
3.07000000e-01	0.000000000000e+00	0.000000000000e+00	0.000000000000e+00	nan
3.08000000e-01	0.000000000000e+00	0.000000000000e+00	0.000000000000e+00	nan
3.09000000e-01	0.000000000000e+00	0.000000000000e+00	0.000000000000e+00	nan
3.10000000e-01	0.000000000000e+00	0.000000000000e+00	0.000000000000e+00	nan
3.11000000e-01	0.000000000000e+00	0.000000000000e+00	0.000000000000e+00	nan
3.12000000e-01	0.000000000000e+00	0.000000000000e+00	0.000000000000e+00	nan
3.13000000e-01	0.000000000000e+00	0.000000000000e+00	0.000000000000e+00	nan
3.14000000e-01	0.000000000000e+00	0.000000000000e+00	0.000000000000e+00	nan
3.15000000e-01	0.000000000000e+00	0.000000000000e+00	0.000000000000e+00	nan
3.16000000e-01	0.000000000000e+00	0.000000000000e+00	0.000000000000e+00	nan
3.17000000e-01	0.000000000000e+00	0.000000000000e+00	0.000000000000e+00	nan
3.18000000e-01	0.000000000000e+00	0.000000000000e+00	0.000000000000e+00	nan
3.19000000e-01	0.000000000000e+00	0.000000000000e+00	0.000000000000e+00	nan
3.20000000e-01	0.000000000000e+00	0.000000000000e+00	0.000000000000e+00	nan
3.21000000e-01	0.000000000000e+00	0.000000000000e+00	0.000000000000e+00	nan
3.22000000e-01	0.000000000000e+00	0.000000000000e+00	0.000000000000e+00	nan
3.23000000e-01	0.000000000000e+00	0.000000000000e+00	0.000000000000e+00	nan
3.24000000e-01	0.000000000000e+00	0.000000000000e+00	0.000000000000e+00	nan
3.25000000e-01	0.000000000000e+00	0.000000000000e+00	0.000000000000e+00	nan
3.26000000e-01	0.000000000000e+00	0.000000000000e+00	0.000000000000e+00	nan
3.27000000e-01	0.000000000000e+00	0.000000000000e+00	0.000000000000e+00	nan
3.28000000e-01	0.000000000000e+00	0.000000000000e+00	0.000000000000e+00	nan
3.29000000e-01	0.000000000000e+00	0.000000000000e+00	0.000000000000e+00	nan
3.30000000e-01	0.000000000000e+00	0.000000000000e+00	0.000000000000e+00	nan
3.31000000e-01	0.000000000000e+00	0.000000000000e+00	0.000000000000e+00	nan
3.32000000e-01	0.000000000000e+00	0.000000000000e+00	0.000000000000e+00	nan
3.33000000e-01	0.000000000000e+00	0.000000000000e+00	0.000000000000e+00	nan
3.34000000e-01	0.000000000000e+00	0.000000000000e+00	0.000000000000e+00	nan
3.35000000e-01	0.000000000000e+00	0.000000000000e+00	0.000000000000e+00	nan
3.36000000e-01	0.000000000000e+00	0.000000000000e+00	0.000000000000e+00	nan
3.37000000e-01	0.000000000000e+00	0.000000000000e+00	0.000000000000e+00	nan
3.38000000e-01	0.000000000000e+00	0.000000000000e+00	0.000000000000e+00	nan
3.39000000e-01	0.000000000000e+00	0.000000000000e+00	0.000000000000e+00	nan
3.40000000e-01	0.000000000000e+00	0.000000000000e+00	0.000000000000e+00	nan
3.41000000e-01	0.000000000000e+00	0.000000000000e+00	0.000000000000e+00	nan
3.42000000e-01	0.000000000000e+00	0.000000000000e+00	0.000000000000e+00	nan
3.43000000e-01	0.000000000000e+00	0.000000000000e+00	0.000000000000e+00	nan
3.44000000e-01	0.000000000000e+00	0.000000000000e+00	0.000000000000e+00	nan
3.45000000e-01	0.000000000000e+00	0.000000000000e+00	0.000000000000e+00	nan
3.46000000e-01	0.000000000000e+00	0.000000000000e+00	0.000000000000e+00	nan
3.47000000e-01	0.000000000000e+00	0.000000000000e+00	0.000000000000e+00	nan
3.48000000e-01	0.000000000000e+00	0.000000000000e+00	0.000000000000e+00	nan
3.49000000e-01	0.000000000000e+00	0.000000000000e+00	0.000000000000e+00	nan
3.50000000e-01	0.000000000000e+00	0.000000000000e+00	0.000000000000e+00	nan
3.51000000e-01	0.000000000000e+00	0.000000000000e+00	0.000000000000e+00	nan
3.52000000e-01	0.000000000000e+00	0.000000000000e+00	0.000000000000e+00	nan
3.53000000e-01	0.000000000000e+00	0.000000000000e+00	0.000000000000e+00	nan
3.54000000e-01	0.000000000000e+00	0.000000000000e+00	0.000000000000e+00	nan
3.55000000e-01	0.000000000000e+00	0.000000000000e+00	0.000000000000e+00	nan
3.56000000e-01	0.000000000000e+00	0.000000000000e+00	0.000000000000e+00	nan
3.57000000e-01	0.000000000000e+00	0.000000000000e+00	0.000000000000e+00	nan
3.58000000e-01	0.000000000000e+00	0.000000000000e+00	0.000000000000e+00	nan
3.59000000e-01	0.000000000000e+00	0.000000000000e+00	0.000000000000e+00	nan
3.60000000e-01	0.000000000000e+00	0.000000000000e+00	0.000000000000e+00	nan
3.61000000e-01	0.000000000000e+00	0.000000000000e+00	0.000000000000e+00	nan
3.62000000e-01	0.000000000000e+00	0.000000000000e+00	0.000000000000e+00	nan
3.63000000e-01	0.000000000000e+00	0.000000000000e+00	0.000000000000e+00	nan
3.64000000e-01	0.000000000000e+00	0.000000000000e+00	0.000000000000e+00	nan
3.65000000e-01	0.000000000000e+00	0.000000000000e+00	0.000000000000e+00	nan
3.66000000e-01	0.000000000000e+00	0.000000000000e+00	0.000000000000e+00	nan
3.67000000e-01	0.000000000000e+00	0.000000000000e+00	0.000000000000e+00	nan
3.68000000e-01	0.000000000000e+00	0.000000000000e+00	0.000000000000e+00	nan
3.69000000e-01	0.000000000000e+00	0.000000000000e+00	0.000000000000e+00	nan
3.70000000e-01	0.000000000000e+00	0.000000000000e+00	0.000000000000e+00	nan
3.71000000e-01	0.000000000000e+00	0.000000000000e+00	0.000000000000e+00	nan
3.72000000e-01	0.000000000000e+00	0.000000000000e+00	0.000000000000e+00	nan
3.73000000e-01	0.000000000000e+00	0.000000000000e+00	0.000000000000e+00	nan
3.74000000e-01	0.000000000000e+00	0.000000000000e+00	0.000000000000e+00	nan
3.75000000e-01	0.000000000000e+00	0.000000000000e+00	0.000000000000e+00	nan
3.76000000e-01	0.000000000000e+00	0.000000000000e+00	0.000000000000e+00	nan
3.77000000e-01	0.000000000000e+00	0.000000000000e+00	0.000000000000e+00	nan
3.78000000e-01	0.000000000000e+00	0.000000000000e+00	0.000000000000e+00	nan
3.79000000e-01	0.000000000000e+00	0.000000000000e+00	0.000000000000e+00	nan
3.80000000e-01	0.000000000000e+00	0.000000000000e+00	0.000000000000e+00	nan
3.81000000e-01	0.000000000000e+00	0.000000000000e+00	0.000000000000e+00	nan
3.82000000e-01	0.000000000000e+00	0.000000000000e+00	0.000000000000e+00	nan
3.83000000e-01	0.000000000000e+00	0.000000000000e+00	0.000000000000e+00	nan
3.84000000e-01	0.000000000000e+00	0.000000000000e+00	0.000000000000e+00	nan
3.85000000e-01	0.000000000000e+00	0.000000000000e+00	0.000000000000e+00	nan
3.86000000e-01	0.000000000000e+00	0.000000000000e+00	0.000000000000e+00	nan
3.87000000e-01	0.000000000000e+00	0.000000000000e+00	0.000000000000e+00	nan
3.88000000e-01	0.000000000000e+00	0.000000000000e+00	0.000000000000e+00	nan
3.89000000e-01	0.000000000000e+00	0.000000000000e+00	0.000000000000e+00	nan
3.90000000e-01	0.000000000000e+00	0.000000000000e+00	0.000000000000e+00	nan
3.91000000e-01	0.000000000000e+00	0.000000000000e+00	0.000000000000e+00	nan
3.92000000e-01	0.000000000000e+00	0.000000000000e+00	0.000000000000e+00	nan
3.93000000e-01	0.000000000000e+00	0.000000000000e+00	0.000000000000e+00	nan
3.94000000e-01	0.000000000000e+00	0.000000000000e+00	0.000000000000e+00	nan
3.95000000e-01	0.000000000000e+00	0.000000000000e+00	0.000000000000e+00	nan
3.96000000e-01	0.000000000000e+00	0.000000000000e+00	0.000000000000e+00	nan
3.97000000e-01	0.000000000000e+00	0.000000000000e+00	0.000000000000e+00	nan
3.98000000e-01	0.000000000000e+00	0.000000000000e+00	0.000000000000e+00	nan
3.99000000e-01	0.000000000000e+00	0.000000000000e+00	0.000000000000e+00	nan
4.00000000e-01	0.000000000000e+00	0.000000000000e+00	0.000000000000e+00	nan
4.01000000e-01	0.000000000000e+00	0.000000000000e+00	0.000000000000e+00	nan
4.02000000e-01	0.000000000000e+00	0.000000000000e+00	0.000000000000e+00	nan
4.03000000e-01	0.000000000000e+00	0.000000000000e+00	0.000000000000e+00	nan
4.04000000e-01	0.000000000000e+00	0.000000000000e+00	0.000000000000e+00	nan
4.05000000e-01	0.000000000000e+00	0.000000000000e+00	0.000000000000e+00	nan
4.06000000e-01	0.000000000000e+00	0.000000000000e+00	0.000000000000e+00	nan
4.07000000e-01	0.000000000000e+00	0.000000000000e+00	0.000000000000e+00	nan
4.08000000e-01	0.000000000000e+00	0.000000000000e+00	0.000000000000e+00	nan
4.09000000e-01	0.000000000000e+00	0.000000000000e+00	0.000000000000e+00	nan
4.10000000e-01	0.000000000000e+00	0.000000000000e+00	0.000000000000e+00	nan
4.11000000e-01	0.000000000000e+00	0.000000000000e+00	0.000000000000e+00	nan
4.12000000e-01	0.000000000000e+00	0.000000000000e+00	0.000000000000e+00	nan
4.13000000e-01	0.000000000000e+00	0.000000000000e+00	0.000000000000e+00	nan
4.14000000e-01	0.000000000000e+00	0.000000000000e+00	0.000000000000e+00	nan
4.15000000e-01	0.000000000000e+00	0.000000000000e+00	0.000000000000e+00	nan
4.16000000e-01	0.000000000000e+00	0.000000000000e+00	0.000000000000e+00	nan
4.17000000e-01	0.000000000000e+00	0.000000000000e+00	0.000000000000e+00	nan
4.18000000e-01	0.000000000000e+00	0.000000000000e+00	0.000000000000e+00	nan
4.19000000e-01	0.000000000000e+00	0.000000000000e+00	0.000000000000e+00	nan
4.20000000e-01	0.000000000000e+00	0.000000000000e+00	0.000000000000e+00	nan
4.21000000e-01	0.000000000000e+00	0.000000000000e+00	0.000000000000e+00	nan
4.22000000e-01	0.000000000000e+00	0.000000000000e+00	0.000000000000e+00	nan
4.23000000e-01	0.000000000000e+00	0.000000000000e+00	0.000000000000e+00	nan
4.24000000e-01	0.000000000000e+00	0.000000000000e+00	0.000000000000e+00	nan
4.25000000e-01	0.000000000000e+00	0.000000000000e+00	0.000000000000e+00	nan
4.26000000e-01	0.000000000000e+00	0.000000000000e+00	0.000000000000e+00	nan
4.27000000e-01	0.000000000000e+00	0.000000000000e+00	0.000000000000e+00	nan
4.28000000e-01	0.000000000000e+00	0.000000000000e+00	0.000000000000e+00	nan
4.29000000e-01	0.000000000000e+00	0.000000000000e+00	0.000000000000e+00	nan
4.30000000e-01	0.000000000000e+00	0.000000000000e+00	0.000000000000e+00	nan
4.31000000e-01	0.000000000000e+00	0.000000000000e+00	0.000000000000e+00	nan
4.32000000e-01	0.000000000000e+00	0.000000000000e+00	0.000000000000e+00	nan
4.33000000e-01	0.000000000000e+00	0.000000000000e+00	0.000000000000e+00	nan
4.34000000e-01	0.000000000000e+00	0.000000000000e+00	0.000000000000e+00	nan
4.35000000e-01	0.000000000000e+00	0.000000000000e+00	0.000000000000e+00	nan
4.36000000e-01	0.000000000000e+00	0.000000000000e+00	0.000000000000e+00	nan
4.37000000e-01	0.000000000000e+00	0.000000000000e+00	0.000000000000e+00	nan
4.38000000e-01	0.000000000000e+00	0.000000000000e+00	0.000000000000e+00	nan
4.39000000e-01	0.000000000000e+00	0.000000000000e+00	0.000000000000e+00	nan
4.40000000e-01	0.000000000000e+00	0.000000000000e+00	0.000000000000e+00	nan
4.41000000e-01	0.000000000000e+00	0.000000000000e+00	0.000000000000e+00	nan
4.42000000e-01	0.000000000000e+00	0.000000000000e+00	0.000000000000e+00	nan
4.43000000e-01	0.000000000000e+00	0.000000000000e+00	0.000000000000e+00	nan
4.44000000e-01	0.000000000000e+00	0.000000000000e+00	0.000000000000e+00	nan
4.45000000e-01	0.000000000000e+00	0.000000000000e+00	0.000000000000e+00	nan
4.46000000e-01	0.000000000000e+00	0.000000000000e+00	0.000000000000e+00	nan
4.47000000e-01	0.000000000000e+00	0.000000000000e+00	0.000000000000e+00	nan
4.48000000e-01	0.000000000000e+00	0.000000000000e+00	0.000000000000e+00	nan
4.49000000e-01	0.000000000000e+00	0.000000000000e+00	0.000000000000e+00	nan
4.50000000e-01	0.000000000000e+00	0.000000000000e+00	0.000000000000e+00	nan
4.51000000e-01	0.000000000000e+00	0.000000000000e+00	0.000000000000e+00	nan
4.52000000e-01	0.000000000000e+00	0.000000000000e+00	0.000000000000e+00	nan
4.53000000e-01	0.000000000000e+00	0.000000000000e+00	0.000000000000e+00	nan
4.54000000e-01	0.000000000000e+00	0.000000000000e+00	0.000000000000e+00	nan
4.55000000e-01	0.000000000000e+00	0.000000000000e+00	0.000000000000e+00	nan
4.56000000e-01	0.000000000000e+00	0.000000000000e+00	0.000000000000e+00	nan
4.57000000e-01	0.000000000000e+00	0.000000000000e+00	0.000000000000e+00	nan
4.58000000e-01	0.000000000000e+00	0.000000000000e+00	0.000000000000e+00	nan
4.59000000e-01	0.000000000000e+00	0.000000000000e+00	0.000000000000e+00	nan
4.60000000e-01	0.000000000000e+00	0.000000000000e+00	0.000000000000e+00	nan
4.61000000e-01	0.000000000000e+00	0.000000000000e+00	0.000000000000e+00	nan
4.62000000e-01	0.000000000000e+00	0.000000000000e+00	0.000000000000e+00	nan
4.63000000e-01	0.000000000000e+00	0.000000000000e+00	0.000000000000e+00	nan
4.64000000e-01	0.000000000000e+00	0.000000000000e+00	0.000000000000e+00	nan
4.65000000e-01	0.000000000000e+00	0.000000000000e+00	0.000000000000e+00	nan
4.66000000e-01	0.000000000000e+00	0.000000000000e+00	0.000000000000e+00	nan
4.67000000e-01	0.000000000000e+00	0.000000000000e+00	0.000000000000e+00	nan
4.68000000e-01	0.000000000000e+00	0.000000000000e+00	0.000000000000e+00	nan
4.69000000e-01	0.000000000000e+00	0.000000000000e+00	0.000000000000e+00	nan
4.70000000e-01	0.000000000000e+00	0.000000000000e+00	0.000000000000e+00	nan
4.71000000e-01	0.000000000000e+00	0.000000000000e+00	0.000000000000e+00	nan
4.72000000e-01	0.000000000000e+00	0.000000000000e+00	0.000000000000e+00	nan
4.73000000e-01	0.000000000000e+00	0.000000000000e+00	0.000000000000e+00	nan
4.74000000e-01	0.000000000000e+00	0.000000000000e+00	0.000000000000e+00	nan
4.75000000e-01	0.000000000000e+00	0.000000000000e+00	0.000000000000e+00	nan
4.76000000e-01	0.000000000000e+00	0.000000000000e+00	0.000000000000e+00	nan
4.77000000e-01	0.000000000000e+00	0.000000000000e+00	0.000000000000e+00	nan
4.78000000e-01	0.000000000000e+00	0.000000000000e+00	0.000000000000e+00	nan
4.79000000e-01	0.000000000000e+00	0.000000000000e+00	0.000000000000e+00	nan
4.80000000e-01	0.000000000000e+00	0.000000000000e+00	0.000000000000e+00	nan
4.81000000e-01	0.000000000000e+00	0.000000000000e+00	0.000000000000e+00	nan
4.82000000e-01	0.000000000000e+00	0.000000000000e+00	0.000000000000e+00	nan
4.83000000e-01	0.000000000000e+00	0.000000000000e+00	0.000000000000e+00	nan
4.84000000e-01	0.000000000000e+00	0.000000000000e+00	0.000000000000e+00	nan
4.85000000e-01	0.000000000000e+00	0.000000000000e+00	0.000000000000e+00	nan
4.86000000e-01	0.000000000000e+00	0.000000000000e+00	0.000000000000e+00	nan
4.87000000e-01	0.000000000000e+00	0.000000000000e+00	0.000000000000e+00	nan
4.88000000e-01	0.000000000000e+00	0.000000000000e+00	0.000000000000e+00	nan
4.89000000e-01	0.000000000000e+00	0.000000000000e+00	0.000000000000e+00	nan
4.90000000e-01	0.000000000000e+00	0.000000000000e+00	0.000000000000e+00	nan
4.91000000e-01	0.000000000000e+00	0.000000000000e+00	0.000000000000e+00	nan
4.92000000e-01	0.000000000000e+00	0.000000000000e+00	0.000000000000e+00	nan
4.93000000e-01	0.000000000000e+00	0.000000000000e+00	0.000000000000e+00	nan
4.94000000e-01	0.000000000000e+00	0.000000000000e+00	0.000000000000e+00	nan
4.95000000e-01	0.000000000000e+00	0.000000000000e+00	0.000000000000e+00	nan
4.96000000e-01	0.000000000000e+00	0.000000000000e+00	0.000000000000e+00	nan
4.97000000e-01	0.000000000000e+00	0.000000000000e+00	0.000000000000e+00	nan
4.98000000e-01	0.000000000000e+00	0.000000000000e+00	0.000000000000e+00	nan
4.99000000e-01	0.000000000000e+00	0.000000000000e+00	0.000000000000e+00	nan
5.00000000e-01	0.000000000000e+00	0.000000000000e+00	0.000000000000e+00	nan
5.01000000e-01	0.000000000000e+00	0.000000000000e+00	0.000000000000e+00	nan
5.02000000e-01	0.000000000000e+00	0.000000000000e+00	0.000000000000e+00	nan
5.03000000e-01	0.000000000000e+00	0.000000000000e+00	0.000000000000e+00	nan
5.04000000e-01	0.000000000000e+00	0.000000000000e+00	0.000000000000e+00	nan
5.05000000e-01	0.000000000000e+00	0.000000000000e+00	0.000000000000e+00	nan
5.06000000e-01	0.000000000000e+00	0.000000000000e+00	0.000000000000e+00	nan
5.07000000e-01	0.000000000000e+00	0.000000000000e+00	0.000000000000e+00	nan
5.08000000e-01	0.000000000000e+00	0.000000000000e+00	0.000000000000e+00	nan
5.09000000e-01	0.000000000000e+00	0.000000000000e+00	0.000000000000e+00	nan
5.10000000e-01	0.000000000000e+00	0.000000000000e+00	0.000000000000e+00	nan
5.11000000e-01	0.000000000000e+00	0.000000000000e+00	0.000000000000e+00	nan
5.12000000e-01	0.000000000000e+00	0.000000000000e+00	0.000000000000e+00	nan
5.13000000e-01	0.000000000000e+00	0.000000000000e+00	0.000000000000e+00	nan
5.14000000e-01	0.000000000000e+00	0.000000000000e+00	0.000000000000e+00	nan
5.15000000e-01	0.000000000000e+00	0.000000000000e+00	0.000000000000e+00	nan
5.16000000e-01	0.000000000000e+00	0.000000000000e+00	0.000000000000e+00	nan
5.17000000e-01	0.000000000000e+00	0.000000000000e+00	0.000000000000e+00	nan
5.18000000e-01	0.000000000000e+00	0.000000000000e+00	0.000000000000e+00	nan
5.19000000e-01	0.000000000000e+00	0.000000000000e+00	0.000000000000e+00	nan
5.20000000e-01	0.000000000000e+00	0.000000000000e+00	0.000000000000e+00	nan
5.21000000e-01	0.000000000000e+00	0.000000000000e+00	0.000000000000e+00	nan
5.22000000e-01	0.000000000000e+00	0.000000000000e+00	0.000000000000e+00	nan
5.23000000e-01	0.000000000000e+00	0.000000000000e+00	0.000000000000e+00	nan
5.24000000e-01	0.000000000000e+00	0.000000000000e+00	0.000000000000e+00	nan
5.25000000e-01	0.000000000000e+00	0.000000000000e+00	0.000000000000e+00	nan
5.26000000e-01	0.000000000000e+00	0.000000000000e+00	0.000000000000e+00	nan
5.27000000e-01	0.000000000000e+00	0.000000000000e+00	0.000000000000e+00	nan
5.28000000e-01	0.000000000000e+00	0.000000000000e+00	0.000000000000e+00	nan
5.29000000e-01	0.000000000000e+00	0.000000000000e+00	0.000000000000e+00	nan
5.30000000e-01	0.000000000000e+00	0.000000000000e+00	0.000000000000e+00	nan
5.31000000e-01	0.000000000000e+00	0.000000000000e+00	0.000000000000e+00	nan
5.32000000e-01	0.000000000000e+00	0.000000000000e+00	0.000000000000e+00	nan
5.33000000e-01	0.000000000000e+00	0.000000000000e+00	0.000000000000e+00	nan
5.34000000e-01	0.000000000000e+00	0.000000000000e+00	0.000000000000e+00	nan
5.35000000e-01	0.000000000000e+00	0.000000000000e+00	0.000000000000e+00	nan
5.36000000e-01	0.000000000000e+00	0.000000000000e+00	0.000000000000e+00	nan
5.37000000e-01	0.000000000000e+00	0.000000000000e+00	0.000000000000e+00	nan
5.38000000e-01	0.000000000000e+00	0.000000000000e+00	0.000000000000e+00	nan
5.39000000e-01	0.000000000000e+00	0.000000000000e+00	0.000000000000e+00	nan
5.40000000e-01	0.000000000000e+00	0.000000000000e+00	0.000000000000e+00	nan
5.41000000e-01	0.000000000000e+00	0.000000000000e+00	0.000000000000e+00	nan
5.42000000e-01	0.000000000000e+00	0.000000000000e+00	0.000000000000e+00	nan
5.43000000e-01	0.000000000000e+00	0.000000000000e+00	0.000000000000e+00	nan
5.44000000e-01	0.000000000000e+00	0.000000000000e+00	0.000000000000e+00	nan
5.45000000e-01	0.000000000000e+00	0.000000000000e+00	0.000000000000e+00	nan
5.46000000e-01	0.000000000000e+00	0.000000000000e+00	0.000000000000e+00	nan
5.47000000e-01	0.000000000000e+00	0.000000000000e+00	0.000000000000e+00	nan
5.48000000e-01	0.000000000000e+00	0.000000000000e+00	0.000000000000e+00	nan
5.49000000e-01	0.000000000000e+00	0.000000000000e+00	0.000000000000e+00	nan
5.50000000e-01	0.000000000000e+00	0.000000000000e+00	0.000000000000e+00	nan
5.51000000e-01	0.000000000000e+00	0.000000000000e+00	0.000000000000e+00	nan
5.52000000e-01	0.000000000000e+00	0.000000000000e+00	0.000000000000e+00	nan
5.53000000e-01	0.000000000000e+00	0.000000000000e+00	0.000000000000e+00	nan
5.54000000e-01	0.000000000000e+00	0.000000000000e+00	0.000000000000e+00	nan
5.55000000e-01	0.000000000000e+00	0.000000000000e+00	0.000000000000e+00	nan
5.56000000e-01	0.000000000000e+00	0.000000000000e+00	0.000000000000e+00	nan
5.57000000e-01	0.000000000000e+00	0.000000000000e+00	0.000000000000e+00	nan
5.58000000e-01	0.000000000000e+00	0.000000000000e+00	0.000000000000e+00	nan
5.59000000e-01	0.000000000000e+00	0.000000000000e+00	0.000000000000e+00	nan
5.60000000e-01	0.000000000000e+00	0.000000000000e+00	0.000000000000e+00	nan
5.61000000e-01	0.000000000000e+00	0.000000000000e+00	0.000000000000e+00	nan
5.62000000e-01	0.000000000000e+00	0.000000000000e+00	0.000000000000e+00	nan
5.63000000e-01	0.000000000000e+00	0.000000000000e+00	0.000000000000e+00	nan
5.64000000e-01	0.000000000000e+00	0.000000000000e+00	0.000000000000e+00	nan
5.65000000e-01	0.000000000000e+00	0.000000000000e+00	0.000000000000e+00	nan
5.66000000e-01	0.000000000000e+00	0.000000000000e+00	0.000000000000e+00	nan
5.67000000e-01	0.000000000000e+00	0.000000000000e+00	0.000000000000e+00	nan
5.68000000e-01	0.000000000000e+00	0.000000000000e+00	0.000000000000e+00	nan
5.69000000e-01	0.000000000000e+00	0.000000000000e+00	0.000000000000e+00	nan
5.70000000e-01	0.000000000000e+00	0.000000000000e+00	0.000000000000e+00	nan
5.71000000e-01	0.000000000000e+00	0.000000000000e+00	0.000000000000e+00	nan
5.72000000e-01	0.000000000000e+00	0.000000000000e+00	0.000000000000e+00	nan
5.73000000e-01	0.000000000000e+00	0.000000000000e+00	0.000000000000e+00	nan
5.74000000e-01	0.000000000000e+00	0.000000000000e+00	0.000000000000e+00	nan
5.75000000e-01	0.000000000000e+00	0.000000000000e+00	0.000000000000e+00	nan
5.76000000e-01	0.000000000000e+00	0.000000000000e+00	0.000000000000e+00	nan
5.77000000e-01	0.000000000000e+00	0.000000000000e+00	0.000000000000e+00	nan
5.78000000e-01	0.000000000000e+00	0.000000000000e+00	0.000000000000e+00	nan
5.79000000e-01	0.000000000000e+00	0.000000000000e+00	0.000000000000e+00	nan
5.80000000e-01	0.000000000000e+00	0.000000000000e+00	0.000000000000e+00	nan
5.81000000e-01	0.000000000000e+00	0.000000000000e+00	0.000000000000e+00	nan
5.82000000e-01	0.000000000000e+00	0.000000000000e+00	0.000000000000e+00	nan
5.83000000e-01	0.000000000000e+00	0.000000000000e+00	0.000000000000e+00	nan
5.84000000e-01	0.000000000000e+00	0.000000000000e+00	0.000000000000e+00	nan
5.85000000e-01	0.000000000000e+00	0.000000000000e+00	0.000000000000e+00	nan
5.86000000e-01	0.000000000000e+00	0.000000000000e+00	0.000000000000e+00	nan
5.87000000e-01	0.000000000000e+00	0.000000000000e+00	0.000000000000e+00	nan
5.88000000e-01	0.000000000000e+00	0.000000000000e+00	0.000000000000e+00	nan
5.89000000e-01	0.000000000000e+00	0.000000000000e+00	0.000000000000e+00	nan
5.90000000e-01	0.000000000000e+00	0.000000000000e+00	0.000000000000e+00	nan
5.91000000e-01	0.000000000000e+00	0.000000000000e+00	0.000000000000e+00	nan
5.92000000e-01	0.000000000000e+00	0.000000000000e+00	0.000000000000e+00	nan
5.93000000e-01	0.000000000000e+00	0.000000000000e+00	0.000000000000e+00	nan
5.94000000e-01	0.000000000000e+00	0.000000000000e+00	0.000000000000e+00	nan
5.95000000e-01	0.000000000000e+00	0.000000000000e+00	0.000000000000e+00	nan
5.96000000e-01	0.000000000000e+00	0.000000000000e+00	0.000000000000e+00	nan
5.97000000e-01	0.000000000000e+00	0.000000000000e+00	0.000000000000e+00	nan
5.98000000e-01	0.000000000000e+00	0.000000000000e+00	0.000000000000e+00	nan
5.99000000e-01	0.000000000000e+00	0.000000000000e+00	0.000000000000e+00	nan
6.00000000e-01	0.000000000000e+00	0.000000000000e+00	0.000000000000e+00	nan
6.01000000e-01	0.000000000000e+00	0.000000000000e+00	0.000000000000e+00	nan
6.02000000e-01	0.000000000000e+00	0.000000000000e+00	0.000000000000e+00	nan
6.03000000e-01	0.000000000000e+00	0.000000000000e+00	0.000000000000e+00	nan
6.04000000e-01	0.000000000000e+00	0.000000000000e+00	0.000000000000e+00	nan
6.05000000e-01	0.000000000000e+00	0.000000000000e+00	0.000000000000e+00	nan
6.06000000e-01	0.000000000000e+00	0.000000000000e+00	0.000000000000e+00	nan
6.07000000e-01	0.000000000000e+00	0.000000000000e+00	0.000000000000e+00	nan
6.08000000e-01	0.000000000000e+00	0.000000000000e+00	0.000000000000e+00	nan
6.09000000e-01	0.000000000000e+00	0.000000000000e+00	0.000000000000e+00	nan
6.10000000e-01	0.000000000000e+00	0.000000000000e+00	0.000000000000e+00	nan
6.11000000e-01	0.000000000000e+00	0.000000000000e+00	0.000000000000e+00	nan
6.12000000e-01	0.000000000000e+00	0.000000000000e+00	0.000000000000e+00	nan
6.13000000e-01	0.000000000000e+00	0.000000000000e+00	0.000000000000e+00	nan
6.14000000e-01	0.000000000000e+00	0.000000000000e+00	0.000000000000e+00	nan
6.15000000e-01	0.000000000000e+00	0.000000000000e+00	0.000000000000e+00	nan
6.16000000e-01	0.000000000000e+00	0.000000000000e+00	0.000000000000e+00	nan
6.17000000e-01	0.000000000000e+00	0.000000000000e+00	0.000000000000e+00	nan
6.18000000e-01	0.000000000000e+00	0.000000000000e+00	0.000000000000e+00	nan
6.19000000e-01	0.000000000000e+00	0.000000000000e+00	0.000000000000e+00	nan
6.20000000e-01	0.000000000000e+00	0.000000000000e+00	0.000000000000e+00	nan
6.21000000e-01	0.000000000000e+00	0.000000000000e+00	0.000000000000e+00	nan
6.22000000e-01	0.000000000000e+00	0.000000000000e+00	0.000000000000e+00	nan
6.23000000e-01	0.000000000000e+00	0.000000000000e+00	0.000000000000e+00	nan
6.24000000e-01	0.000000000000e+00	0.000000000000e+00	0.000000000000e+00	nan
6.25000000e-01	0.000000000000e+00	0.000000000000e+00	0.000000000000e+00	nan
6.26000000e-01	0.000000000000e+00	0.000000000000e+00	0.000000000000e+00	nan
6.27000000e-01	0.000000000000e+00	0.000000000000e+00	0.000000000000e+00	nan
6.28000000e-01	0.000000000000e+00	0.000000000000e+00	0.000000000000e+00	nan
6.29000000e-01	0.000000000000e+00	0.000000000000e+00	0.000000000000e+00	nan
6.30000000e-01	0.000000000000e+00	0.000000000000e+00	0.000000000000e+00	nan
6.31000000e-01	0.000000000000e+00	0.000000000000e+00	0.000000000000e+00	nan
6.32000000e-01	0.000000000000e+00	0.000000000000e+00	0.000000000000e+00	nan
6.33000000e-01	0.000000000000e+00	0.000000000000e+00	0.000000000000e+00	nan
6.34000000e-01	0.000000000000e+00	0.000000000000e+00	0.000000000000e+00	nan
6.35000000e-01	0.000000000000e+00	0.000000000000e+00	0.000000000000e+00	nan
6.36000000e-01	0.000000000000e+00	0.000000000000e+00	0.000000000000e+00	nan
6.37000000e-01	0.000000000000e+00	0.000000000000e+00	0.000000000000e+00	nan
6.38000000e-01	0.000000000000e+00	0.000000000000e+00	0.000000000000e+00	nan
6.39000000e-01	0.000000000000e+00	0.000000000000e+00	0.000000000000e+00	nan
6.40000000e-01	0.000000000000e+00	0.000000000000e+00	0.000000000000e+00	nan
6.41000000e-01	0.000000000000e+00	0.000000000000e+00	0.000000000000e+00	nan
6.42000000e-01	0.000000000000e+00	0.000000000000e+00	0.000000000000e+00	nan
6.43000000e-01	0.000000000000e+00	0.000000000000e+00	0.000000000000e+00	nan
6.44000000e-01	0.000000000000e+00	0.000000000000e+00	0.000000000000e+00	nan
6.45000000e-01	0.000000000000e+00	0.000000000000e+00	0.000000000000e+00	nan
6.46000000e-01	0.000000000000e+00	0.000000000000e+00	0.000000000000e+00	nan
6.47000000e-01	0.000000000000e+00	0.000000000000e+00	0.000000000000e+00	nan
6.48000000e-01	0.000000000000e+00	0.000000000000e+00	0.000000000000e+00	nan
6.49000000e-01	0.000000000000e+00	0.000000000000e+00	0.000000000000e+00	nan
6.50000000e-01	0.000000000000e+00	0.000000000000e+00	0.000000000000e+00	nan
6.51000000e-01	0.000000000000e+00	0.000000000000e+00	0.000000000000e+00	nan
6.52000000e-01	0.000000000000e+00	0.000000000000e+00	0.000000000000e+00	nan
6.53000000e-01	0.000000000000e+00	0.000000000000e+00	0.000000000000e+00	nan
6.54000000e-01	0.000000000000e+00	0.000000000000e+00	0.000000000000e+00	nan
6.55000000e-01	0.000000000000e+00	0.000000000000e+00	0.000000000000e+00	nan
6.56000000e-01	0.000000000000e+00	0.000000000000e+00	0.000000000000e+00	nan
6.57000000e-01	0.000000000000e+00	0.000000000000e+00	0.000000000000e+00	nan
6.58000000e-01	0.000000000000e+00	0.000000000000e+00	0.000000000000e+00	nan
6.59000000e-01	0.000000000000e+00	0.000000000000e+00	0.000000000000e+00	nan
6.60000000e-01	0.000000000000e+00	0.000000000000e+00	0.000000000000e+00	nan
6.61000000e-01	0.000000000000e+00	0.000000000000e+00	0.000000000000e+00	nan
6.62000000e-01	0.000000000000e+00	0.000000000000e+00	0.000000000000e+00	nan
6.63000000e-01	0.000000000000e+00	0.000000000000e+00	0.000000000000e+00	nan
6.64000000e-01	0.000000000000e+00	0.000000000000e+00	0.000000000000e+00	nan
6.65000000e-01	0.000000000000e+00	0.000000000000e+00	0.000000000000e+00	nan
6.66000000e-01	0.000000000000e+00	0.000000000000e+00	0.000000000000e+00	nan
6.67000000e-01	0.000000000000e+00	0.000000000000e+00	0.000000000000e+00	nan
6.68000000e-01	0.000000000000e+00	0.000000000000e+00	0.000000000000e+00	nan
6.69000000e-01	0.000000000000e+00	0.000000000000e+00	0.000000000000e+00	nan
6.70000000e-01	0.000000000000e+00	0.000000000000e+00	0.000000000000e+00	nan
6.71000000e-01	0.000000000000e+00	0.000000000000e+00	0.000000000000e+00	nan
6.72000000e-01	0.000000000000e+00	0.000000000000e+00	0.000000000000e+00	nan
6.73000000e-01	0.000000000000e+00	0.000000000000e+00	0.000000000000e+00	nan
6.74000000e-01	0.000000000000e+00	0.000000000000e+00	0.000000000000e+00	nan
6.75000000e-01	0.000000000000e+00	0.000000000000e+00	0.000000000000e+00	nan
6.76000000e-01	0.000000000000e+00	0.000000000000e+00	0.000000000000e+00	nan
6.77000000e-01	0.000000000000e+00	0.000000000000e+00	0.000000000000e+00	nan
6.78000000e-01	0.000000000000e+00	0.000000000000e+00	0.000000000000e+00	nan
6.79000000e-01	0.000000000000e+00	0.000000000000e+00	0.000000000000e+00	nan
6.80000000e-01	0.000000000000e+00	0.000000000000e+00	0.000000000000e+00	nan
6.81000000e-01	0.000000000000e+00	0.000000000000e+00	0.000000000000e+00	nan
6.82000000e-01	0.000000000000e+00	0.000000000000e+00	0.000000000000e+00	nan
6.83000000e-01	0.000000000000e+00	0.000000000000e+00	0.000000000000e+00	nan
6.84000000e-01	0.000000000000e+00	0.000000000000e+00	0.000000000000e+00	nan
6.85000000e-01	0.000000000000e+00	0.000000000000e+00	0.000000000000e+00	nan
6.86000000e-01	0.000000000000e+00	0.000000000000e+00	0.000000000000e+00	nan
6.87000000e-01	0.000000000000e+00	0.000000000000e+00	0.000000000000e+00	nan
6.88000000e-01	0.000000000000e+00	0.000000000000e+00	0.000000000000e+00	nan
6.89000000e-01	0.000000000000e+00	0.000000000000e+00	0.000000000000e+00	nan
6.90000000e-01	0.000000000000e+00	0.000000000000e+00	0.000000000000e+00	nan
6.91000000e-01	0.000000000000e+00	0.000000000000e+00	0.000000000000e+00	nan
6.92000000e-01	0.000000000000e+00	0.000000000000e+00	0.000000000000e+00	nan
6.93000000e-01	0.000000000000e+00	0.000000000000e+00	0.000000000000e+00	nan
6.94000000e-01	0.000000000000e+00	0.000000000000e+00	0.000000000000e+00	nan
6.95000000e-01	0.000000000000e+00	0.000000000000e+00	0.000000000000e+00	nan
6.96000000e-01	0.000000000000e+00	0.000000000000e+00	0.000000000000e+00	nan
6.97000000e-01	0.000000000000e+00	0.000000000000e+00	0.000000000000e+00	nan
6.98000000e-01	0.000000000000e+00	0.000000000000e+00	0.000000000000e+00	nan
6.99000000e-01	0.000000000000e+00	0.000000000000e+00	0.000000000000e+00	nan
7.00000000e-01	0.000000000000e+00	0.000000000000e+00	0.000000000000e+00	nan
7.01000000e-01	0.000000000000e+00	0.000000000000e+00	0.000000000000e+00	nan
7.02000000e-01	0.000000000000e+00	0.000000000000e+00	0.000000000000e+00	nan
7.03000000e-01	0.000000000000e+00	0.000000000000e+00	0.000000000000e+00	nan
7.04000000e-01	0.000000000000e+00	0.000000000000e+00	0.000000000000e+00	nan
7.05000000e-01	0.000000000000e+00	0.000000000000e+00	0.000000000000e+00	nan
7.06000000e-01	0.000000000000e+00	0.000000000000e+00	0.000000000000e+00	nan
7.07000000e-01	0.000000000000e+00	0.000000000000e+00	0.000000000000e+00	nan
7.08000000e-01	0.000000000000e+00	0.000000000000e+00	0.000000000000e+00	nan
7.09000000e-01	0.000000000000e+00	0.000000000000e+00	0.000000000000e+00	nan
7.10000000e-01	0.000000000000e+00	0.000000000000e+00	0.000000000000e+00	nan
7.11000000e-01	0.000000000000e+00	0.000000000000e+00	0.000000000000e+00	nan
7.12000000e-01	0.000000000000e+00	0.000000000000e+00	0.000000000000e+00	nan
7.13000000e-01	0.000000000000e+00	0.000000000000e+00	0.000000000000e+00	nan
7.14000000e-01	0.000000000000e+00	0.000000000000e+00	0.000000000000e+00	nan
7.15000000e-01	0.000000000000e+00	0.000000000000e+00	0.000000000000e+00	nan
7.16000000e-01	0.000000000000e+00	0.000000000000e+00	0.000000000000e+00	nan
7.17000000e-01	0.000000000000e+00	0.000000000000e+00	0.000000000000e+00	nan
7.18000000e-01	0.000000000000e+00	0.000000000000e+00	0.000000000000e+00	nan
7.19000000e-01	0.000000000000e+00	0.000000000000e+00	0.000000000000e+00	nan
7.20000000e-01	0.000000000000e+00	0.000000000000e+00	0.000000000000e+00	nan
7.21000000e-01	0.000000000000e+00	0.000000000000e+00	0.000000000000e+00	nan
7.22000000e-01	0.000000000000e+00	0.000000000000e+00	0.000000000000e+00	nan
7.23000000e-01	0.000000000000e+00	0.000000000000e+00	0.000000000000e+00	nan
7.24000000e-01	0.000000000000e+00	0.000000000000e+00	0.000000000000e+00	nan
7.25000000e-01	0.000000000000e+00	0.000000000000e+00	0.000000000000e+00	nan
7.26000000e-01	0.000000000000e+00	0.000000000000e+00	0.000000000000e+00	nan
7.27000000e-01	0.000000000000e+00	0.000000000000e+00	0.000000000000e+00	nan
7.28000000e-01	0.000000000000e+00	0.000000000000e+00	0.000000000000e+00	nan
7.29000000e-01	0.000000000000e+00	0.000000000000e+00	0.000000000000e+00	nan
7.30000000e-01	0.000000000000e+00	0.000000000000e+00	0.000000000000e+00	nan
7.31000000e-01	0.000000000000e+00	0.000000000000e+00	0.000000000000e+00	nan
7.32000000e-01	0.000000000000e+00	0.000000000000e+00	0.000000000000e+00	nan
7.33000000e-01	0.000000000000e+00	0.000000000000e+00	0.000000000000e+00	nan
7.34000000e-01	0.000000000000e+00	0.000000000000e+00	0.000000000000e+00	nan
7.35000000e-01	0.000000000000e+00	0.000000000000e+00	0.000000000000e+00	nan
7.36000000e-01	0.000000000000e+00	0.000000000000e+00	0.000000000000e+00	nan
7.37000000e-01	0.000000000000e+00	0.000000000000e+00	0.000000000000e+00	nan
7.38000000e-01	0.000000000000e+00	0.000000000000e+00	0.000000000000e+00	nan
7.39000000e-01	0.000000000000e+00	0.000000000000e+00	0.000000000000e+00	nan
7.40000000e-01	0.000000000000e+00	0.000000000000e+00	0.000000000000e+00	nan
7.41000000e-01	0.000000000000e+00	0.000000000000e+00	0.000000000000e+00	nan
7.42000000e-01	0.000000000000e+00	0.000000000000e+00	0.000000000000e+00	nan
7.43000000e-01	0.000000000000e+00	0.000000000000e+00	0.000000000000e+00	nan
7.44000000e-01	0.000000000000e+00	0.000000000000e+00	0.000000000000e+00	nan
7.45000000e-01	0.000000000000e+00	0.000000000000e+00	0.000000000000e+00	nan
7.46000000e-01	0.000000000000e+00	0.000000000000e+00	0.000000000000e+00	nan
7.47000000e-01	0.000000000000e+00	0.000000000000e+00	0.000000000000e+00	nan
7.48000000e-01	0.000000000000e+00	0.000000000000e+00	0.000000000000e+00	nan
7.49000000e-01	0.000000000000e+00	0.000000000000e+00	0.000000000000e+00	nan
7.50000000e-01	0.000000000000e+00	0.000000000000e+00	0.000000000000e+00	nan
7.51000000e-01	0.000000000000e+00	0.000000000000e+00	0.000000000000e+00	nan
7.52000000e-01	0.000000000000e+00	0.000000000000e+00	0.000000000000e+00	nan
7.53000000e-01	0.000000000000e+00	0.000000000000e+00	0.000000000000e+00	nan
7.54000000e-01	0.000000000000e+00	0.000000000000e+00	0.000000000000e+00	nan
7.55000000e-01	0.000000000000e+00	0.000000000000e+00	0.000000000000e+00	nan
7.56000000e-01	0.000000000000e+00	0.000000000000e+00	0.000000000000e+00	nan
7.57000000e-01	0.000000000000e+00	0.000000000000e+00	0.000000000000e+00	nan
7.58000000e-01	0.000000000000e+00	0.000000000000e+00	0.000000000000e+00	nan
7.59000000e-01	0.000000000000e+00	0.000000000000e+00	0.000000000000e+00	nan
7.60000000e-01	0.000000000000e+00	0.000000000000e+00	0.000000000000e+00	nan
7.61000000e-01	0.000000000000e+00	0.000000000000e+00	0.000000000000e+00	nan
7.62000000e-01	0.000000000000e+00	0.000000000000e+00	0.000000000000e+00	nan
7.63000000e-01	0.000000000000e+00	0.000000000000e+00	0.000000000000e+00	nan
7.64000000e-01	0.000000000000e+00	0.000000000000e+00	0.000000000000e+00	nan
7.65000000e-01	0.000000000000e+00	0.000000000000e+00	0.000000000000e+00	nan
7.66000000e-01	0.000000000000e+00	0.000000000000e+00	0.000000000000e+00	nan
7.67000000e-01	0.000000000000e+00	0.000000000000e+00	0.000000000000e+00	nan
7.68000000e-01	0.000000000000e+00	0.000000000000e+00	0.000000000000e+00	nan
7.69000000e-01	0.000000000000e+00	0.000000000000e+00	0.000000000000e+00	nan
7.70000000e-01	0.000000000000e+00	0.000000000000e+00	0.000000000000e+00	nan
7.71000000e-01	0.000000000000e+00	0.000000000000e+00	0.000000000000e+00	nan
7.72000000e-01	0.000000000000e+00	0.000000000000e+00	0.000000000000e+00	nan
7.73000000e-01	0.000000000000e+00	0.000000000000e+00	0.000000000000e+00	nan
7.74000000e-01	0.000000000000e+00	0.000000000000e+00	0.000000000000e+00	nan
7.75000000e-01	0.000000000000e+00	0.000000000000e+00	0.000000000000e+00	nan
7.76000000e-01	0.000000000000e+00	0.000000000000e+00	0.000000000000e+00	nan
7.77000000e-01	0.000000000000e+00	0.000000000000e+00	0.000000000000e+00	nan
7.78000000e-01	0.000000000000e+00	0.000000000000e+00	0.000000000000e+00	nan
7.79000000e-01	0.000000000000e+00	0.000000000000e+00	0.000000000000e+00	nan
7.80000000e-01	0.000000000000e+00	0.000000000000e+00	0.000000000000e+00	nan
7.81000000e-01	0.000000000000e+00	0.000000000000e+00	0.000000000000e+00	nan
7.82000000e-01	0.000000000000e+00	0.000000000000e+00	0.000000000000e+00	nan
7.83000000e-01	0.000000000000e+00	0.000000000000e+00	0.000000000000e+00	nan
7.84000000e-01	0.000000000000e+00	0.000000000000e+00	0.000000000000e+00	nan
7.85000000e-01	0.000000000000e+00	0.000000000000e+00	0.000000000000e+00	nan
7.86000000e-01	0.000000000000e+00	0.000000000000e+00	0.000000000000e+00	nan
7.87000000e-01	0.000000000000e+00	0.000000000000e+00	0.000000000000e+00	nan
7.88000000e-01	0.000000000000e+00	0.000000000000e+00	0.000000000000e+00	nan
7.89000000e-01	0.000000000000e+00	0.000000000000e+00	0.000000000000e+00	nan
7.90000000e-01	0.000000000000e+00	0.000000000000e+00	0.000000000000e+00	nan
7.91000000e-01	0.000000000000e+00	0.000000000000e+00	0.000000000000e+00	nan
7.92000000e-01	0.000000000000e+00	0.000000000000e+00	0.000000000000e+00	nan
7.93000000e-01	0.000000000000e+00	0.000000000000e+00	0.000000000000e+00	nan
7.94000000e-01	0.000000000000e+00	0.000000000000e+00	0.000000000000e+00	nan
7.95000000e-01	0.000000000000e+00	0.000000000000e+00	0.000000000000e+00	nan
7.96000000e-01	0.000000000000e+00	0.000000000000e+00	0.000000000000e+00	nan
7.97000000e-01	0.000000000000e+00	0.000000000000e+00	0.000000000000e+00	nan
7.98000000e-01	0.000000000000e+00	0.000000000000e+00	0.000000000000e+00	nan
7.99000000e-01	0.000000000000e+00	0.000000000000e+00	0.000000000000e+00	nan
8.00000000e-01	0.000000000000e+00	0.000000000000e+00	0.000000000000e+00	nan
8.01000000e-01	0.000000000000e+00	0.000000000000e+00	0.000000000000e+00	nan
8.02000000e-01	0.000000000000e+00	0.000000000000e+00	0.000000000000e+00	nan
8.03000000e-01	0.000000000000e+00	0.000000000000e+00	0.000000000000e+00	nan
8.04000000e-01	0.000000000000e+00	0.000000000000e+00	0.000000000000e+00	nan
8.05000000e-01	0.000000000000e+00	0.000000000000e+00	0.000000000000e+00	nan
8.06000000e-01	0.000000000000e+00	0.000000000000e+00	0.000000000000e+00	nan
8.07000000e-01	0.000000000000e+00	0.000000000000e+00	0.000000000000e+00	nan
8.08000000e-01	0.000000000000e+00	0.000000000000e+00	0.000000000000e+00	nan
8.09000000e-01	0.000000000000e+00	0.000000000000e+00	0.000000000000e+00	nan
8.10000000e-01	0.000000000000e+00	0.000000000000e+00	0.000000000000e+00	nan
8.11000000e-01	0.000000000000e+00	0.000000000000e+00	0.000000000000e+00	nan
8.12000000e-01	0.000000000000e+00	0.000000000000e+00	0.000000000000e+00	nan
8.13000000e-01	0.000000000000e+00	0.000000000000e+00	0.000000000000e+00	nan
8.14000000e-01	0.000000000000e+00	0.000000000000e+00	0.000000000000e+00	nan
8.15000000e-01	0.000000000000e+00	0.000000000000e+00	0.000000000000e+00	nan
8.16000000e-01	0.000000000000e+00	0.000000000000e+00	0.000000000000e+00	nan
8.17000000e-01	0.000000000000e+00	0.000000000000e+00	0.000000000000e+00	nan
8.18000000e-01	0.000000000000e+00	0.000000000000e+00	0.000000000000e+00	nan
8.19000000e-01	0.000000000000e+00	0.000000000000e+00	0.000000000000e+00	nan
8.20000000e-01	0.000000000000e+00	0.000000000000e+00	0.000000000000e+00	nan
8.21000000e-01	0.000000000000e+00	0.000000000000e+00	0.000000000000e+00	nan
8.22000000e-01	0.000000000000e+00	0.000000000000e+00	0.000000000000e+00	nan
8.23000000e-01	0.000000000000e+00	0.000000000000e+00	0.000000000000e+00	nan
8.24000000e-01	0.000000000000e+00	0.000000000000e+00	0.000000000000e+00	nan
8.25000000e-01	0.000000000000e+00	0.000000000000e+00	0.000000000000e+00	nan
8.26000000e-01	0.000000000000e+00	0.000000000000e+00	0.000000000000e+00	nan
8.27000000e-01	0.000000000000e+00	0.000000000000e+00	0.000000000000e+00	nan
8.28000000e-01	0.000000000000e+00	0.000000000000e+00	0.000000000000e+00	nan
8.29000000e-01	0.000000000000e+00	0.000000000000e+00	0.000000000000e+00	nan
8.30000000e-01	0.000000000000e+00	0.000000000000e+00	0.000000000000e+00	nan
8.31000000e-01	0.000000000000e+00	0.000000000000e+00	0.000000000000e+00	nan
8.32000000e-01	0.000000000000e+00	0.000000000000e+00	0.000000000000e+00	nan
8.33000000e-01	0.000000000000e+00	0.000000000000e+00	0.000000000000e+00	nan
8.34000000e-01	0.000000000000e+00	0.000000000000e+00	0.000000000000e+00	nan
8.35000000e-01	0.000000000000e+00	0.000000000000e+00	0.000000000000e+00	nan
8.36000000e-01	0.000000000000e+00	0.000000000000e+00	0.000000000000e+00	nan
8.37000000e-01	0.000000000000e+00	0.000000000000e+00	0.000000000000e+00	nan
8.38000000e-01	0.000000000000e+00	0.000000000000e+00	0.000000000000e+00	nan
8.39000000e-01	0.000000000000e+00	0.000000000000e+00	0.000000000000e+00	nan
8.40000000e-01	0.000000000000e+00	0.000000000000e+00	0.000000000000e+00	nan
8.41000000e-01	0.000000000000e+00	0.000000000000e+00	0.000000000000e+00	nan
8.42000000e-01	0.000000000000e+00	0.000000000000e+00	0.000000000000e+00	nan
8.43000000e-01	0.000000000000e+00	0.000000000000e+00	0.000000000000e+00	nan
8.44000000e-01	0.000000000000e+00	0.000000000000e+00	0.000000000000e+00	nan
8.45000000e-01	0.000000000000e+00	0.000000000000e+00	0.000000000000e+00	nan
8.46000000e-01	0.000000000000e+00	0.000000000000e+00	0.000000000000e+00	nan
8.47000000e-01	0.000000000000e+00	0.000000000000e+00	0.000000000000e+00	nan
8.48000000e-01	0.000000000000e+00	0.000000000000e+00	0.000000000000e+00	nan
8.49000000e-01	0.000000000000e+00	0.000000000000e+00	0.000000000000e+00	nan
8.50000000e-01	0.000000000000e+00	0.000000000000e+00	0.000000000000e+00	nan
8.51000000e-01	0.000000000000e+00	0.000000000000e+00	0.000000000000e+00	nan
8.52000000e-01	0.000000000000e+00	0.000000000000e+00	0.000000000000e+00	nan
8.53000000e-01	0.000000000000e+00	0.000000000000e+00	0.000000000000e+00	nan
8.54000000e-01	0.000000000000e+00	0.000000000000e+00	0.000000000000e+00	nan
8.55000000e-01	0.000000000000e+00	0.000000000000e+00	0.000000000000e+00	nan
8.56000000e-01	0.000000000000e+00	0.000000000000e+00	0.000000000000e+00	nan
8.57000000e-01	0.000000000000e+00	0.000000000000e+00	0.000000000000e+00	nan
8.58000000e-01	0.000000000000e+00	0.000000000000e+00	0.000000000000e+00	nan
8.59000000e-01	0.000000000000e+00	0.000000000000e+00	0.000000000000e+00	nan
8.60000000e-01	0.000000000000e+00	0.000000000000e+00	0.000000000000e+00	nan
8.61000000e-01	0.000000000000e+00	0.000000000000e+00	0.000000000000e+00	nan
8.62000000e-01	0.000000000000e+00	0.000000000000e+00	0.000000000000e+00	nan
8.63000000e-01	0.000000000000e+00	0.000000000000e+00	0.000000000000e+00	nan
8.64000000e-01	0.000000000000e+00	0.000000000000e+00	0.000000000000e+00	nan
8.65000000e-01	0.000000000000e+00	0.000000000000e+00	0.000000000000e+00	nan
8.66000000e-01	0.000000000000e+00	0.000000000000e+00	0.000000000000e+00	nan
8.67000000e-01	0.000000000000e+00	0.000000000000e+00	0.000000000000e+00	nan
8.68000000e-01	0.000000000000e+00	0.000000000000e+00	0.000000000000e+00	nan
8.69000000e-01	0.000000000000e+00	0.000000000000e+00	0.000000000000e+00	nan
8.70000000e-01	0.000000000000e+00	0.000000000000e+00	0.000000000000e+00	nan
8.71000000e-01	0.000000000000e+00	0.000000000000e+00	0.000000000000e+00	nan
8.72000000e-01	0.000000000000e+00	0.000000000000e+00	0.000000000000e+00	nan
8.73000000e-01	0.000000000000e+00	0.000000000000e+00	0.000000000000e+00	nan
8.74000000e-01	0.000000000000e+00	0.000000000000e+00	0.000000000000e+00	nan
8.75000000e-01	0.000000000000e+00	0.000000000000e+00	0.000000000000e+00	nan
8.76000000e-01	0.000000000000e+00	0.000000000000e+00	0.000000000000e+00	nan
8.77000000e-01	0.000000000000e+00	0.000000000000e+00	0.000000000000e+00	nan
8.78000000e-01	0.000000000000e+00	0.000000000000e+00	0.000000000000e+00	nan
8.79000000e-01	0.000000000000e+00	0.000000000000e+00	0.000000000000e+00	nan
8.80000000e-01	0.000000000000e+00	0.000000000000e+00	0.000000000000e+00	nan
8.81000000e-01	0.000000000000e+00	0.000000000000e+00	0.000000000000e+00	nan
8.82000000e-01	0.000000000000e+00	0.000000000000e+00	0.000000000000e+00	nan
8.83000000e-01	0.000000000000e+00	0.000000000000e+00	0.000000000000e+00	nan
8.84000000e-01	0.000000000000e+00	0.000000000000e+00	0.000000000000e+00	nan
8.85000000e-01	0.000000000000e+00	0.000000000000e+00	0.000000000000e+00	nan
8.86000000e-01	0.000000000000e+00	0.000000000000e+00	0.000000000000e+00	nan
8.87000000e-01	0.000000000000e+00	0.000000000000e+00	0.000000000000e+00	nan
8.88000000e-01	0.000000000000e+00	0.000000000000e+00	0.000000000000e+00	nan
8.89000000e-01	0.000000000000e+00	0.000000000000e+00	0.000000000000e+00	nan
8.90000000e-01	0.000000000000e+00	0.000000000000e+00	0.000000000000e+00	nan
8.91000000e-01	0.000000000000e+00	0.000000000000e+00	0.000000000000e+00	nan
8.92000000e-01	0.000000000000e+00	0.000000000000e+00	0.000000000000e+00	nan
8.93000000e-01	0.000000000000e+00	0.000000000000e+00	0.000000000000e+00	nan
8.94000000e-01	0.000000000000e+00	0.000000000000e+00	0.000000000000e+00	nan
8.95000000e-01	0.000000000000e+00	0.000000000000e+00	0.000000000000e+00	nan
8.96000000e-01	0.000000000000e+00	0.000000000000e+00	0.000000000000e+00	nan
8.97000000e-01	0.000000000000e+00	0.000000000000e+00	0.000000000000e+00	nan
8.98000000e-01	0.000000000000e+00	0.000000000000e+00	0.000000000000e+00	nan
8.99000000e-01	0.000000000000e+00	0.000000000000e+00	0.000000000000e+00	nan
9.00000000e-01	0.000000000000e+00	0.000000000000e+00	0.000000000000e+00	nan
9.01000000e-01	0.000000000000e+00	0.000000000000e+00	0.000000000000e+00	nan
9.02000000e-01	0.000000000000e+00	0.000000000000e+00	0.000000000000e+00	nan
9.03000000e-01	0.000000000000e+00	0.000000000000e+00	0.000000000000e+00	nan
9.04000000e-01	0.000000000000e+00	0.000000000000e+00	0.000000000000e+00	nan
9.05000000e-01	0.000000000000e+00	0.000000000000e+00	0.000000000000e+00	nan
9.06000000e-01	0.000000000000e+00	0.000000000000e+00	0.000000000000e+00	nan
9.07000000e-01	0.000000000000e+00	0.000000000000e+00	0.000000000000e+00	nan
9.08000000e-01	0.000000000000e+00	0.000000000000e+00	0.000000000000e+00	nan
9.09000000e-01	0.000000000000e+00	0.000000000000e+00	0.000000000000e+00	nan
9.10000000e-01	0.000000000000e+00	0.000000000000e+00	0.000000000000e+00	nan
9.11000000e-01	0.000000000000e+00	0.000000000000e+00	0.000000000000e+00	nan
9.12000000e-01	0.000000000000e+00	0.000000000000e+00	0.000000000000e+00	nan
9.13000000e-01	0.000000000000e+00	0.000000000000e+00	0.000000000000e+00	nan
9.14000000e-01	0.000000000000e+00	0.000000000000e+00	0.000000000000e+00	nan
9.15000000e-01	0.000000000000e+00	0.000000000000e+00	0.000000000000e+00	nan
9.16000000e-01	0.000000000000e+00	0.000000000000e+00	0.000000000000e+00	nan
9.17000000e-01	0.000000000000e+00	0.000000000000e+00	0.000000000000e+00	nan
9.18000000e-01	0.000000000000e+00	0.000000000000e+00	0.000000000000e+00	nan
9.19000000e-01	0.000000000000e+00	0.000000000000e+00	0.000000000000e+00	nan
9.20000000e-01	0.000000000000e+00	0.000000000000e+00	0.000000000000e+00	nan
9.21000000e-01	0.000000000000e+00	0.000000000000e+00	0.000000000000e+00	nan
9.22000000e-01	0.000000000000e+00	0.000000000000e+00	0.000000000000e+00	nan
9.23000000e-01	0.000000000000e+00	0.000000000000e+00	0.000000000000e+00	nan
9.24000000e-01	0.000000000000e+00	0.000000000000e+00	0.000000000000e+00	nan
9.25000000e-01	0.000000000000e+00	0.000000000000e+00	0.000000000000e+00	nan
9.26000000e-01	0.000000000000e+00	0.000000000000e+00	0.000000000000e+00	nan
9.27000000e-01	0.000000000000e+00	0.000000000000e+00	0.000000000000e+00	nan
9.28000000e-01	0.000000000000e+00	0.000000000000e+00	0.000000000000e+00	nan
9.29000000e-01	0.000000000000e+00	0.000000000000e+00	0.000000000000e+00	nan
9.30000000e-01	0.000000000000e+00	0.000000000000e+00	0.000000000000e+00	nan
9.31000000e-01	0.000000000000e+00	0.000000000000e+00	0.000000000000e+00	nan
9.32000000e-01	0.000000000000e+00	0.000000000000e+00	0.000000000000e+00	nan
9.33000000e-01	0.000000000000e+00	0.000000000000e+00	0.000000000000e+00	nan
9.34000000e-01	0.000000000000e+00	0.000000000000e+00	0.000000000000e+00	nan
9.35000000e-01	0.000000000000e+00	0.000000000000e+00	0.000000000000e+00	nan
9.36000000e-01	0.000000000000e+00	0.000000000000e+00	0.000000000000e+00	nan
9.37000000e-01	0.000000000000e+00	0.000000000000e+00	0.000000000000e+00	nan
9.38000000e-01	0.000000000000e+00	0.000000000000e+00	0.000000000000e+00	nan
9.39000000e-01	0.000000000000e+00	0.000000000000e+00	0.000000000000e+00	nan
9.40000000e-01	0.000000000000e+00	0.000000000000e+00	0.000000000000e+00	nan
9.41000000e-01	0.000000000000e+00	0.000000000000e+00	0.000000000000e+00	nan
9.42000000e-01	0.000000000000e+00	0.000000000000e+00	0.000000000000e+00	nan
9.43000000e-01	0.000000000000e+00	0.000000000000e+00	0.000000000000e+00	nan
9.44000000e-01	0.000000000000e+00	0.000000000000e+00	0.000000000000e+00	nan
9.45000000e-01	0.000000000000e+00	0.000000000000e+00	0.000000000000e+00	nan
9.46000000e-01	0.000000000000e+00	0.000000000000e+00	0.000000000000e+00	nan
9.47000000e-01	0.000000000000e+00	0.000000000000e+00	0.000000000000e+00	nan
9.48000000e-01	0.000000000000e+00	0.000000000000e+00	0.000000000000e+00	nan
9.49000000e-01	0.000000000000e+00	0.000000000000e+00	0.000000000000e+00	nan
9.50000000e-01	0.000000000000e+00	0.000000000000e+00	0.000000000000e+00	nan
9.51000000e-01	0.000000000000e+00	0.000000000000e+00	0.000000000000e+00	nan
9.52000000e-01	0.000000000000e+00	0.000000000000e+00	0.000000000000e+00	nan
9.53000000e-01	0.000000000000e+00	0.000000000000e+00	0.000000000000e+00	nan
9.54000000e-01	0.000000000000e+00	0.000000000000e+00	0.000000000000e+00	nan
9.55000000e-01	0.000000000000e+00	0.000000000000e+00	0.000000000000e+00	nan
9.56000000e-01	0.000000000000e+00	0.000000000000e+00	0.000000000000e+00	nan
9.57000000e-01	0.000000000000e+00	0.000000000000e+00	0.000000000000e+00	nan
9.58000000e-01	0.000000000000e+00	0.000000000000e+00	0.000000000000e+00	nan
9.59000000e-01	0.000000000000e+00	0.000000000000e+00	0.000000000000e+00	nan
9.60000000e-01	0.000000000000e+00	0.000000000000e+00	0.000000000000e+00	nan
9.61000000e-01	0.000000000000e+00	0.000000000000e+00	0.000000000000e+00	nan
9.62000000e-01	0.000000000000e+00	0.000000000000e+00	0.000000000000e+00	nan
9.63000000e-01	0.000000000000e+00	0.000000000000e+00	0.000000000000e+00	nan
9.64000000e-01	0.000000000000e+00	0.000000000000e+00	0.000000000000e+00	nan
9.65000000e-01	0.000000000000e+00	0.000000000000e+00	0.000000000000e+00	nan
9.66000000e-01	0.000000000000e+00	0.000000000000e+00	0.000000000000e+00	nan
9.67000000e-01	0.000000000000e+00	0.000000000000e+00	0.000000000000e+00	nan
9.68000000e-01	0.000000000000e+00	0.000000000000e+00	0.000000000000e+00	nan
9.69000000e-01	0.000000000000e+00	0.000000000000e+00	0.000000000000e+00	nan
9.70000000e-01	0.000000000000e+00	0.000000000000e+00	0.000000000000e+00	nan
9.71000000e-01	0.000000000000e+00	0.000000000000e+00	0.000000000000e+00	nan
9.72000000e-01	0.000000000000e+00	0.000000000000e+00	0.000000000000e+00	nan
9.73000000e-01	0.000000000000e+00	0.000000000000e+00	0.000000000000e+00	nan
9.74000000e-01	0.000000000000e+00	0.000000000000e+00	0.000000000000e+00	nan
9.75000000e-01	0.000000000000e+00	0.000000000000e+00	0.000000000000e+00	nan
9.76000000e-01	0.000000000000e+00	0.000000000000e+00	0.000000000000e+00	nan
9.77000000e-01	0.000000000000e+00	0.000000000000e+00	0.000000000000e+00	nan
9.78000000e-01	0.000000000000e+00	0.000000000000e+00	0.000000000000e+00	nan
9.79000000e-01	0.000000000000e+00	0.000000000000e+00	0.000000000000e+00	nan
9.80000000e-01	0.000000000000e+00	0.000000000000e+00	0.000000000000e+00	nan
9.81000000e-01	0.000000000000e+00	0.000000000000e+00	0.000000000000e+00	nan
9.82000000e-01	0.000000000000e+00	0.000000000000e+00	0.000000000000e+00	nan
9.83000000e-01	0.000000000000e+00	0.000000000000e+00	0.000000000000e+00	nan
9.84000000e-01	0.000000000000e+00	0.000000000000e+00	0.000000000000e+00	nan
9.85000000e-01	0.000000000000e+00	0.000000000000e+00	0.000000000000e+00	nan
9.86000000e-01	0.000000000000e+00	0.000000000000e+00	0.000000000000e+00	nan
9.87000000e-01	0.000000000000e+00	0.000000000000e+00	0.000000000000e+00	nan
9.88000000e-01	0.000000000000e+00	0.000000000000e+00	0.000000000000e+00	nan
9.89000000e-01	0.000000000000e+00	0.000000000000e+00	0.000000000000e+00	nan
9.90000000e-01	0.000000000000e+00	0.000000000000e+00	0.000000000000e+00	nan
9.91000000e-01	0.000000000000e+00	0.000000000000e+00	0.000000000000e+00	nan
9.92000000e-01	0.000000000000e+00	0.000000000000e+00	0.000000000000e+00	nan
9.93000000e-01	0.000000000000e+00	0.000000000000e+00	0.000000000000e+00	nan
9.94000000e-01	0.000000000000e+00	0.000000000000e+00	0.000000000000e+00	nan
9.95000000e-01	0.000000000000e+00	0.000000000000e+00	0.000000000000e+00	nan
9.96000000e-01	0.000000000000e+00	0.000000000000e+00	0.000000000000e+00	nan
9.97000000e-01	0.000000000000e+00	0.000000000000e+00	0.000000000000e+00	nan
9.98000000e-01	0.000000000000e+00	0.000000000000e+00	0.000000000000e+00	nan
9.99000000e-01	0.000000000000e+00	0.000000000000e+00	0.000000000000e+00	nan
1.00000000e+00	0.000000000000e+00	0.000000000000e+00	0.000000000000e+00	nan
