# Układ: x' = x(y-1),  y' = 3x - 2y + x^2 - 2y^2
# IC: x0=0.1, y0=0, dt=1.000e-03, nsteps=10000
# t	x(t)	y(t)
0.00000000e+00	1.000000000000e-01	0.000000000000e+00
1.00000000e-03	1.000014497607e-01	2.899281885305e-03
2.00000000e-03	1.000057980845e-01	5.797126084124e-03
3.00000000e-03	1.000130435329e-01	8.693530414585e-03
4.00000000e-03	1.000231846647e-01	1.158849269985e-02
5.00000000e-03	1.000362200369e-01	1.448201076813e-02
6.00000000e-03	1.000521482041e-01	1.737408245263e-02
7.00000000e-03	1.000709677189e-01	2.026470559160e-02
8.00000000e-03	1.000926771317e-01	2.315387802831e-02
9.00000000e-03	1.001172749907e-01	2.604159761105e-02
1.00000000e-02	1.001447598419e-01	2.892786219313e-02
1.10000000e-02	1.001751302294e-01	3.181266963286e-02
1.20000000e-02	1.002083846948e-01	3.469601779360e-02
1.30000000e-02	1.002445217778e-01	3.757790454367e-02
1.40000000e-02	1.002835400160e-01	4.045832775647e-02
1.50000000e-02	1.003254379448e-01	4.333728531036e-02
1.60000000e-02	1.003702140974e-01	4.621477508873e-02
1.70000000e-02	1.004178670050e-01	4.909079498000e-02
1.80000000e-02	1.004683951967e-01	5.196534287759e-02
1.90000000e-02	1.005217971994e-01	5.483841667994e-02
2.00000000e-02	1.005780715380e-01	5.771001429051e-02
2.10000000e-02	1.006372167352e-01	6.058013361777e-02
2.20000000e-02	1.006992313117e-01	6.344877257523e-02
2.30000000e-02	1.007641137862e-01	6.631592908140e-02
2.40000000e-02	1.008318626751e-01	6.918160105985e-02
2.50000000e-02	1.009024764928e-01	7.204578643916e-02
2.60000000e-02	1.009759537517e-01	7.490848315294e-02
2.70000000e-02	1.010522929622e-01	7.776968913985e-02
2.80000000e-02	1.011314926324e-01	8.062940234359e-02
2.90000000e-02	1.012135512686e-01	8.348762071290e-02
3.00000000e-02	1.012984673749e-01	8.634434220158e-02
3.10000000e-02	1.013862394534e-01	8.919956476847e-02
3.20000000e-02	1.014768660041e-01	9.205328637750e-02
3.30000000e-02	1.015703455251e-01	9.490550499765e-02
3.40000000e-02	1.016666765124e-01	9.775621860296e-02
3.50000000e-02	1.017658574600e-01	1.006054251726e-01
3.60000000e-02	1.018678868597e-01	1.034531226907e-01
3.70000000e-02	1.019727632017e-01	1.062993091467e-01
3.80000000e-02	1.020804849737e-01	1.091439825350e-01
3.90000000e-02	1.021910506617e-01	1.119871408550e-01
4.00000000e-02	1.023044587497e-01	1.148287821114e-01
4.10000000e-02	1.024207077196e-01	1.176689043141e-01
4.20000000e-02	1.025397960513e-01	1.205075054778e-01
4.30000000e-02	1.026617222229e-01	1.233445836227e-01
4.40000000e-02	1.027864847102e-01	1.261801367738e-01
4.50000000e-02	1.029140819874e-01	1.290141629617e-01
4.60000000e-02	1.030445125265e-01	1.318466602217e-01
4.70000000e-02	1.031777747976e-01	1.346776265946e-01
4.80000000e-02	1.033138672688e-01	1.375070601263e-01
4.90000000e-02	1.034527884062e-01	1.403349588679e-01
5.00000000e-02	1.035945366742e-01	1.431613208756e-01
5.10000000e-02	1.037391105351e-01	1.459861442110e-01
5.20000000e-02	1.038865084491e-01	1.488094269409e-01
5.30000000e-02	1.040367288748e-01	1.516311671373e-01
5.40000000e-02	1.041897702686e-01	1.544513628773e-01
5.50000000e-02	1.043456310851e-01	1.572700122436e-01
5.60000000e-02	1.045043097770e-01	1.600871133240e-01
5.70000000e-02	1.046658047950e-01	1.629026642115e-01
5.80000000e-02	1.048301145880e-01	1.657166630046e-01
5.90000000e-02	1.049972376030e-01	1.685291078070e-01
6.00000000e-02	1.051671722850e-01	1.713399967278e-01
6.10000000e-02	1.053399170772e-01	1.741493278814e-01
6.20000000e-02	1.055154704209e-01	1.769570993876e-01
6.30000000e-02	1.056938307555e-01	1.797633093716e-01
6.40000000e-02	1.058749965185e-01	1.825679559638e-01
6.50000000e-02	1.060589661457e-01	1.853710373003e-01
6.60000000e-02	1.062457380707e-01	1.881725515225e-01
6.70000000e-02	1.064353107257e-01	1.909724967771e-01
6.80000000e-02	1.066276825407e-01	1.937708712165e-01
6.90000000e-02	1.068228519439e-01	1.965676729984e-01
7.00000000e-02	1.070208173619e-01	1.993629002859e-01
7.10000000e-02	1.072215772191e-01	2.021565512479e-01
7.20000000e-02	1.074251299383e-01	2.049486240586e-01
7.30000000e-02	1.076314739405e-01	2.077391168978e-01
7.40000000e-02	1.078406076448e-01	2.105280279508e-01
7.50000000e-02	1.080525294686e-01	2.133153554085e-01
7.60000000e-02	1.082672378272e-01	2.161010974674e-01
7.70000000e-02	1.084847311344e-01	2.188852523297e-01
7.80000000e-02	1.087050078022e-01	2.216678182031e-01
7.90000000e-02	1.089280662406e-01	2.244487933009e-01
8.00000000e-02	1.091539048579e-01	2.272281758422e-01
8.10000000e-02	1.093825220608e-01	2.300059640516e-01
8.20000000e-02	1.096139162540e-01	2.327821561598e-01
8.30000000e-02	1.098480858405e-01	2.355567504026e-01
8.40000000e-02	1.100850292216e-01	2.383297450221e-01
8.50000000e-02	1.103247447968e-01	2.411011382659e-01
8.60000000e-02	1.105672309638e-01	2.438709283874e-01
8.70000000e-02	1.108124861186e-01	2.466391136459e-01
8.80000000e-02	1.110605086555e-01	2.494056923063e-01
8.90000000e-02	1.113112969671e-01	2.521706626396e-01
9.00000000e-02	1.115648494441e-01	2.549340229224e-01
9.10000000e-02	1.118211644757e-01	2.576957714376e-01
9.20000000e-02	1.120802404492e-01	2.604559064735e-01
9.30000000e-02	1.123420757502e-01	2.632144263246e-01
9.40000000e-02	1.126066687629e-01	2.659713292915e-01
9.50000000e-02	1.128740178693e-01	2.687266136804e-01
9.60000000e-02	1.131441214501e-01	2.714802778037e-01
9.70000000e-02	1.134169778842e-01	2.742323199800e-01
9.80000000e-02	1.136925855489e-01	2.769827385335e-01
9.90000000e-02	1.139709428196e-01	2.797315317948e-01
1.00000000e-01	1.142520480701e-01	2.824786981006e-01
1.01000000e-01	1.145358996729e-01	2.852242357935e-01
1.02000000e-01	1.148224959983e-01	2.879681432223e-01
1.03000000e-01	1.151118354154e-01	2.907104187422e-01
1.04000000e-01	1.154039162913e-01	2.934510607142e-01
1.05000000e-01	1.156987369917e-01	2.961900675057e-01
1.06000000e-01	1.159962958807e-01	2.989274374904e-01
1.07000000e-01	1.162965913206e-01	3.016631690482e-01
1.08000000e-01	1.165996216721e-01	3.043972605651e-01
1.09000000e-01	1.169053852945e-01	3.071297104338e-01
1.10000000e-01	1.172138805452e-01	3.098605170530e-01
1.11000000e-01	1.175251057803e-01	3.125896788278e-01
1.12000000e-01	1.178390593541e-01	3.153171941699e-01
1.13000000e-01	1.181557396193e-01	3.180430614971e-01
1.14000000e-01	1.184751449272e-01	3.207672792338e-01
1.15000000e-01	1.187972736274e-01	3.234898458110e-01
1.16000000e-01	1.191221240679e-01	3.262107596660e-01
1.17000000e-01	1.194496945953e-01	3.289300192425e-01
1.18000000e-01	1.197799835545e-01	3.316476229911e-01
1.19000000e-01	1.201129892888e-01	3.343635693687e-01
1.20000000e-01	1.204487101402e-01	3.370778568389e-01
1.21000000e-01	1.207871444490e-01	3.397904838718e-01
1.22000000e-01	1.211282905540e-01	3.425014489444e-01
1.23000000e-01	1.214721467924e-01	3.452107505402e-01
1.24000000e-01	1.218187115001e-01	3.479183871493e-01
1.25000000e-01	1.221679830112e-01	3.506243572689e-01
1.26000000e-01	1.225199596586e-01	3.533286594026e-01
1.27000000e-01	1.228746397735e-01	3.560312920610e-01
1.28000000e-01	1.232320216857e-01	3.587322537614e-01
1.29000000e-01	1.235921037236e-01	3.614315430281e-01
1.30000000e-01	1.239548842138e-01	3.641291583922e-01
1.31000000e-01	1.243203614819e-01	3.668250983917e-01
1.32000000e-01	1.246885338517e-01	3.695193615715e-01
1.33000000e-01	1.250593996456e-01	3.722119464835e-01
1.34000000e-01	1.254329571847e-01	3.749028516868e-01
1.35000000e-01	1.258092047886e-01	3.775920757472e-01
1.36000000e-01	1.261881407754e-01	3.802796172377e-01
1.37000000e-01	1.265697634618e-01	3.829654747386e-01
1.38000000e-01	1.269540711631e-01	3.856496468369e-01
1.39000000e-01	1.273410621932e-01	3.883321321271e-01
1.40000000e-01	1.277307348646e-01	3.910129292107e-01
1.41000000e-01	1.281230874884e-01	3.936920366965e-01
1.42000000e-01	1.285181183743e-01	3.963694532006e-01
1.43000000e-01	1.289158258307e-01	3.990451773462e-01
1.44000000e-01	1.293162081644e-01	4.017192077639e-01
1.45000000e-01	1.297192636812e-01	4.043915430917e-01
1.46000000e-01	1.301249906851e-01	4.070621819750e-01
1.47000000e-01	1.305333874792e-01	4.097311230663e-01
1.48000000e-01	1.309444523649e-01	4.123983650259e-01
1.49000000e-01	1.313581836424e-01	4.150639065215e-01
1.50000000e-01	1.317745796107e-01	4.177277462280e-01
1.51000000e-01	1.321936385672e-01	4.203898828282e-01
1.52000000e-01	1.326153588082e-01	4.230503150124e-01
1.53000000e-01	1.330397386286e-01	4.257090414782e-01
1.54000000e-01	1.334667763221e-01	4.283660609312e-01
1.55000000e-01	1.338964701810e-01	4.310213720846e-01
1.56000000e-01	1.343288184964e-01	4.336749736590e-01
1.57000000e-01	1.347638195581e-01	4.363268643830e-01
1.58000000e-01	1.352014716545e-01	4.389770429930e-01
1.59000000e-01	1.356417730729e-01	4.416255082330e-01
1.60000000e-01	1.360847220994e-01	4.442722588550e-01
1.61000000e-01	1.365303170187e-01	4.469172936187e-01
1.62000000e-01	1.369785561143e-01	4.495606112919e-01
1.63000000e-01	1.374294376685e-01	4.522022106503e-01
1.64000000e-01	1.378829599624e-01	4.548420904773e-01
1.65000000e-01	1.383391212759e-01	4.574802495646e-01
1.66000000e-01	1.387979198876e-01	4.601166867119e-01
1.67000000e-01	1.392593540749e-01	4.627514007268e-01
1.68000000e-01	1.397234221143e-01	4.653843904251e-01
1.69000000e-01	1.401901222806e-01	4.680156546309e-01
1.70000000e-01	1.406594528480e-01	4.706451921762e-01
1.71000000e-01	1.411314120890e-01	4.732730019014e-01
1.72000000e-01	1.416059982754e-01	4.758990826551e-01
1.73000000e-01	1.420832096776e-01	4.785234332941e-01
1.74000000e-01	1.425630445649e-01	4.811460526836e-01
1.75000000e-01	1.430455012055e-01	4.837669396972e-01
1.76000000e-01	1.435305778665e-01	4.863860932168e-01
1.77000000e-01	1.440182728138e-01	4.890035121327e-01
1.78000000e-01	1.445085843122e-01	4.916191953438e-01
1.79000000e-01	1.450015106255e-01	4.942331417573e-01
1.80000000e-01	1.454970500164e-01	4.968453502892e-01
1.81000000e-01	1.459952007465e-01	4.994558198637e-01
1.82000000e-01	1.464959610761e-01	5.020645494139e-01
1.83000000e-01	1.469993292649e-01	5.046715378815e-01
1.84000000e-01	1.475053035712e-01	5.072767842168e-01
1.85000000e-01	1.480138822523e-01	5.098802873788e-01
1.86000000e-01	1.485250635646e-01	5.124820463354e-01
1.87000000e-01	1.490388457632e-01	5.150820600631e-01
1.88000000e-01	1.495552271026e-01	5.176803275473e-01
1.89000000e-01	1.500742058359e-01	5.202768477823e-01
1.90000000e-01	1.505957802154e-01	5.228716197713e-01
1.91000000e-01	1.511199484924e-01	5.254646425263e-01
1.92000000e-01	1.516467089171e-01	5.280559150685e-01
1.93000000e-01	1.521760597388e-01	5.306454364279e-01
1.94000000e-01	1.527079992059e-01	5.332332056437e-01
1.95000000e-01	1.532425255657e-01	5.358192217641e-01
1.96000000e-01	1.537796370647e-01	5.384034838465e-01
1.97000000e-01	1.543193319484e-01	5.409859909573e-01
1.98000000e-01	1.548616084613e-01	5.435667421722e-01
1.99000000e-01	1.554064648471e-01	5.461457365763e-01
2.00000000e-01	1.559538993486e-01	5.487229732637e-01
2.01000000e-01	1.565039102075e-01	5.512984513380e-01
2.02000000e-01	1.570564956648e-01	5.538721699121e-01
2.03000000e-01	1.576116539605e-01	5.564441281082e-01
2.04000000e-01	1.581693833339e-01	5.590143250580e-01
2.05000000e-01	1.587296820233e-01	5.615827599027e-01
2.06000000e-01	1.592925482660e-01	5.641494317930e-01
2.07000000e-01	1.598579802989e-01	5.667143398891e-01
2.08000000e-01	1.604259763576e-01	5.692774833609e-01
2.09000000e-01	1.609965346771e-01	5.718388613876e-01
2.10000000e-01	1.615696534916e-01	5.743984731585e-01
2.11000000e-01	1.621453310344e-01	5.769563178722e-01
2.12000000e-01	1.627235655381e-01	5.795123947374e-01
2.13000000e-01	1.633043552344e-01	5.820667029723e-01
2.14000000e-01	1.638876983542e-01	5.846192418050e-01
2.15000000e-01	1.644735931279e-01	5.871700104735e-01
2.16000000e-01	1.650620377849e-01	5.897190082257e-01
2.17000000e-01	1.656530305538e-01	5.922662343193e-01
2.18000000e-01	1.662465696627e-01	5.948116880220e-01
2.19000000e-01	1.668426533388e-01	5.973553686118e-01
2.20000000e-01	1.674412798087e-01	5.998972753764e-01
2.21000000e-01	1.680424472981e-01	6.024374076138e-01
2.22000000e-01	1.686461540322e-01	6.049757646319e-01
2.23000000e-01	1.692523982354e-01	6.075123457490e-01
2.24000000e-01	1.698611781315e-01	6.100471502936e-01
2.25000000e-01	1.704724919435e-01	6.125801776042e-01
2.26000000e-01	1.710863378941e-01	6.151114270300e-01
2.27000000e-01	1.717027142048e-01	6.176408979301e-01
2.28000000e-01	1.723216190969e-01	6.201685896743e-01
2.29000000e-01	1.729430507909e-01	6.226945016426e-01
2.30000000e-01	1.735670075067e-01	6.252186332256e-01
2.31000000e-01	1.741934874636e-01	6.277409838242e-01
2.32000000e-01	1.748224888805e-01	6.302615528501e-01
2.33000000e-01	1.754540099753e-01	6.327803397252e-01
2.34000000e-01	1.760880489657e-01	6.352973438824e-01
2.35000000e-01	1.767246040686e-01	6.378125647650e-01
2.36000000e-01	1.773636735006e-01	6.403260018271e-01
2.37000000e-01	1.780052554775e-01	6.428376545334e-01
2.38000000e-01	1.786493482147e-01	6.453475223596e-01
2.39000000e-01	1.792959499271e-01	6.478556047919e-01
2.40000000e-01	1.799450588290e-01	6.503619013277e-01
2.41000000e-01	1.805966731343e-01	6.528664114750e-01
2.42000000e-01	1.812507910563e-01	6.553691347528e-01
2.43000000e-01	1.819074108080e-01	6.578700706913e-01
2.44000000e-01	1.825665306018e-01	6.603692188314e-01
2.45000000e-01	1.832281486496e-01	6.628665787252e-01
2.46000000e-01	1.838922631630e-01	6.653621499359e-01
2.47000000e-01	1.845588723531e-01	6.678559320379e-01
2.48000000e-01	1.852279744306e-01	6.703479246165e-01
2.49000000e-01	1.858995676057e-01	6.728381272686e-01
2.50000000e-01	1.865736500883e-01	6.753265396021e-01
2.51000000e-01	1.872502200880e-01	6.778131612362e-01
2.52000000e-01	1.879292758138e-01	6.802979918016e-01
2.53000000e-01	1.886108154745e-01	6.827810309403e-01
2.54000000e-01	1.892948372784e-01	6.852622783056e-01
2.55000000e-01	1.899813394337e-01	6.877417335625e-01
2.56000000e-01	1.906703201480e-01	6.902193963873e-01
2.57000000e-01	1.913617776289e-01	6.926952664679e-01
2.58000000e-01	1.920557100833e-01	6.951693435038e-01
2.59000000e-01	1.927521157181e-01	6.976416272062e-01
2.60000000e-01	1.934509927398e-01	7.001121172979e-01
2.61000000e-01	1.941523393548e-01	7.025808135133e-01
2.62000000e-01	1.948561537688e-01	7.050477155988e-01
2.63000000e-01	1.955624341878e-01	7.075128233123e-01
2.64000000e-01	1.962711788173e-01	7.099761364237e-01
2.65000000e-01	1.969823858624e-01	7.124376547149e-01
2.66000000e-01	1.976960535283e-01	7.148973779794e-01
2.67000000e-01	1.984121800200e-01	7.173553060228e-01
2.68000000e-01	1.991307635419e-01	7.198114386629e-01
2.69000000e-01	1.998518022988e-01	7.222657757292e-01
2.70000000e-01	2.005752944948e-01	7.247183170635e-01
2.71000000e-01	2.013012383343e-01	7.271690625196e-01
2.72000000e-01	2.020296320212e-01	7.296180119635e-01
2.73000000e-01	2.027604737595e-01	7.320651652735e-01
2.74000000e-01	2.034937617530e-01	7.345105223400e-01
2.75000000e-01	2.042294942054e-01	7.369540830658e-01
2.76000000e-01	2.049676693203e-01	7.393958473659e-01
2.77000000e-01	2.057082853013e-01	7.418358151678e-01
2.78000000e-01	2.064513403518e-01	7.442739864113e-01
2.79000000e-01	2.071968326752e-01	7.467103610488e-01
2.80000000e-01	2.079447604750e-01	7.491449390450e-01
2.81000000e-01	2.086951219544e-01	7.515777203772e-01
2.82000000e-01	2.094479153169e-01	7.540087050353e-01
2.83000000e-01	2.102031387656e-01	7.564378930220e-01
2.84000000e-01	2.109607905040e-01	7.588652843522e-01
2.85000000e-01	2.117208687354e-01	7.612908790540e-01
2.86000000e-01	2.124833716633e-01	7.637146771679e-01
2.87000000e-01	2.132482974909e-01	7.661366787474e-01
2.88000000e-01	2.140156444219e-01	7.685568838585e-01
2.89000000e-01	2.147854106598e-01	7.709752925805e-01
2.90000000e-01	2.155575944083e-01	7.733919050053e-01
2.91000000e-01	2.163321938711e-01	7.758067212379e-01
2.92000000e-01	2.171092072521e-01	7.782197413961e-01
2.93000000e-01	2.178886327553e-01	7.806309656109e-01
2.94000000e-01	2.186704685847e-01	7.830403940264e-01
2.95000000e-01	2.194547129448e-01	7.854480267997e-01
2.96000000e-01	2.202413640398e-01	7.878538641011e-01
2.97000000e-01	2.210304200745e-01	7.902579061141e-01
2.98000000e-01	2.218218792537e-01	7.926601530353e-01
2.99000000e-01	2.226157397823e-01	7.950606050749e-01
3.00000000e-01	2.234119998656e-01	7.974592624560e-01
3.01000000e-01	2.242106577091e-01	7.998561254155e-01
3.02000000e-01	2.250117115184e-01	8.022511942034e-01
3.03000000e-01	2.258151594995e-01	8.046444690832e-01
3.04000000e-01	2.266209998587e-01	8.070359503319e-01
3.05000000e-01	2.274292308024e-01	8.094256382402e-01
3.06000000e-01	2.282398505375e-01	8.118135331120e-01
3.07000000e-01	2.290528572711e-01	8.141996352651e-01
3.08000000e-01	2.298682492106e-01	8.165839450309e-01
3.09000000e-01	2.306860245638e-01	8.189664627544e-01
3.10000000e-01	2.315061815388e-01	8.213471887945e-01
3.11000000e-01	2.323287183443e-01	8.237261235237e-01
3.12000000e-01	2.331536331889e-01	8.261032673284e-01
3.13000000e-01	2.339809242821e-01	8.284786206088e-01
3.14000000e-01	2.348105898334e-01	8.308521837790e-01
3.15000000e-01	2.356426280531e-01	8.332239572672e-01
3.16000000e-01	2.364770371516e-01	8.355939415154e-01
3.17000000e-01	2.373138153398e-01	8.379621369797e-01
3.18000000e-01	2.381529608294e-01	8.403285441302e-01
3.19000000e-01	2.389944718322e-01	8.426931634512e-01
3.20000000e-01	2.398383465605e-01	8.450559954410e-01
3.21000000e-01	2.406845832274e-01	8.474170406123e-01
3.22000000e-01	2.415331800463e-01	8.497762994918e-01
3.23000000e-01	2.423841352312e-01	8.521337726207e-01
3.24000000e-01	2.432374469965e-01	8.544894605542e-01
3.25000000e-01	2.440931135574e-01	8.568433638622e-01
3.26000000e-01	2.449511331295e-01	8.591954831287e-01
3.27000000e-01	2.458115039292e-01	8.615458189524e-01
3.28000000e-01	2.466742241732e-01	8.638943719463e-01
3.29000000e-01	2.475392920790e-01	8.662411427378e-01
3.30000000e-01	2.484067058648e-01	8.685861319692e-01
3.31000000e-01	2.492764637493e-01	8.709293402971e-01
3.32000000e-01	2.501485639520e-01	8.732707683929e-01
3.33000000e-01	2.510230046929e-01	8.756104169425e-01
3.34000000e-01	2.518997841929e-01	8.779482866468e-01
3.35000000e-01	2.527789006735e-01	8.802843782212e-01
3.36000000e-01	2.536603523569e-01	8.826186923960e-01
3.37000000e-01	2.545441374661e-01	8.849512299164e-01
3.38000000e-01	2.554302542248e-01	8.872819915424e-01
3.39000000e-01	2.563187008574e-01	8.896109780489e-01
3.40000000e-01	2.572094755894e-01	8.919381902260e-01
3.41000000e-01	2.581025766467e-01	8.942636288784e-01
3.42000000e-01	2.589980022563e-01	8.965872948262e-01
3.43000000e-01	2.598957506458e-01	8.989091889044e-01
3.44000000e-01	2.607958200437e-01	9.012293119633e-01
3.45000000e-01	2.616982086796e-01	9.035476648681e-01
3.46000000e-01	2.626029147837e-01	9.058642484995e-01
3.47000000e-01	2.635099365872e-01	9.081790637533e-01
3.48000000e-01	2.644192723221e-01	9.104921115405e-01
3.49000000e-01	2.653309202214e-01	9.128033927876e-01
3.50000000e-01	2.662448785191e-01	9.151129084365e-01
3.51000000e-01	2.671611454501e-01	9.174206594443e-01
3.52000000e-01	2.680797192501e-01	9.197266467837e-01
3.53000000e-01	2.690005981561e-01	9.220308714430e-01
3.54000000e-01	2.699237804058e-01	9.243333344258e-01
3.55000000e-01	2.708492642380e-01	9.266340367513e-01
3.56000000e-01	2.717770478927e-01	9.289329794546e-01
3.57000000e-01	2.727071296108e-01	9.312301635861e-01
3.58000000e-01	2.736395076341e-01	9.335255902121e-01
3.59000000e-01	2.745741802057e-01	9.358192604146e-01
3.60000000e-01	2.755111455698e-01	9.381111752914e-01
3.61000000e-01	2.764504019715e-01	9.404013359560e-01
3.62000000e-01	2.773919476573e-01	9.426897435379e-01
3.63000000e-01	2.783357808746e-01	9.449763991824e-01
3.64000000e-01	2.792818998721e-01	9.472613040509e-01
3.65000000e-01	2.802303028995e-01	9.495444593205e-01
3.66000000e-01	2.811809882079e-01	9.518258661846e-01
3.67000000e-01	2.821339540495e-01	9.541055258524e-01
3.68000000e-01	2.830891986777e-01	9.563834395495e-01
3.69000000e-01	2.840467203470e-01	9.586596085174e-01
3.70000000e-01	2.850065173135e-01	9.609340340138e-01
3.71000000e-01	2.859685878343e-01	9.632067173128e-01
3.72000000e-01	2.869329301679e-01	9.654776597046e-01
3.73000000e-01	2.878995425739e-01	9.677468624956e-01
3.74000000e-01	2.888684233134e-01	9.700143270089e-01
3.75000000e-01	2.898395706489e-01	9.722800545837e-01
3.76000000e-01	2.908129828441e-01	9.745440465756e-01
3.77000000e-01	2.917886581640e-01	9.768063043568e-01
3.78000000e-01	2.927665948752e-01	9.790668293159e-01
3.79000000e-01	2.937467912455e-01	9.813256228582e-01
3.80000000e-01	2.947292455442e-01	9.835826864053e-01
3.81000000e-01	2.957139560421e-01	9.858380213958e-01
3.82000000e-01	2.967009210113e-01	9.880916292845e-01
3.83000000e-01	2.976901387255e-01	9.903435115434e-01
3.84000000e-01	2.986816074597e-01	9.925936696608e-01
3.85000000e-01	2.996753254906e-01	9.948421051421e-01
3.86000000e-01	3.006712910963e-01	9.970888195093e-01
3.87000000e-01	3.016695025564e-01	9.993338143013e-01
3.88000000e-01	3.026699581522e-01	1.001577091074e+00
3.89000000e-01	3.036726561664e-01	1.003818651401e+00
3.90000000e-01	3.046775948834e-01	1.006058496870e+00
3.91000000e-01	3.056847725891e-01	1.008296629090e+00
3.92000000e-01	3.066941875710e-01	1.010533049684e+00
3.93000000e-01	3.077058381184e-01	1.012767760292e+00
3.94000000e-01	3.087197225222e-01	1.015000762574e+00
3.95000000e-01	3.097358390747e-01	1.017232058204e+00
3.96000000e-01	3.107541860702e-01	1.019461648874e+00
3.97000000e-01	3.117747618047e-01	1.021689536295e+00
3.98000000e-01	3.127975645757e-01	1.023915722194e+00
3.99000000e-01	3.138225926825e-01	1.026140208314e+00
4.00000000e-01	3.148498444263e-01	1.028362996419e+00
4.01000000e-01	3.158793181099e-01	1.030584088286e+00
4.02000000e-01	3.169110120380e-01	1.032803485712e+00
4.03000000e-01	3.179449245171e-01	1.035021190512e+00
4.04000000e-01	3.189810538555e-01	1.037237204517e+00
4.05000000e-01	3.200193983632e-01	1.039451529577e+00
4.06000000e-01	3.210599563523e-01	1.041664167558e+00
4.07000000e-01	3.221027261366e-01	1.043875120345e+00
4.08000000e-01	3.231477060319e-01	1.046084389839e+00
4.09000000e-01	3.241948943558e-01	1.048291977962e+00
4.10000000e-01	3.252442894280e-01	1.050497886651e+00
4.11000000e-01	3.262958895699e-01	1.052702117860e+00
4.12000000e-01	3.273496931052e-01	1.054904673564e+00
4.13000000e-01	3.284056983592e-01	1.057105555754e+00
4.14000000e-01	3.294639036595e-01	1.059304766438e+00
4.15000000e-01	3.305243073356e-01	1.061502307645e+00
4.16000000e-01	3.315869077190e-01	1.063698181419e+00
4.17000000e-01	3.326517031433e-01	1.065892389824e+00
4.18000000e-01	3.337186919442e-01	1.068084934940e+00
4.19000000e-01	3.347878724595e-01	1.070275818867e+00
4.20000000e-01	3.358592430289e-01	1.072465043724e+00
4.21000000e-01	3.369328019946e-01	1.074652611644e+00
4.22000000e-01	3.380085477006e-01	1.076838524784e+00
4.23000000e-01	3.390864784933e-01	1.079022785314e+00
4.24000000e-01	3.401665927211e-01	1.081205395426e+00
4.25000000e-01	3.412488887348e-01	1.083386357329e+00
4.26000000e-01	3.423333648871e-01	1.085565673249e+00
4.27000000e-01	3.434200195333e-01	1.087743345434e+00
4.28000000e-01	3.445088510308e-01	1.089919376146e+00
4.29000000e-01	3.455998577392e-01	1.092093767670e+00
4.30000000e-01	3.466930380205e-01	1.094266522307e+00
4.31000000e-01	3.477883902390e-01	1.096437642376e+00
4.32000000e-01	3.488859127612e-01	1.098607130216e+00
4.33000000e-01	3.499856039561e-01	1.100774988185e+00
4.34000000e-01	3.510874621951e-01	1.102941218659e+00
4.35000000e-01	3.521914858517e-01	1.105105824032e+00
4.36000000e-01	3.532976733022e-01	1.107268806718e+00
4.37000000e-01	3.544060229251e-01	1.109430169150e+00
4.38000000e-01	3.555165331013e-01	1.111589913779e+00
4.39000000e-01	3.566292022142e-01	1.113748043075e+00
4.40000000e-01	3.577440286498e-01	1.115904559527e+00
4.41000000e-01	3.588610107965e-01	1.118059465645e+00
4.42000000e-01	3.599801470452e-01	1.120212763953e+00
4.43000000e-01	3.611014357893e-01	1.122364457001e+00
4.44000000e-01	3.622248754249e-01	1.124514547351e+00
4.45000000e-01	3.633504643506e-01	1.126663037590e+00
4.46000000e-01	3.644782009676e-01	1.128809930321e+00
4.47000000e-01	3.656080836797e-01	1.130955228167e+00
4.48000000e-01	3.667401108932e-01	1.133098933770e+00
4.49000000e-01	3.678742810173e-01	1.135241049793e+00
4.50000000e-01	3.690105924638e-01	1.137381578914e+00
4.51000000e-01	3.701490436471e-01	1.139520523837e+00
4.52000000e-01	3.712896329843e-01	1.141657887279e+00
4.53000000e-01	3.724323588954e-01	1.143793671980e+00
4.54000000e-01	3.735772198030e-01	1.145927880699e+00
4.55000000e-01	3.747242141324e-01	1.148060516214e+00
4.56000000e-01	3.758733403119e-01	1.150191581323e+00
4.57000000e-01	3.770245967725e-01	1.152321078844e+00
4.58000000e-01	3.781779819480e-01	1.154449011614e+00
4.59000000e-01	3.793334942751e-01	1.156575382490e+00
4.60000000e-01	3.804911321933e-01	1.158700194348e+00
4.61000000e-01	3.816508941451e-01	1.160823450084e+00
4.62000000e-01	3.828127785758e-01	1.162945152616e+00
4.63000000e-01	3.839767839336e-01	1.165065304879e+00
4.64000000e-01	3.851429086698e-01	1.167183909829e+00
4.65000000e-01	3.863111512385e-01	1.169300970443e+00
4.66000000e-01	3.874815100969e-01	1.171416489715e+00
4.67000000e-01	3.886539837051e-01	1.173530470663e+00
4.68000000e-01	3.898285705264e-01	1.175642916322e+00
4.69000000e-01	3.910052690270e-01	1.177753829749e+00
4.70000000e-01	3.921840776762e-01	1.179863214019e+00
4.71000000e-01	3.933649949464e-01	1.181971072230e+00
4.72000000e-01	3.945480193130e-01	1.184077407498e+00
4.73000000e-01	3.957331492548e-01	1.186182222960e+00
4.74000000e-01	3.969203832534e-01	1.188285521774e+00
4.75000000e-01	3.981097197938e-01	1.190387307117e+00
4.76000000e-01	3.993011573642e-01	1.192487582187e+00
4.77000000e-01	4.004946944558e-01	1.194586350202e+00
4.78000000e-01	4.016903295633e-01	1.196683614403e+00
4.79000000e-01	4.028880611845e-01	1.198779378048e+00
4.80000000e-01	4.040878878203e-01	1.200873644417e+00
4.81000000e-01	4.052898079753e-01	1.202966416812e+00
4.82000000e-01	4.064938201571e-01	1.205057698552e+00
4.83000000e-01	4.076999228766e-01	1.207147492981e+00
4.84000000e-01	4.089081146484e-01	1.209235803461e+00
4.85000000e-01	4.101183939900e-01	1.211322633376e+00
4.86000000e-01	4.113307594227e-01	1.213407986129e+00
4.87000000e-01	4.125452094711e-01	1.215491865146e+00
4.88000000e-01	4.137617426629e-01	1.217574273872e+00
4.89000000e-01	4.149803575299e-01	1.219655215775e+00
4.90000000e-01	4.162010526067e-01	1.221734694343e+00
4.91000000e-01	4.174238264319e-01	1.223812713084e+00
4.92000000e-01	4.186486775475e-01	1.225889275529e+00
4.93000000e-01	4.198756044987e-01	1.227964385227e+00
4.94000000e-01	4.211046058348e-01	1.230038045753e+00
4.95000000e-01	4.223356801084e-01	1.232110260697e+00
4.96000000e-01	4.235688258756e-01	1.234181033677e+00
4.97000000e-01	4.248040416963e-01	1.236250368326e+00
4.98000000e-01	4.260413261340e-01	1.238318268302e+00
4.99000000e-01	4.272806777559e-01	1.240384737284e+00
5.00000000e-01	4.285220951328e-01	1.242449778971e+00
5.01000000e-01	4.297655768393e-01	1.244513397085e+00
5.02000000e-01	4.310111214537e-01	1.246575595369e+00
5.03000000e-01	4.322587275580e-01	1.248636377585e+00
5.04000000e-01	4.335083937381e-01	1.250695747521e+00
5.05000000e-01	4.347601185836e-01	1.252753708984e+00
5.06000000e-01	4.360139006879e-01	1.254810265802e+00
5.07000000e-01	4.372697386483e-01	1.256865421826e+00
5.08000000e-01	4.385276310659e-01	1.258919180929e+00
5.09000000e-01	4.397875765458e-01	1.260971547005e+00
5.10000000e-01	4.410495736969e-01	1.263022523970e+00
5.11000000e-01	4.423136211320e-01	1.265072115761e+00
5.12000000e-01	4.435797174680e-01	1.267120326339e+00
5.13000000e-01	4.448478613256e-01	1.269167159684e+00
5.14000000e-01	4.461180513296e-01	1.271212619801e+00
5.15000000e-01	4.473902861088e-01	1.273256710715e+00
5.16000000e-01	4.486645642960e-01	1.275299436475e+00
5.17000000e-01	4.499408845280e-01	1.277340801149e+00
5.18000000e-01	4.512192454459e-01	1.279380808829e+00
5.19000000e-01	4.524996456947e-01	1.281419463631e+00
5.20000000e-01	4.537820839236e-01	1.283456769690e+00
5.21000000e-01	4.550665587859e-01	1.285492731165e+00
5.22000000e-01	4.563530689392e-01	1.287527352237e+00
5.23000000e-01	4.576416130450e-01	1.289560637110e+00
5.24000000e-01	4.589321897694e-01	1.291592590009e+00
5.25000000e-01	4.602247977824e-01	1.293623215184e+00
5.26000000e-01	4.615194357586e-01	1.295652516903e+00
5.27000000e-01	4.628161023765e-01	1.297680499462e+00
5.28000000e-01	4.641147963192e-01	1.299707167175e+00
5.29000000e-01	4.654155162740e-01	1.301732524382e+00
5.30000000e-01	4.667182609326e-01	1.303756575444e+00
5.31000000e-01	4.680230289910e-01	1.305779324745e+00
5.32000000e-01	4.693298191497e-01	1.307800776692e+00
5.33000000e-01	4.706386301134e-01	1.309820935714e+00
5.34000000e-01	4.719494605916e-01	1.311839806265e+00
5.35000000e-01	4.732623092980e-01	1.313857392819e+00
5.36000000e-01	4.745771749507e-01	1.315873699874e+00
5.37000000e-01	4.758940562727e-01	1.317888731953e+00
5.38000000e-01	4.772129519912e-01	1.319902493600e+00
5.39000000e-01	4.785338608380e-01	1.321914989383e+00
5.40000000e-01	4.798567815495e-01	1.323926223892e+00
5.41000000e-01	4.811817128669e-01	1.325936201741e+00
5.42000000e-01	4.825086535357e-01	1.327944927567e+00
5.43000000e-01	4.838376023062e-01	1.329952406032e+00
5.44000000e-01	4.851685579335e-01	1.331958641818e+00
5.45000000e-01	4.865015191772e-01	1.333963639633e+00
5.46000000e-01	4.878364848017e-01	1.335967404208e+00
5.47000000e-01	4.891734535761e-01	1.337969940297e+00
5.48000000e-01	4.905124242744e-01	1.339971252678e+00
5.49000000e-01	4.918533956752e-01	1.341971346151e+00
5.50000000e-01	4.931963665620e-01	1.343970225542e+00
5.51000000e-01	4.945413357232e-01	1.345967895700e+00
5.52000000e-01	4.958883019519e-01	1.347964361496e+00
5.53000000e-01	4.972372640463e-01	1.349959627827e+00
5.54000000e-01	4.985882208094e-01	1.351953699613e+00
5.55000000e-01	4.999411710490e-01	1.353946581797e+00
5.56000000e-01	5.012961135781e-01	1.355938279348e+00
5.57000000e-01	5.026530472145e-01	1.357928797256e+00
5.58000000e-01	5.040119707811e-01	1.359918140538e+00
5.59000000e-01	5.053728831057e-01	1.361906314234e+00
5.60000000e-01	5.067357830214e-01	1.363893323407e+00
5.61000000e-01	5.081006693661e-01	1.365879173146e+00
5.62000000e-01	5.094675409829e-01	1.367863868563e+00
5.63000000e-01	5.108363967201e-01	1.369847414794e+00
5.64000000e-01	5.122072354311e-01	1.371829817000e+00
5.65000000e-01	5.135800559745e-01	1.373811080367e+00
5.66000000e-01	5.149548572140e-01	1.375791210105e+00
5.67000000e-01	5.163316380186e-01	1.377770211448e+00
5.68000000e-01	5.177103972625e-01	1.379748089654e+00
5.69000000e-01	5.190911338253e-01	1.381724850008e+00
5.70000000e-01	5.204738465917e-01	1.383700497816e+00
5.71000000e-01	5.218585344518e-01	1.385675038412e+00
5.72000000e-01	5.232451963012e-01	1.387648477153e+00
5.73000000e-01	5.246338310406e-01	1.389620819422e+00
5.74000000e-01	5.260244375764e-01	1.391592070625e+00
5.75000000e-01	5.274170148200e-01	1.393562236195e+00
5.76000000e-01	5.288115616887e-01	1.395531321588e+00
5.77000000e-01	5.302080771050e-01	1.397499332287e+00
5.78000000e-01	5.316065599969e-01	1.399466273799e+00
5.79000000e-01	5.330070092980e-01	1.401432151656e+00
5.80000000e-01	5.344094239475e-01	1.403396971416e+00
5.81000000e-01	5.358138028900e-01	1.405360738660e+00
5.82000000e-01	5.372201450758e-01	1.407323458998e+00
5.83000000e-01	5.386284494609e-01	1.409285138062e+00
5.84000000e-01	5.400387150068e-01	1.411245781510e+00
5.85000000e-01	5.414509406806e-01	1.413205395028e+00
5.86000000e-01	5.428651254554e-01	1.415163984325e+00
5.87000000e-01	5.442812683098e-01	1.417121555136e+00
5.88000000e-01	5.456993682281e-01	1.419078113222e+00
5.89000000e-01	5.471194242006e-01	1.421033664370e+00
5.90000000e-01	5.485414352231e-01	1.422988214391e+00
5.91000000e-01	5.499654002976e-01	1.424941769125e+00
5.92000000e-01	5.513913184316e-01	1.426894334434e+00
5.93000000e-01	5.528191886386e-01	1.428845916210e+00
5.94000000e-01	5.542490099381e-01	1.430796520368e+00
5.95000000e-01	5.556807813555e-01	1.432746152850e+00
5.96000000e-01	5.571145019219e-01	1.434694819623e+00
5.97000000e-01	5.585501706748e-01	1.436642526683e+00
5.98000000e-01	5.599877866574e-01	1.438589280050e+00
5.99000000e-01	5.614273489190e-01	1.440535085770e+00
6.00000000e-01	5.628688565151e-01	1.442479949916e+00
6.01000000e-01	5.643123085070e-01	1.444423878589e+00
6.02000000e-01	5.657577039625e-01	1.446366877914e+00
6.03000000e-01	5.672050419551e-01	1.448308954043e+00
6.04000000e-01	5.686543215649e-01	1.450250113155e+00
6.05000000e-01	5.701055418778e-01	1.452190361457e+00
6.06000000e-01	5.715587019863e-01	1.454129705181e+00
6.07000000e-01	5.730138009887e-01	1.456068150586e+00
6.08000000e-01	5.744708379901e-01	1.458005703957e+00
6.09000000e-01	5.759298121014e-01	1.459942371609e+00
6.10000000e-01	5.773907224402e-01	1.461878159881e+00
6.11000000e-01	5.788535681302e-01	1.463813075140e+00
6.12000000e-01	5.803183483016e-01	1.465747123780e+00
6.13000000e-01	5.817850620910e-01	1.467680312223e+00
6.14000000e-01	5.832537086414e-01	1.469612646916e+00
6.15000000e-01	5.847242871024e-01	1.471544134336e+00
6.16000000e-01	5.861967966299e-01	1.473474780986e+00
6.17000000e-01	5.876712363863e-01	1.475404593397e+00
6.18000000e-01	5.891476055408e-01	1.477333578126e+00
6.19000000e-01	5.906259032689e-01	1.479261741760e+00
6.20000000e-01	5.921061287528e-01	1.481189090911e+00
6.21000000e-01	5.935882811814e-01	1.483115632221e+00
6.22000000e-01	5.950723597502e-01	1.485041372358e+00
6.23000000e-01	5.965583636613e-01	1.486966318019e+00
6.24000000e-01	5.980462921236e-01	1.488890475930e+00
6.25000000e-01	5.995361443528e-01	1.490813852841e+00
6.26000000e-01	6.010279195712e-01	1.492736455534e+00
6.27000000e-01	6.025216170081e-01	1.494658290817e+00
6.28000000e-01	6.040172358993e-01	1.496579365528e+00
6.29000000e-01	6.055147754879e-01	1.498499686531e+00
6.30000000e-01	6.070142350235e-01	1.500419260721e+00
6.31000000e-01	6.085156137627e-01	1.502338095018e+00
6.32000000e-01	6.100189109692e-01	1.504256196374e+00
6.33000000e-01	6.115241259135e-01	1.506173571768e+00
6.34000000e-01	6.130312578731e-01	1.508090228206e+00
6.35000000e-01	6.145403061326e-01	1.510006172726e+00
6.36000000e-01	6.160512699836e-01	1.511921412392e+00
6.37000000e-01	6.175641487248e-01	1.513835954298e+00
6.38000000e-01	6.190789416620e-01	1.515749805568e+00
6.39000000e-01	6.205956481081e-01	1.517662973353e+00
6.40000000e-01	6.221142673832e-01	1.519575464834e+00
6.41000000e-01	6.236347988147e-01	1.521487287221e+00
6.42000000e-01	6.251572417371e-01	1.523398447754e+00
6.43000000e-01	6.266815954920e-01	1.525308953701e+00
6.44000000e-01	6.282078594287e-01	1.527218812361e+00
6.45000000e-01	6.297360329034e-01	1.529128031061e+00
6.46000000e-01	6.312661152799e-01	1.531036617158e+00
6.47000000e-01	6.327981059293e-01	1.532944578038e+00
6.48000000e-01	6.343320042301e-01	1.534851921120e+00
6.49000000e-01	6.358678095681e-01	1.536758653848e+00
6.50000000e-01	6.374055213368e-01	1.538664783699e+00
6.51000000e-01	6.389451389371e-01	1.540570318179e+00
6.52000000e-01	6.404866617772e-01	1.542475264824e+00
6.53000000e-01	6.420300892733e-01	1.544379631201e+00
6.54000000e-01	6.435754208488e-01	1.546283424906e+00
6.55000000e-01	6.451226559348e-01	1.548186653566e+00
6.56000000e-01	6.466717939701e-01	1.550089324838e+00
6.57000000e-01	6.482228344012e-01	1.551991446409e+00
6.58000000e-01	6.497757766822e-01	1.553893025999e+00
6.59000000e-01	6.513306202751e-01	1.555794071355e+00
6.60000000e-01	6.528873646495e-01	1.557694590257e+00
6.61000000e-01	6.544460092827e-01	1.559594590516e+00
6.62000000e-01	6.560065536602e-01	1.561494079974e+00
6.63000000e-01	6.575689972751e-01	1.563393066501e+00
6.64000000e-01	6.591333396282e-01	1.565291558002e+00
6.65000000e-01	6.606995802287e-01	1.567189562412e+00
6.66000000e-01	6.622677185933e-01	1.569087087695e+00
6.67000000e-01	6.638377542470e-01	1.570984141850e+00
6.68000000e-01	6.654096867227e-01	1.572880732904e+00
6.69000000e-01	6.669835155612e-01	1.574776868918e+00
6.70000000e-01	6.685592403115e-01	1.576672557984e+00
6.71000000e-01	6.701368605309e-01	1.578567808224e+00
6.72000000e-01	6.717163757844e-01	1.580462627795e+00
6.73000000e-01	6.732977856456e-01	1.582357024884e+00
6.74000000e-01	6.748810896961e-01	1.584251007709e+00
6.75000000e-01	6.764662875257e-01	1.586144584522e+00
6.76000000e-01	6.780533787326e-01	1.588037763607e+00
6.77000000e-01	6.796423629231e-01	1.589930553279e+00
6.78000000e-01	6.812332397121e-01	1.591822961886e+00
6.79000000e-01	6.828260087227e-01	1.593714997810e+00
6.80000000e-01	6.844206695863e-01	1.595606669463e+00
6.81000000e-01	6.860172219430e-01	1.597497985292e+00
6.82000000e-01	6.876156654411e-01	1.599388953775e+00
6.83000000e-01	6.892159997376e-01	1.601279583423e+00
6.84000000e-01	6.908182244978e-01	1.603169882782e+00
6.85000000e-01	6.924223393959e-01	1.605059860430e+00
6.86000000e-01	6.940283441143e-01	1.606949524976e+00
6.87000000e-01	6.956362383444e-01	1.608838885066e+00
6.88000000e-01	6.972460217859e-01	1.610727949377e+00
6.89000000e-01	6.988576941474e-01	1.612616726621e+00
6.90000000e-01	7.004712551463e-01	1.614505225541e+00
6.91000000e-01	7.020867045087e-01	1.616393454917e+00
6.92000000e-01	7.037040419693e-01	1.618281423561e+00
6.93000000e-01	7.053232672718e-01	1.620169140320e+00
6.94000000e-01	7.069443801689e-01	1.622056614073e+00
6.95000000e-01	7.085673804219e-01	1.623943853735e+00
6.96000000e-01	7.101922678013e-01	1.625830868255e+00
6.97000000e-01	7.118190420864e-01	1.627717666617e+00
6.98000000e-01	7.134477030655e-01	1.629604257837e+00
6.99000000e-01	7.150782505360e-01	1.631490650969e+00
7.00000000e-01	7.167106843044e-01	1.633376855099e+00
7.01000000e-01	7.183450041863e-01	1.635262879349e+00
7.02000000e-01	7.199812100062e-01	1.637148732876e+00
7.03000000e-01	7.216193015982e-01	1.639034424873e+00
7.04000000e-01	7.232592788052e-01	1.640919964565e+00
7.05000000e-01	7.249011414796e-01	1.642805361215e+00
7.06000000e-01	7.265448894831e-01	1.644690624122e+00
7.07000000e-01	7.281905226864e-01	1.646575762618e+00
7.08000000e-01	7.298380409700e-01	1.648460786074e+00
7.09000000e-01	7.314874442233e-01	1.650345703892e+00
7.10000000e-01	7.331387323457e-01	1.652230525515e+00
7.11000000e-01	7.347919052455e-01	1.654115260419e+00
7.12000000e-01	7.364469628408e-01	1.655999918117e+00
7.13000000e-01	7.381039050592e-01	1.657884508158e+00
7.14000000e-01	7.397627318377e-01	1.659769040127e+00
7.15000000e-01	7.414234431233e-01	1.661653523648e+00
7.16000000e-01	7.430860388721e-01	1.663537968378e+00
7.17000000e-01	7.447505190503e-01	1.665422384013e+00
7.18000000e-01	7.464168836337e-01	1.667306780287e+00
7.19000000e-01	7.480851326077e-01	1.669191166967e+00
7.20000000e-01	7.497552659677e-01	1.671075553862e+00
7.21000000e-01	7.514272837188e-01	1.672959950815e+00
7.22000000e-01	7.531011858759e-01	1.674844367707e+00
7.23000000e-01	7.547769724641e-01	1.676728814458e+00
7.24000000e-01	7.564546435181e-01	1.678613301024e+00
7.25000000e-01	7.581341990828e-01	1.680497837400e+00
7.26000000e-01	7.598156392129e-01	1.682382433619e+00
7.27000000e-01	7.614989639733e-01	1.684267099751e+00
7.28000000e-01	7.631841734391e-01	1.686151845905e+00
7.29000000e-01	7.648712676952e-01	1.688036682229e+00
7.30000000e-01	7.665602468370e-01	1.689921618908e+00
7.31000000e-01	7.682511109699e-01	1.691806666167e+00
7.32000000e-01	7.699438602096e-01	1.693691834270e+00
7.33000000e-01	7.716384946821e-01	1.695577133519e+00
7.34000000e-01	7.733350145238e-01	1.697462574254e+00
7.35000000e-01	7.750334198812e-01	1.699348166858e+00
7.36000000e-01	7.767337109116e-01	1.701233921750e+00
7.37000000e-01	7.784358877823e-01	1.703119849390e+00
7.38000000e-01	7.801399506715e-01	1.705005960276e+00
7.39000000e-01	7.818458997675e-01	1.706892264949e+00
7.40000000e-01	7.835537352695e-01	1.708778773988e+00
7.41000000e-01	7.852634573871e-01	1.710665498012e+00
7.42000000e-01	7.869750663407e-01	1.712552447680e+00
7.43000000e-01	7.886885623613e-01	1.714439633693e+00
7.44000000e-01	7.904039456905e-01	1.716327066791e+00
7.45000000e-01	7.921212165808e-01	1.718214757756e+00
7.46000000e-01	7.938403752955e-01	1.720102717411e+00
7.47000000e-01	7.955614221088e-01	1.721990956618e+00
7.48000000e-01	7.972843573056e-01	1.723879486283e+00
7.49000000e-01	7.990091811818e-01	1.725768317352e+00
7.50000000e-01	8.007358940444e-01	1.727657460812e+00
7.51000000e-01	8.024644962113e-01	1.729546927694e+00
7.52000000e-01	8.041949880113e-01	1.731436729067e+00
7.53000000e-01	8.059273697846e-01	1.733326876046e+00
7.54000000e-01	8.076616418823e-01	1.735217379787e+00
7.55000000e-01	8.093978046668e-01	1.737108251487e+00
7.56000000e-01	8.111358585117e-01	1.738999502387e+00
7.57000000e-01	8.128758038018e-01	1.740891143770e+00
7.58000000e-01	8.146176409332e-01	1.742783186962e+00
7.59000000e-01	8.163613703134e-01	1.744675643334e+00
7.60000000e-01	8.181069923614e-01	1.746568524296e+00
7.61000000e-01	8.198545075074e-01	1.748461841306e+00
7.62000000e-01	8.216039161932e-01	1.750355605863e+00
7.63000000e-01	8.233552188721e-01	1.752249829510e+00
7.64000000e-01	8.251084160091e-01	1.754144523835e+00
7.65000000e-01	8.268635080805e-01	1.756039700469e+00
7.66000000e-01	8.286204955747e-01	1.757935371087e+00
7.67000000e-01	8.303793789913e-01	1.759831547411e+00
7.68000000e-01	8.321401588420e-01	1.761728241205e+00
7.69000000e-01	8.339028356501e-01	1.763625464279e+00
7.70000000e-01	8.356674099509e-01	1.765523228488e+00
7.71000000e-01	8.374338822914e-01	1.767421545732e+00
7.72000000e-01	8.392022532307e-01	1.769320427956e+00
7.73000000e-01	8.409725233397e-01	1.771219887153e+00
7.74000000e-01	8.427446932014e-01	1.773119935359e+00
7.75000000e-01	8.445187634108e-01	1.775020584656e+00
7.76000000e-01	8.462947345751e-01	1.776921847176e+00
7.77000000e-01	8.480726073136e-01	1.778823735092e+00
7.78000000e-01	8.498523822578e-01	1.780726260628e+00
7.79000000e-01	8.516340600515e-01	1.782629436053e+00
7.80000000e-01	8.534176413506e-01	1.784533273683e+00
7.81000000e-01	8.552031268237e-01	1.786437785881e+00
7.82000000e-01	8.569905171514e-01	1.788342985058e+00
7.83000000e-01	8.587798130270e-01	1.790248883673e+00
7.84000000e-01	8.605710151561e-01	1.792155494231e+00
7.85000000e-01	8.623641242569e-01	1.794062829287e+00
7.86000000e-01	8.641591410603e-01	1.795970901444e+00
7.87000000e-01	8.659560663097e-01	1.797879723353e+00
7.88000000e-01	8.677549007612e-01	1.799789307712e+00
7.89000000e-01	8.695556451835e-01	1.801699667272e+00
7.90000000e-01	8.713583003584e-01	1.803610814829e+00
7.91000000e-01	8.731628670801e-01	1.805522763231e+00
7.92000000e-01	8.749693461561e-01	1.807435525374e+00
7.93000000e-01	8.767777384065e-01	1.809349114205e+00
7.94000000e-01	8.785880446644e-01	1.811263542719e+00
7.95000000e-01	8.804002657761e-01	1.813178823963e+00
7.96000000e-01	8.822144026009e-01	1.815094971035e+00
7.97000000e-01	8.840304560112e-01	1.817011997082e+00
7.98000000e-01	8.858484268925e-01	1.818929915302e+00
7.99000000e-01	8.876683161436e-01	1.820848738946e+00
8.00000000e-01	8.894901246766e-01	1.822768481313e+00
8.01000000e-01	8.913138534169e-01	1.824689155758e+00
8.02000000e-01	8.931395033033e-01	1.826610775683e+00
8.03000000e-01	8.949670752879e-01	1.828533354547e+00
8.04000000e-01	8.967965703365e-01	1.830456905857e+00
8.05000000e-01	8.986279894283e-01	1.832381443176e+00
8.06000000e-01	9.004613335561e-01	1.834306980116e+00
8.07000000e-01	9.022966037263e-01	1.836233530347e+00
8.08000000e-01	9.041338009591e-01	1.838161107587e+00
8.09000000e-01	9.059729262884e-01	1.840089725611e+00
8.10000000e-01	9.078139807619e-01	1.842019398248e+00
8.11000000e-01	9.096569654411e-01	1.843950139379e+00
8.12000000e-01	9.115018814015e-01	1.845881962939e+00
8.13000000e-01	9.133487297324e-01	1.847814882921e+00
8.14000000e-01	9.151975115375e-01	1.849748913369e+00
8.15000000e-01	9.170482279340e-01	1.851684068385e+00
8.16000000e-01	9.189008800538e-01	1.853620362123e+00
8.17000000e-01	9.207554690426e-01	1.855557808797e+00
8.18000000e-01	9.226119960605e-01	1.857496422672e+00
8.19000000e-01	9.244704622818e-01	1.859436218074e+00
8.20000000e-01	9.263308688952e-01	1.861377209381e+00
8.21000000e-01	9.281932171040e-01	1.863319411031e+00
8.22000000e-01	9.300575081256e-01	1.865262837516e+00
8.23000000e-01	9.319237431921e-01	1.867207503389e+00
8.24000000e-01	9.337919235504e-01	1.869153423257e+00
8.25000000e-01	9.356620504615e-01	1.871100611786e+00
8.26000000e-01	9.375341252017e-01	1.873049083701e+00
8.27000000e-01	9.394081490617e-01	1.874998853785e+00
8.28000000e-01	9.412841233470e-01	1.876949936877e+00
8.29000000e-01	9.431620493781e-01	1.878902347879e+00
8.30000000e-01	9.450419284903e-01	1.880856101750e+00
8.31000000e-01	9.469237620342e-01	1.882811213508e+00
8.32000000e-01	9.488075513750e-01	1.884767698233e+00
8.33000000e-01	9.506932978933e-01	1.886725571063e+00
8.34000000e-01	9.525810029849e-01	1.888684847197e+00
8.35000000e-01	9.544706680606e-01	1.890645541895e+00
8.36000000e-01	9.563622945467e-01	1.892607670478e+00
8.37000000e-01	9.582558838846e-01	1.894571248328e+00
8.38000000e-01	9.601514375315e-01	1.896536290890e+00
8.39000000e-01	9.620489569598e-01	1.898502813668e+00
8.40000000e-01	9.639484436575e-01	1.900470832230e+00
8.41000000e-01	9.658498991281e-01	1.902440362208e+00
8.42000000e-01	9.677533248909e-01	1.904411419295e+00
8.43000000e-01	9.696587224810e-01	1.906384019247e+00
8.44000000e-01	9.715660934490e-01	1.908358177885e+00
8.45000000e-01	9.734754393616e-01	1.910333911092e+00
8.46000000e-01	9.753867618013e-01	1.912311234817e+00
8.47000000e-01	9.773000623667e-01	1.914290165073e+00
8.48000000e-01	9.792153426724e-01	1.916270717937e+00
8.49000000e-01	9.811326043489e-01	1.918252909552e+00
8.50000000e-01	9.830518490431e-01	1.920236756126e+00
8.51000000e-01	9.849730784182e-01	1.922222273933e+00
8.52000000e-01	9.868962941535e-01	1.924209479314e+00
8.53000000e-01	9.888214979448e-01	1.926198388676e+00
8.54000000e-01	9.907486915043e-01	1.928189018491e+00
8.55000000e-01	9.926778765608e-01	1.930181385302e+00
8.56000000e-01	9.946090548595e-01	1.932175505716e+00
8.57000000e-01	9.965422281623e-01	1.934171396411e+00
8.58000000e-01	9.984773982480e-01	1.936169074132e+00
8.59000000e-01	1.000414566912e+00	1.938168555691e+00
8.60000000e-01	1.002353735966e+00	1.940169857971e+00
8.61000000e-01	1.004294907240e+00	1.942172997925e+00
8.62000000e-01	1.006238082580e+00	1.944177992574e+00
8.63000000e-01	1.008183263849e+00	1.946184859010e+00
8.64000000e-01	1.010130452928e+00	1.948193614395e+00
8.65000000e-01	1.012079651714e+00	1.950204275963e+00
8.66000000e-01	1.014030862121e+00	1.952216861018e+00
8.67000000e-01	1.015984086083e+00	1.954231386937e+00
8.68000000e-01	1.017939325548e+00	1.956247871168e+00
8.69000000e-01	1.019896582484e+00	1.958266331232e+00
8.70000000e-01	1.021855858875e+00	1.960286784722e+00
8.71000000e-01	1.023817156723e+00	1.962309249305e+00
8.72000000e-01	1.025780478050e+00	1.964333742722e+00
8.73000000e-01	1.027745824891e+00	1.966360282787e+00
8.74000000e-01	1.029713199303e+00	1.968388887388e+00
8.75000000e-01	1.031682603360e+00	1.970419574491e+00
8.76000000e-01	1.033654039152e+00	1.972452362133e+00
8.77000000e-01	1.035627508790e+00	1.974487268430e+00
8.78000000e-01	1.037603014402e+00	1.976524311572e+00
8.79000000e-01	1.039580558132e+00	1.978563509826e+00
8.80000000e-01	1.041560142146e+00	1.980604881537e+00
8.81000000e-01	1.043541768626e+00	1.982648445127e+00
8.82000000e-01	1.045525439773e+00	1.984694219094e+00
8.83000000e-01	1.047511157807e+00	1.986742222016e+00
8.84000000e-01	1.049498924966e+00	1.988792472550e+00
8.85000000e-01	1.051488743507e+00	1.990844989431e+00
8.86000000e-01	1.053480615707e+00	1.992899791473e+00
8.87000000e-01	1.055474543858e+00	1.994956897571e+00
8.88000000e-01	1.057470530276e+00	1.997016326702e+00
8.89000000e-01	1.059468577292e+00	1.999078097920e+00
8.90000000e-01	1.061468687259e+00	2.001142230364e+00
8.91000000e-01	1.063470862547e+00	2.003208743252e+00
8.92000000e-01	1.065475105545e+00	2.005277655887e+00
8.93000000e-01	1.067481418665e+00	2.007348987653e+00
8.94000000e-01	1.069489804334e+00	2.009422758017e+00
8.95000000e-01	1.071500265000e+00	2.011498986531e+00
8.96000000e-01	1.073512803133e+00	2.013577692829e+00
8.97000000e-01	1.075527421218e+00	2.015658896633e+00
8.98000000e-01	1.077544121765e+00	2.017742617747e+00
8.99000000e-01	1.079562907300e+00	2.019828876062e+00
9.00000000e-01	1.081583780369e+00	2.021917691555e+00
9.01000000e-01	1.083606743542e+00	2.024009084290e+00
9.02000000e-01	1.085631799404e+00	2.026103074417e+00
9.03000000e-01	1.087658950563e+00	2.028199682175e+00
9.04000000e-01	1.089688199648e+00	2.030298927890e+00
9.05000000e-01	1.091719549305e+00	2.032400831977e+00
9.06000000e-01	1.093753002204e+00	2.034505414940e+00
9.07000000e-01	1.095788561035e+00	2.036612697374e+00
9.08000000e-01	1.097826228506e+00	2.038722699962e+00
9.09000000e-01	1.099866007348e+00	2.040835443480e+00
9.10000000e-01	1.101907900313e+00	2.042950948793e+00
9.11000000e-01	1.103951910174e+00	2.045069236859e+00
9.12000000e-01	1.105998039722e+00	2.047190328729e+00
9.13000000e-01	1.108046291773e+00	2.049314245546e+00
9.14000000e-01	1.110096669162e+00	2.051441008547e+00
9.15000000e-01	1.112149174746e+00	2.053570639062e+00
9.16000000e-01	1.114203811403e+00	2.055703158516e+00
9.17000000e-01	1.116260582033e+00	2.057838588430e+00
9.18000000e-01	1.118319489557e+00	2.059976950420e+00
9.19000000e-01	1.120380536918e+00	2.062118266197e+00
9.20000000e-01	1.122443727081e+00	2.064262557572e+00
9.21000000e-01	1.124509063032e+00	2.066409846451e+00
9.22000000e-01	1.126576547781e+00	2.068560154838e+00
9.23000000e-01	1.128646184356e+00	2.070713504836e+00
9.24000000e-01	1.130717975812e+00	2.072869918648e+00
9.25000000e-01	1.132791925222e+00	2.075029418575e+00
9.26000000e-01	1.134868035685e+00	2.077192027021e+00
9.27000000e-01	1.136946310320e+00	2.079357766489e+00
9.28000000e-01	1.139026752269e+00	2.081526659583e+00
9.29000000e-01	1.141109364698e+00	2.083698729011e+00
9.30000000e-01	1.143194150793e+00	2.085873997584e+00
9.31000000e-01	1.145281113767e+00	2.088052488215e+00
9.32000000e-01	1.147370256852e+00	2.090234223922e+00
9.33000000e-01	1.149461583304e+00	2.092419227827e+00
9.34000000e-01	1.151555096404e+00	2.094607523158e+00
9.35000000e-01	1.153650799455e+00	2.096799133250e+00
9.36000000e-01	1.155748695784e+00	2.098994081542e+00
9.37000000e-01	1.157848788739e+00	2.101192391584e+00
9.38000000e-01	1.159951081695e+00	2.103394087030e+00
9.39000000e-01	1.162055578049e+00	2.105599191646e+00
9.40000000e-01	1.164162281223e+00	2.107807729306e+00
9.41000000e-01	1.166271194660e+00	2.110019723995e+00
9.42000000e-01	1.168382321831e+00	2.112235199806e+00
9.43000000e-01	1.170495666228e+00	2.114454180946e+00
9.44000000e-01	1.172611231370e+00	2.116676691733e+00
9.45000000e-01	1.174729020797e+00	2.118902756600e+00
9.46000000e-01	1.176849038076e+00	2.121132400090e+00
9.47000000e-01	1.178971286798e+00	2.123365646863e+00
9.48000000e-01	1.181095770579e+00	2.125602521692e+00
9.49000000e-01	1.183222493059e+00	2.127843049467e+00
9.50000000e-01	1.185351457904e+00	2.130087255194e+00
9.51000000e-01	1.187482668804e+00	2.132335163996e+00
9.52000000e-01	1.189616129474e+00	2.134586801115e+00
9.53000000e-01	1.191751843657e+00	2.136842191909e+00
9.54000000e-01	1.193889815118e+00	2.139101361858e+00
9.55000000e-01	1.196030047649e+00	2.141364336561e+00
9.56000000e-01	1.198172545068e+00	2.143631141739e+00
9.57000000e-01	1.200317311218e+00	2.145901803233e+00
9.58000000e-01	1.202464349969e+00	2.148176347006e+00
9.59000000e-01	1.204613665215e+00	2.150454799148e+00
9.60000000e-01	1.206765260878e+00	2.152737185868e+00
9.61000000e-01	1.208919140907e+00	2.155023533504e+00
9.62000000e-01	1.211075309274e+00	2.157313868518e+00
9.63000000e-01	1.213233769982e+00	2.159608217497e+00
9.64000000e-01	1.215394527056e+00	2.161906607158e+00
9.65000000e-01	1.217557584552e+00	2.164209064344e+00
9.66000000e-01	1.219722946550e+00	2.166515616029e+00
9.67000000e-01	1.221890617158e+00	2.168826289313e+00
9.68000000e-01	1.224060600511e+00	2.171141111431e+00
9.69000000e-01	1.226232900773e+00	2.173460109747e+00
9.70000000e-01	1.228407522132e+00	2.175783311757e+00
9.71000000e-01	1.230584468807e+00	2.178110745092e+00
9.72000000e-01	1.232763745042e+00	2.180442437515e+00
9.73000000e-01	1.234945355111e+00	2.182778416925e+00
9.74000000e-01	1.237129303314e+00	2.185118711357e+00
9.75000000e-01	1.239315593981e+00	2.187463348982e+00
9.76000000e-01	1.241504231469e+00	2.189812358109e+00
9.77000000e-01	1.243695220164e+00	2.192165767185e+00
9.78000000e-01	1.245888564480e+00	2.194523604797e+00
9.79000000e-01	1.248084268860e+00	2.196885899673e+00
9.80000000e-01	1.250282337775e+00	2.199252680680e+00
9.81000000e-01	1.252482775726e+00	2.201623976830e+00
9.82000000e-01	1.254685587243e+00	2.203999817275e+00
9.83000000e-01	1.256890776885e+00	2.206380231315e+00
9.84000000e-01	1.259098349240e+00	2.208765248390e+00
9.85000000e-01	1.261308308926e+00	2.211154898091e+00
9.86000000e-01	1.263520660590e+00	2.213549210153e+00
9.87000000e-01	1.265735408910e+00	2.215948214461e+00
9.88000000e-01	1.267952558593e+00	2.218351941046e+00
9.89000000e-01	1.270172114377e+00	2.220760420092e+00
9.90000000e-01	1.272394081028e+00	2.223173681932e+00
9.91000000e-01	1.274618463345e+00	2.225591757052e+00
9.92000000e-01	1.276845266157e+00	2.228014676091e+00
9.93000000e-01	1.279074494322e+00	2.230442469842e+00
9.94000000e-01	1.281306152731e+00	2.232875169253e+00
9.95000000e-01	1.283540246306e+00	2.235312805427e+00
9.96000000e-01	1.285776779998e+00	2.237755409626e+00
9.97000000e-01	1.288015758792e+00	2.240203013270e+00
9.98000000e-01	1.290257187702e+00	2.242655647937e+00
9.99000000e-01	1.292501071775e+00	2.245113345366e+00
1.00000000e+00	1.294747416091e+00	2.247576137460e+00
1.00100000e+00	1.296996225759e+00	2.250044056280e+00
1.00200000e+00	1.299247505923e+00	2.252517134055e+00
1.00300000e+00	1.301501261758e+00	2.254995403176e+00
1.00400000e+00	1.303757498471e+00	2.257478896202e+00
1.00500000e+00	1.306016221302e+00	2.259967645858e+00
1.00600000e+00	1.308277435526e+00	2.262461685037e+00
1.00700000e+00	1.310541146447e+00	2.264961046804e+00
1.00800000e+00	1.312807359404e+00	2.267465764390e+00
1.00900000e+00	1.315076079772e+00	2.269975871202e+00
1.01000000e+00	1.317347312954e+00	2.272491400819e+00
1.01100000e+00	1.319621064392e+00	2.275012386993e+00
1.01200000e+00	1.321897339559e+00	2.277538863652e+00
1.01300000e+00	1.324176143961e+00	2.280070864901e+00
1.01400000e+00	1.326457483141e+00	2.282608425024e+00
1.01500000e+00	1.328741362676e+00	2.285151578480e+00
1.01600000e+00	1.331027788174e+00	2.287700359914e+00
1.01700000e+00	1.333316765283e+00	2.290254804147e+00
1.01800000e+00	1.335608299682e+00	2.292814946188e+00
1.01900000e+00	1.337902397086e+00	2.295380821227e+00
1.02000000e+00	1.340199063247e+00	2.297952464641e+00
1.02100000e+00	1.342498303950e+00	2.300529911992e+00
1.02200000e+00	1.344800125018e+00	2.303113199032e+00
1.02300000e+00	1.347104532307e+00	2.305702361701e+00
1.02400000e+00	1.349411531712e+00	2.308297436132e+00
1.02500000e+00	1.351721129162e+00	2.310898458647e+00
1.02600000e+00	1.354033330624e+00	2.313505465764e+00
1.02700000e+00	1.356348142100e+00	2.316118494194e+00
1.02800000e+00	1.358665569632e+00	2.318737580847e+00
1.02900000e+00	1.360985619294e+00	2.321362762827e+00
1.03000000e+00	1.363308297201e+00	2.323994077440e+00
1.03100000e+00	1.365633609506e+00	2.326631562192e+00
1.03200000e+00	1.367961562395e+00	2.329275254789e+00
1.03300000e+00	1.370292162097e+00	2.331925193142e+00
1.03400000e+00	1.372625414876e+00	2.334581415367e+00
1.03500000e+00	1.374961327035e+00	2.337243959787e+00
1.03600000e+00	1.377299904916e+00	2.339912864929e+00
1.03700000e+00	1.379641154898e+00	2.342588169534e+00
1.03800000e+00	1.381985083401e+00	2.345269912552e+00
1.03900000e+00	1.384331696882e+00	2.347958133143e+00
1.04000000e+00	1.386681001840e+00	2.350652870685e+00
1.04100000e+00	1.389033004809e+00	2.353354164769e+00
1.04200000e+00	1.391387712368e+00	2.356062055202e+00
1.04300000e+00	1.393745131132e+00	2.358776582013e+00
1.04400000e+00	1.396105267758e+00	2.361497785448e+00
1.04500000e+00	1.398468128942e+00	2.364225705975e+00
1.04600000e+00	1.400833721422e+00	2.366960384288e+00
1.04700000e+00	1.403202051977e+00	2.369701861303e+00
1.04800000e+00	1.405573127425e+00	2.372450178164e+00
1.04900000e+00	1.407946954627e+00	2.375205376244e+00
1.05000000e+00	1.410323540485e+00	2.377967497144e+00
1.05100000e+00	1.412702891942e+00	2.380736582699e+00
1.05200000e+00	1.415085015986e+00	2.383512674976e+00
1.05300000e+00	1.417469919642e+00	2.386295816277e+00
1.05400000e+00	1.419857609982e+00	2.389086049142e+00
1.05500000e+00	1.422248094118e+00	2.391883416348e+00
1.05600000e+00	1.424641379207e+00	2.394687960915e+00
1.05700000e+00	1.427037472447e+00	2.397499726101e+00
1.05800000e+00	1.429436381081e+00	2.400318755413e+00
1.05900000e+00	1.431838112394e+00	2.403145092600e+00
1.06000000e+00	1.434242673717e+00	2.405978781659e+00
1.06100000e+00	1.436650072423e+00	2.408819866840e+00
1.06200000e+00	1.439060315930e+00	2.411668392639e+00
1.06300000e+00	1.441473411703e+00	2.414524403809e+00
1.06400000e+00	1.443889367248e+00	2.417387945357e+00
1.06500000e+00	1.446308190119e+00	2.420259062547e+00
1.06600000e+00	1.448729887914e+00	2.423137800902e+00
1.06700000e+00	1.451154468276e+00	2.426024206207e+00
1.06800000e+00	1.453581938897e+00	2.428918324507e+00
1.06900000e+00	1.456012307512e+00	2.431820202114e+00
1.07000000e+00	1.458445581903e+00	2.434729885608e+00
1.07100000e+00	1.460881769901e+00	2.437647421835e+00
1.07200000e+00	1.463320879380e+00	2.440572857914e+00
1.07300000e+00	1.465762918266e+00	2.443506241237e+00
1.07400000e+00	1.468207894528e+00	2.446447619469e+00
1.07500000e+00	1.470655816185e+00	2.449397040555e+00
1.07600000e+00	1.473106691306e+00	2.452354552717e+00
1.07700000e+00	1.475560528004e+00	2.455320204460e+00
1.07800000e+00	1.478017334444e+00	2.458294044572e+00
1.07900000e+00	1.480477118839e+00	2.461276122125e+00
1.08000000e+00	1.482939889451e+00	2.464266486483e+00
1.08100000e+00	1.485405654591e+00	2.467265187296e+00
1.08200000e+00	1.487874422621e+00	2.470272274509e+00
1.08300000e+00	1.490346201952e+00	2.473287798360e+00
1.08400000e+00	1.492821001047e+00	2.476311809385e+00
1.08500000e+00	1.495298828417e+00	2.479344358419e+00
1.08600000e+00	1.497779692626e+00	2.482385496598e+00
1.08700000e+00	1.500263602290e+00	2.485435275363e+00
1.08800000e+00	1.502750566075e+00	2.488493746460e+00
1.08900000e+00	1.505240592698e+00	2.491560961944e+00
1.09000000e+00	1.507733690931e+00	2.494636974181e+00
1.09100000e+00	1.510229869596e+00	2.497721835850e+00
1.09200000e+00	1.512729137570e+00	2.500815599948e+00
1.09300000e+00	1.515231503781e+00	2.503918319787e+00
1.09400000e+00	1.517736977213e+00	2.507030049002e+00
1.09500000e+00	1.520245566900e+00	2.510150841551e+00
1.09600000e+00	1.522757281935e+00	2.513280751717e+00
1.09700000e+00	1.525272131461e+00	2.516419834114e+00
1.09800000e+00	1.527790124679e+00	2.519568143684e+00
1.09900000e+00	1.530311270843e+00	2.522725735704e+00
1.10000000e+00	1.532835579263e+00	2.525892665788e+00
1.10100000e+00	1.535363059306e+00	2.529068989887e+00
1.10200000e+00	1.537893720393e+00	2.532254764295e+00
1.10300000e+00	1.540427572003e+00	2.535450045651e+00
1.10400000e+00	1.542964623672e+00	2.538654890940e+00
1.10500000e+00	1.545504884992e+00	2.541869357497e+00
1.10600000e+00	1.548048365613e+00	2.545093503009e+00
1.10700000e+00	1.550595075244e+00	2.548327385519e+00
1.10800000e+00	1.553145023650e+00	2.551571063430e+00
1.10900000e+00	1.555698220655e+00	2.554824595504e+00
1.11000000e+00	1.558254676145e+00	2.558088040867e+00
1.11100000e+00	1.560814400061e+00	2.561361459013e+00
1.11200000e+00	1.563377402407e+00	2.564644909805e+00
1.11300000e+00	1.565943693245e+00	2.567938453480e+00
1.11400000e+00	1.568513282699e+00	2.571242150651e+00
1.11500000e+00	1.571086180951e+00	2.574556062309e+00
1.11600000e+00	1.573662398249e+00	2.577880249826e+00
1.11700000e+00	1.576241944897e+00	2.581214774962e+00
1.11800000e+00	1.578824831265e+00	2.584559699863e+00
1.11900000e+00	1.581411067784e+00	2.587915087067e+00
1.12000000e+00	1.584000664948e+00	2.591280999507e+00
1.12100000e+00	1.586593633313e+00	2.594657500513e+00
1.12200000e+00	1.589189983499e+00	2.598044653816e+00
1.12300000e+00	1.591789726192e+00	2.601442523552e+00
1.12400000e+00	1.594392872140e+00	2.604851174265e+00
1.12500000e+00	1.596999432156e+00	2.608270670909e+00
1.12600000e+00	1.599609417119e+00	2.611701078852e+00
1.12700000e+00	1.602222837973e+00	2.615142463880e+00
1.12800000e+00	1.604839705728e+00	2.618594892202e+00
1.12900000e+00	1.607460031461e+00	2.622058430449e+00
1.13000000e+00	1.610083826315e+00	2.625533145682e+00
1.13100000e+00	1.612711101500e+00	2.629019105392e+00
1.13200000e+00	1.615341868296e+00	2.632516377506e+00
1.13300000e+00	1.617976138049e+00	2.636025030392e+00
1.13400000e+00	1.620613922173e+00	2.639545132857e+00
1.13500000e+00	1.623255232154e+00	2.643076754156e+00
1.13600000e+00	1.625900079545e+00	2.646619963994e+00
1.13700000e+00	1.628548475968e+00	2.650174832529e+00
1.13800000e+00	1.631200433119e+00	2.653741430377e+00
1.13900000e+00	1.633855962763e+00	2.657319828616e+00
1.14000000e+00	1.636515076734e+00	2.660910098787e+00
1.14100000e+00	1.639177786941e+00	2.664512312902e+00
1.14200000e+00	1.641844105365e+00	2.668126543446e+00
1.14300000e+00	1.644514044058e+00	2.671752863378e+00
1.14400000e+00	1.647187615146e+00	2.675391346143e+00
1.14500000e+00	1.649864830829e+00	2.679042065667e+00
1.14600000e+00	1.652545703381e+00	2.682705096367e+00
1.14700000e+00	1.655230245151e+00	2.686380513153e+00
1.14800000e+00	1.657918468561e+00	2.690068391432e+00
1.14900000e+00	1.660610386113e+00	2.693768807113e+00
1.15000000e+00	1.663306010380e+00	2.697481836611e+00
1.15100000e+00	1.666005354016e+00	2.701207556852e+00
1.15200000e+00	1.668708429750e+00	2.704946045276e+00
1.15300000e+00	1.671415250389e+00	2.708697379842e+00
1.15400000e+00	1.674125828818e+00	2.712461639032e+00
1.15500000e+00	1.676840178001e+00	2.716238901857e+00
1.15600000e+00	1.679558310983e+00	2.720029247861e+00
1.15700000e+00	1.682280240885e+00	2.723832757123e+00
1.15800000e+00	1.685005980912e+00	2.727649510265e+00
1.15900000e+00	1.687735544347e+00	2.731479588457e+00
1.16000000e+00	1.690468944557e+00	2.735323073417e+00
1.16100000e+00	1.693206194990e+00	2.739180047420e+00
1.16200000e+00	1.695947309176e+00	2.743050593304e+00
1.16300000e+00	1.698692300729e+00	2.746934794469e+00
1.16400000e+00	1.701441183345e+00	2.750832734888e+00
1.16500000e+00	1.704193970806e+00	2.754744499108e+00
1.16600000e+00	1.706950676979e+00	2.758670172259e+00
1.16700000e+00	1.709711315816e+00	2.762609840052e+00
1.16800000e+00	1.712475901353e+00	2.766563588793e+00
1.16900000e+00	1.715244447716e+00	2.770531505382e+00
1.17000000e+00	1.718016969116e+00	2.774513677320e+00
1.17100000e+00	1.720793479852e+00	2.778510192716e+00
1.17200000e+00	1.723573994312e+00	2.782521140287e+00
1.17300000e+00	1.726358526973e+00	2.786546609371e+00
1.17400000e+00	1.729147092401e+00	2.790586689927e+00
1.17500000e+00	1.731939705253e+00	2.794641472542e+00
1.17600000e+00	1.734736380277e+00	2.798711048437e+00
1.17700000e+00	1.737537132312e+00	2.802795509470e+00
1.17800000e+00	1.740341976289e+00	2.806894948148e+00
1.17900000e+00	1.743150927232e+00	2.811009457626e+00
1.18000000e+00	1.745964000259e+00	2.815139131716e+00
1.18100000e+00	1.748781210582e+00	2.819284064891e+00
1.18200000e+00	1.751602573507e+00	2.823444352295e+00
1.18300000e+00	1.754428104436e+00	2.827620089744e+00
1.18400000e+00	1.757257818868e+00	2.831811373735e+00
1.18500000e+00	1.760091732398e+00	2.836018301451e+00
1.18600000e+00	1.762929860718e+00	2.840240970769e+00
1.18700000e+00	1.765772219620e+00	2.844479480263e+00
1.18800000e+00	1.768618824992e+00	2.848733929213e+00
1.18900000e+00	1.771469692825e+00	2.853004417610e+00
1.19000000e+00	1.774324839207e+00	2.857291046164e+00
1.19100000e+00	1.777184280331e+00	2.861593916309e+00
1.19200000e+00	1.780048032488e+00	2.865913130208e+00
1.19300000e+00	1.782916112073e+00	2.870248790765e+00
1.19400000e+00	1.785788535586e+00	2.874601001626e+00
1.19500000e+00	1.788665319628e+00	2.878969867190e+00
1.19600000e+00	1.791546480907e+00	2.883355492612e+00
1.19700000e+00	1.794432036235e+00	2.887757983815e+00
1.19800000e+00	1.797322002532e+00	2.892177447490e+00
1.19900000e+00	1.800216396824e+00	2.896613991110e+00
1.20000000e+00	1.803115236244e+00	2.901067722935e+00
1.20100000e+00	1.806018538035e+00	2.905538752016e+00
1.20200000e+00	1.808926319550e+00	2.910027188206e+00
1.20300000e+00	1.811838598251e+00	2.914533142167e+00
1.20400000e+00	1.814755391711e+00	2.919056725376e+00
1.20500000e+00	1.817676717616e+00	2.923598050133e+00
1.20600000e+00	1.820602593763e+00	2.928157229570e+00
1.20700000e+00	1.823533038064e+00	2.932734377658e+00
1.20800000e+00	1.826468068546e+00	2.937329609213e+00
1.20900000e+00	1.829407703349e+00	2.941943039907e+00
1.21000000e+00	1.832351960731e+00	2.946574786273e+00
1.21100000e+00	1.835300859066e+00	2.951224965716e+00
1.21200000e+00	1.838254416846e+00	2.955893696520e+00
1.21300000e+00	1.841212652682e+00	2.960581097853e+00
1.21400000e+00	1.844175585305e+00	2.965287289783e+00
1.21500000e+00	1.847143233566e+00	2.970012393278e+00
1.21600000e+00	1.850115616436e+00	2.974756530220e+00
1.21700000e+00	1.853092753012e+00	2.979519823412e+00
1.21800000e+00	1.856074662510e+00	2.984302396586e+00
1.21900000e+00	1.859061364273e+00	2.989104374413e+00
1.22000000e+00	1.862052877769e+00	2.993925882511e+00
1.22100000e+00	1.865049222590e+00	2.998767047457e+00
1.22200000e+00	1.868050418458e+00	3.003627996790e+00
1.22300000e+00	1.871056485222e+00	3.008508859025e+00
1.22400000e+00	1.874067442857e+00	3.013409763664e+00
1.22500000e+00	1.877083311473e+00	3.018330841198e+00
1.22600000e+00	1.880104111308e+00	3.023272223126e+00
1.22700000e+00	1.883129862732e+00	3.028234041956e+00
1.22800000e+00	1.886160586249e+00	3.033216431221e+00
1.22900000e+00	1.889196302496e+00	3.038219525486e+00
1.23000000e+00	1.892237032246e+00	3.043243460358e+00
1.23100000e+00	1.895282796409e+00	3.048288372496e+00
1.23200000e+00	1.898333616030e+00	3.053354399625e+00
1.23300000e+00	1.901389512293e+00	3.058441680540e+00
1.23400000e+00	1.904450506522e+00	3.063550355121e+00
1.23500000e+00	1.907516620181e+00	3.068680564342e+00
1.23600000e+00	1.910587874876e+00	3.073832450281e+00
1.23700000e+00	1.913664292355e+00	3.079006156135e+00
1.23800000e+00	1.916745894510e+00	3.084201826224e+00
1.23900000e+00	1.919832703377e+00	3.089419606007e+00
1.24000000e+00	1.922924741141e+00	3.094659642093e+00
1.24100000e+00	1.926022030130e+00	3.099922082251e+00
1.24200000e+00	1.929124592823e+00	3.105207075421e+00
1.24300000e+00	1.932232451848e+00	3.110514771727e+00
1.24400000e+00	1.935345629984e+00	3.115845322488e+00
1.24500000e+00	1.938464150162e+00	3.121198880231e+00
1.24600000e+00	1.941588035465e+00	3.126575598701e+00
1.24700000e+00	1.944717309131e+00	3.131975632873e+00
1.24800000e+00	1.947851994555e+00	3.137399138968e+00
1.24900000e+00	1.950992115286e+00	3.142846274462e+00
1.25000000e+00	1.954137695033e+00	3.148317198100e+00
1.25100000e+00	1.957288757665e+00	3.153812069906e+00
1.25200000e+00	1.960445327209e+00	3.159331051200e+00
1.25300000e+00	1.963607427858e+00	3.164874304610e+00
1.25400000e+00	1.966775083964e+00	3.170441994084e+00
1.25500000e+00	1.969948320046e+00	3.176034284901e+00
1.25600000e+00	1.973127160790e+00	3.181651343691e+00
1.25700000e+00	1.976311631046e+00	3.187293338443e+00
1.25800000e+00	1.979501755835e+00	3.192960438521e+00
1.25900000e+00	1.982697560348e+00	3.198652814679e+00
1.26000000e+00	1.985899069947e+00	3.204370639071e+00
1.26100000e+00	1.989106310167e+00	3.210114085271e+00
1.26200000e+00	1.992319306717e+00	3.215883328285e+00
1.26300000e+00	1.995538085481e+00	3.221678544563e+00
1.26400000e+00	1.998762672523e+00	3.227499912019e+00
1.26500000e+00	2.001993094082e+00	3.233347610042e+00
1.26600000e+00	2.005229376580e+00	3.239221819513e+00
1.26700000e+00	2.008471546619e+00	3.245122722820e+00
1.26800000e+00	2.011719630985e+00	3.251050503874e+00
1.26900000e+00	2.014973656648e+00	3.257005348124e+00
1.27000000e+00	2.018233650764e+00	3.262987442574e+00
1.27100000e+00	2.021499640679e+00	3.268996975799e+00
1.27200000e+00	2.024771653926e+00	3.275034137958e+00
1.27300000e+00	2.028049718229e+00	3.281099120819e+00
1.27400000e+00	2.031333861505e+00	3.287192117766e+00
1.27500000e+00	2.034624111867e+00	3.293313323823e+00
1.27600000e+00	2.037920497622e+00	3.299462935667e+00
1.27700000e+00	2.041223047273e+00	3.305641151647e+00
1.27800000e+00	2.044531789526e+00	3.311848171803e+00
1.27900000e+00	2.047846753285e+00	3.318084197882e+00
1.28000000e+00	2.051167967658e+00	3.324349433357e+00
1.28100000e+00	2.054495461957e+00	3.330644083444e+00
1.28200000e+00	2.057829265699e+00	3.336968355122e+00
1.28300000e+00	2.061169408611e+00	3.343322457152e+00
1.28400000e+00	2.064515920627e+00	3.349706600093e+00
1.28500000e+00	2.067868831895e+00	3.356120996327e+00
1.28600000e+00	2.071228172776e+00	3.362565860072e+00
1.28700000e+00	2.074593973843e+00	3.369041407406e+00
1.28800000e+00	2.077966265891e+00	3.375547856286e+00
1.28900000e+00	2.081345079930e+00	3.382085426567e+00
1.29000000e+00	2.084730447192e+00	3.388654340024e+00
1.29100000e+00	2.088122399132e+00	3.395254820372e+00
1.29200000e+00	2.091520967430e+00	3.401887093288e+00
1.29300000e+00	2.094926183992e+00	3.408551386431e+00
1.29400000e+00	2.098338080953e+00	3.415247929464e+00
1.29500000e+00	2.101756690678e+00	3.421976954076e+00
1.29600000e+00	2.105182045766e+00	3.428738694003e+00
1.29700000e+00	2.108614179050e+00	3.435533385054e+00
1.29800000e+00	2.112053123599e+00	3.442361265129e+00
1.29900000e+00	2.115498912723e+00	3.449222574245e+00
1.30000000e+00	2.118951579971e+00	3.456117554557e+00
1.30100000e+00	2.122411159137e+00	3.463046450386e+00
1.30200000e+00	2.125877684259e+00	3.470009508238e+00
1.30300000e+00	2.129351189624e+00	3.477006976829e+00
1.30400000e+00	2.132831709767e+00	3.484039107113e+00
1.30500000e+00	2.136319279476e+00	3.491106152303e+00
1.30600000e+00	2.139813933795e+00	3.498208367899e+00
1.30700000e+00	2.143315708022e+00	3.505346011710e+00
1.30800000e+00	2.146824637714e+00	3.512519343885e+00
1.30900000e+00	2.150340758693e+00	3.519728626932e+00
1.31000000e+00	2.153864107040e+00	3.526974125754e+00
1.31100000e+00	2.157394719105e+00	3.534256107666e+00
1.31200000e+00	2.160932631506e+00	3.541574842430e+00
1.31300000e+00	2.164477881132e+00	3.548930602277e+00
1.31400000e+00	2.168030505144e+00	3.556323661939e+00
1.31500000e+00	2.171590540982e+00	3.563754298675e+00
1.31600000e+00	2.175158026361e+00	3.571222792302e+00
1.31700000e+00	2.178732999279e+00	3.578729425220e+00
1.31800000e+00	2.182315498019e+00	3.586274482446e+00
1.31900000e+00	2.185905561148e+00	3.593858251641e+00
1.32000000e+00	2.189503227523e+00	3.601481023141e+00
1.32100000e+00	2.193108536293e+00	3.609143089990e+00
1.32200000e+00	2.196721526900e+00	3.616844747967e+00
1.32300000e+00	2.200342239085e+00	3.624586295621e+00
1.32400000e+00	2.203970712888e+00	3.632368034299e+00
1.32500000e+00	2.207606988652e+00	3.640190268184e+00
1.32600000e+00	2.211251107025e+00	3.648053304325e+00
1.32700000e+00	2.214903108965e+00	3.655957452667e+00
1.32800000e+00	2.218563035739e+00	3.663903026090e+00
1.32900000e+00	2.222230928931e+00	3.671890340443e+00
1.33000000e+00	2.225906830440e+00	3.679919714573e+00
1.33100000e+00	2.229590782487e+00	3.687991470367e+00
1.33200000e+00	2.233282827616e+00	3.696105932783e+00
1.33300000e+00	2.236983008697e+00	3.704263429889e+00
1.33400000e+00	2.240691368931e+00	3.712464292898e+00
1.33500000e+00	2.244407951850e+00	3.720708856206e+00
1.33600000e+00	2.248132801323e+00	3.728997457429e+00
1.33700000e+00	2.251865961558e+00	3.737330437441e+00
1.33800000e+00	2.255607477105e+00	3.745708140415e+00
1.33900000e+00	2.259357392862e+00	3.754130913860e+00
1.34000000e+00	2.263115754073e+00	3.762599108660e+00
1.34100000e+00	2.266882606338e+00	3.771113079119e+00
1.34200000e+00	2.270657995609e+00	3.779673182996e+00
1.34300000e+00	2.274441968202e+00	3.788279781551e+00
1.34400000e+00	2.278234570792e+00	3.796933239585e+00
1.34500000e+00	2.282035850424e+00	3.805633925485e+00
1.34600000e+00	2.285845854510e+00	3.814382211263e+00
1.34700000e+00	2.289664630838e+00	3.823178472604e+00
1.34800000e+00	2.293492227573e+00	3.832023088911e+00
1.34900000e+00	2.297328693262e+00	3.840916443346e+00
1.35000000e+00	2.301174076835e+00	3.849858922881e+00
1.35100000e+00	2.305028427613e+00	3.858850918339e+00
1.35200000e+00	2.308891795309e+00	3.867892824448e+00
1.35300000e+00	2.312764230032e+00	3.876985039883e+00
1.35400000e+00	2.316645782292e+00	3.886127967318e+00
1.35500000e+00	2.320536503006e+00	3.895322013473e+00
1.35600000e+00	2.324436443496e+00	3.904567589165e+00
1.35700000e+00	2.328345655499e+00	3.913865109362e+00
1.35800000e+00	2.332264191169e+00	3.923214993229e+00
1.35900000e+00	2.336192103081e+00	3.932617664184e+00
1.36000000e+00	2.340129444236e+00	3.942073549949e+00
1.36100000e+00	2.344076268063e+00	3.951583082605e+00
1.36200000e+00	2.348032628428e+00	3.961146698648e+00
1.36300000e+00	2.351998579635e+00	3.970764839040e+00
1.36400000e+00	2.355974176430e+00	3.980437949271e+00
1.36500000e+00	2.359959474007e+00	3.990166479412e+00
1.36600000e+00	2.363954528013e+00	3.999950884174e+00
1.36700000e+00	2.367959394553e+00	4.009791622967e+00
1.36800000e+00	2.371974130192e+00	4.019689159960e+00
1.36900000e+00	2.375998791962e+00	4.029643964141e+00
1.37000000e+00	2.380033437367e+00	4.039656509379e+00
1.37100000e+00	2.384078124387e+00	4.049727274486e+00
1.37200000e+00	2.388132911484e+00	4.059856743282e+00
1.37300000e+00	2.392197857605e+00	4.070045404656e+00
1.37400000e+00	2.396273022189e+00	4.080293752635e+00
1.37500000e+00	2.400358465172e+00	4.090602286446e+00
1.37600000e+00	2.404454246992e+00	4.100971510589e+00
1.37700000e+00	2.408560428593e+00	4.111401934901e+00
1.37800000e+00	2.412677071433e+00	4.121894074627e+00
1.37900000e+00	2.416804237488e+00	4.132448450489e+00
1.38000000e+00	2.420941989255e+00	4.143065588760e+00
1.38100000e+00	2.425090389763e+00	4.153746021336e+00
1.38200000e+00	2.429249502575e+00	4.164490285806e+00
1.38300000e+00	2.433419391793e+00	4.175298925535e+00
1.38400000e+00	2.437600122067e+00	4.186172489730e+00
1.38500000e+00	2.441791758599e+00	4.197111533527e+00
1.38600000e+00	2.445994367148e+00	4.208116618062e+00
1.38700000e+00	2.450208014038e+00	4.219188310555e+00
1.38800000e+00	2.454432766163e+00	4.230327184390e+00
1.38900000e+00	2.458668690994e+00	4.241533819196e+00
1.39000000e+00	2.462915856583e+00	4.252808800932e+00
1.39100000e+00	2.467174331575e+00	4.264152721972e+00
1.39200000e+00	2.471444185207e+00	4.275566181189e+00
1.39300000e+00	2.475725487319e+00	4.287049784045e+00
1.39400000e+00	2.480018308360e+00	4.298604142679e+00
1.39500000e+00	2.484322719395e+00	4.310229875999e+00
1.39600000e+00	2.488638792112e+00	4.321927609770e+00
1.39700000e+00	2.492966598826e+00	4.333697976712e+00
1.39800000e+00	2.497306212490e+00	4.345541616591e+00
1.39900000e+00	2.501657706699e+00	4.357459176316e+00
1.40000000e+00	2.506021155700e+00	4.369451310041e+00
1.40100000e+00	2.510396634398e+00	4.381518679259e+00
1.40200000e+00	2.514784218360e+00	4.393661952905e+00
1.40300000e+00	2.519183983830e+00	4.405881807461e+00
1.40400000e+00	2.523596007730e+00	4.418178927058e+00
1.40500000e+00	2.528020367670e+00	4.430554003582e+00
1.40600000e+00	2.532457141956e+00	4.443007736784e+00
1.40700000e+00	2.536906409598e+00	4.455540834386e+00
1.40800000e+00	2.541368250318e+00	4.468154012198e+00
1.40900000e+00	2.545842744557e+00	4.480847994227e+00
1.41000000e+00	2.550329973485e+00	4.493623512791e+00
1.41100000e+00	2.554830019008e+00	4.506481308643e+00
1.41200000e+00	2.559342963778e+00	4.519422131081e+00
1.41300000e+00	2.563868891199e+00	4.532446738076e+00
1.41400000e+00	2.568407885438e+00	4.545555896394e+00
1.41500000e+00	2.572960031434e+00	4.558750381717e+00
1.41600000e+00	2.577525414905e+00	4.572030978774e+00
1.41700000e+00	2.582104122360e+00	4.585398481470e+00
1.41800000e+00	2.586696241104e+00	4.598853693018e+00
1.41900000e+00	2.591301859253e+00	4.612397426070e+00
1.42000000e+00	2.595921065737e+00	4.626030502857e+00
1.42100000e+00	2.600553950317e+00	4.639753755324e+00
1.42200000e+00	2.605200603587e+00	4.653568025273e+00
1.42300000e+00	2.609861116991e+00	4.667474164504e+00
1.42400000e+00	2.614535582826e+00	4.681473034966e+00
1.42500000e+00	2.619224094261e+00	4.695565508897e+00
1.42600000e+00	2.623926745340e+00	4.709752468981e+00
1.42700000e+00	2.628643630992e+00	4.724034808501e+00
1.42800000e+00	2.633374847051e+00	4.738413431491e+00
1.42900000e+00	2.638120490255e+00	4.752889252898e+00
1.43000000e+00	2.642880658265e+00	4.767463198743e+00
1.43100000e+00	2.647655449673e+00	4.782136206286e+00
1.43200000e+00	2.652444964014e+00	4.796909224190e+00
1.43300000e+00	2.657249301778e+00	4.811783212695e+00
1.43400000e+00	2.662068564420e+00	4.826759143790e+00
1.43500000e+00	2.666902854374e+00	4.841838001389e+00
1.43600000e+00	2.671752275064e+00	4.857020781509e+00
1.43700000e+00	2.676616930914e+00	4.872308492454e+00
1.43800000e+00	2.681496927365e+00	4.887702155003e+00
1.43900000e+00	2.686392370885e+00	4.903202802592e+00
1.44000000e+00	2.691303368981e+00	4.918811481517e+00
1.44100000e+00	2.696230030212e+00	4.934529251121e+00
1.44200000e+00	2.701172464204e+00	4.950357183998e+00
1.44300000e+00	2.706130781663e+00	4.966296366193e+00
1.44400000e+00	2.711105094386e+00	4.982347897415e+00
1.44500000e+00	2.716095515278e+00	4.998512891239e+00
1.44600000e+00	2.721102158365e+00	5.014792475329e+00
1.44700000e+00	2.726125138806e+00	5.031187791649e+00
1.44800000e+00	2.731164572911e+00	5.047699996691e+00
1.44900000e+00	2.736220578153e+00	5.064330261698e+00
1.45000000e+00	2.741293273183e+00	5.081079772896e+00
1.45100000e+00	2.746382777848e+00	5.097949731730e+00
1.45200000e+00	2.751489213201e+00	5.114941355100e+00
1.45300000e+00	2.756612701523e+00	5.132055875609e+00
1.45400000e+00	2.761753366334e+00	5.149294541807e+00
1.45500000e+00	2.766911332410e+00	5.166658618447e+00
1.45600000e+00	2.772086725801e+00	5.184149386742e+00
1.45700000e+00	2.777279673847e+00	5.201768144627e+00
1.45800000e+00	2.782490305192e+00	5.219516207027e+00
1.45900000e+00	2.787718749806e+00	5.237394906128e+00
1.46000000e+00	2.792965139000e+00	5.255405591657e+00
1.46100000e+00	2.798229605441e+00	5.273549631164e+00
1.46200000e+00	2.803512283175e+00	5.291828410311e+00
1.46300000e+00	2.808813307642e+00	5.310243333164e+00
1.46400000e+00	2.814132815696e+00	5.328795822495e+00
1.46500000e+00	2.819470945623e+00	5.347487320087e+00
1.46600000e+00	2.824827837160e+00	5.366319287042e+00
1.46700000e+00	2.830203631514e+00	5.385293204104e+00
1.46800000e+00	2.835598471384e+00	5.404410571979e+00
1.46900000e+00	2.841012500981e+00	5.423672911663e+00
1.47000000e+00	2.846445866045e+00	5.443081764782e+00
1.47100000e+00	2.851898713869e+00	5.462638693934e+00
1.47200000e+00	2.857371193320e+00	5.482345283038e+00
1.47300000e+00	2.862863454857e+00	5.502203137688e+00
1.47400000e+00	2.868375650559e+00	5.522213885521e+00
1.47500000e+00	2.873907934142e+00	5.542379176585e+00
1.47600000e+00	2.879460460984e+00	5.562700683719e+00
1.47700000e+00	2.885033388147e+00	5.583180102936e+00
1.47800000e+00	2.890626874400e+00	5.603819153818e+00
1.47900000e+00	2.896241080246e+00	5.624619579918e+00
1.48000000e+00	2.901876167941e+00	5.645583149170e+00
1.48100000e+00	2.907532301523e+00	5.666711654302e+00
1.48200000e+00	2.913209646834e+00	5.688006913270e+00
1.48300000e+00	2.918908371548e+00	5.709470769684e+00
1.48400000e+00	2.924628645195e+00	5.731105093260e+00
1.48500000e+00	2.930370639189e+00	5.752911780266e+00
1.48600000e+00	2.936134526851e+00	5.774892753991e+00
1.48700000e+00	2.941920483442e+00	5.797049965209e+00
1.48800000e+00	2.947728686186e+00	5.819385392666e+00
1.48900000e+00	2.953559314302e+00	5.841901043570e+00
1.49000000e+00	2.959412549026e+00	5.864598954092e+00
1.49100000e+00	2.965288573651e+00	5.887481189878e+00
1.49200000e+00	2.971187573546e+00	5.910549846573e+00
1.49300000e+00	2.977109736193e+00	5.933807050353e+00
1.49400000e+00	2.983055251215e+00	5.957254958472e+00
1.49500000e+00	2.989024310407e+00	5.980895759818e+00
1.49600000e+00	2.995017107772e+00	6.004731675479e+00
1.49700000e+00	3.001033839547e+00	6.028764959327e+00
1.49800000e+00	3.007074704242e+00	6.052997898610e+00
1.49900000e+00	3.013139902670e+00	6.077432814556e+00
1.50000000e+00	3.019229637982e+00	6.102072062992e+00
1.50100000e+00	3.025344115703e+00	6.126918034978e+00
1.50200000e+00	3.031483543768e+00	6.151973157450e+00
1.50300000e+00	3.037648132556e+00	6.177239893880e+00
1.50400000e+00	3.043838094927e+00	6.202720744953e+00
1.50500000e+00	3.050053646263e+00	6.228418249251e+00
1.50600000e+00	3.056295004502e+00	6.254334983962e+00
1.50700000e+00	3.062562390179e+00	6.280473565592e+00
1.50800000e+00	3.068856026467e+00	6.306836650710e+00
1.50900000e+00	3.075176139214e+00	6.333426936689e+00
1.51000000e+00	3.081522956986e+00	6.360247162485e+00
1.51100000e+00	3.087896711112e+00	6.387300109411e+00
1.51200000e+00	3.094297635720e+00	6.414588601949e+00
1.51300000e+00	3.100725967787e+00	6.442115508566e+00
1.51400000e+00	3.107181947179e+00	6.469883742555e+00
1.51500000e+00	3.113665816700e+00	6.497896262893e+00
1.51600000e+00	3.120177822135e+00	6.526156075120e+00
1.51700000e+00	3.126718212298e+00	6.554666232234e+00
1.51800000e+00	3.133287239081e+00	6.583429835612e+00
1.51900000e+00	3.139885157501e+00	6.612450035950e+00
1.52000000e+00	3.146512225752e+00	6.641730034221e+00
1.52100000e+00	3.153168705252e+00	6.671273082658e+00
1.52200000e+00	3.159854860701e+00	6.701082485766e+00
1.52300000e+00	3.166570960127e+00	6.731161601345e+00
1.52400000e+00	3.173317274945e+00	6.761513841544e+00
1.52500000e+00	3.180094080007e+00	6.792142673944e+00
1.52600000e+00	3.186901653664e+00	6.823051622655e+00
1.52700000e+00	3.193740277818e+00	6.854244269451e+00
1.52800000e+00	3.200610237982e+00	6.885724254922e+00
1.52900000e+00	3.207511823340e+00	6.917495279661e+00
1.53000000e+00	3.214445326807e+00	6.949561105473e+00
1.53100000e+00	3.221411045092e+00	6.981925556618e+00
1.53200000e+00	3.228409278758e+00	7.014592521081e+00
1.53300000e+00	3.235440332289e+00	7.047565951875e+00
1.53400000e+00	3.242504514156e+00	7.080849868368e+00
1.53500000e+00	3.249602136882e+00	7.114448357658e+00
1.53600000e+00	3.256733517113e+00	7.148365575962e+00
1.53700000e+00	3.263898975685e+00	7.182605750055e+00
1.53800000e+00	3.271098837698e+00	7.217173178735e+00
1.53900000e+00	3.278333432584e+00	7.252072234330e+00
1.54000000e+00	3.285603094190e+00	7.287307364236e+00
1.54100000e+00	3.292908160845e+00	7.322883092499e+00
1.54200000e+00	3.300248975441e+00	7.358804021432e+00
1.54300000e+00	3.307625885514e+00	7.395074833279e+00
1.54400000e+00	3.315039243322e+00	7.431700291913e+00
1.54500000e+00	3.322489405928e+00	7.468685244578e+00
1.54600000e+00	3.329976735286e+00	7.506034623686e+00
1.54700000e+00	3.337501598323e+00	7.543753448640e+00
1.54800000e+00	3.345064367034e+00	7.581846827726e+00
1.54900000e+00	3.352665418562e+00	7.620319960033e+00
1.55000000e+00	3.360305135301e+00	7.659178137436e+00
1.55100000e+00	3.367983904980e+00	7.698426746626e+00
1.55200000e+00	3.375702120765e+00	7.738071271193e+00
1.55300000e+00	3.383460181354e+00	7.778117293758e+00
1.55400000e+00	3.391258491078e+00	7.818570498172e+00
1.55500000e+00	3.399097460005e+00	7.859436671763e+00
1.55600000e+00	3.406977504041e+00	7.900721707645e+00
1.55700000e+00	3.414899045041e+00	7.942431607090e+00
1.55800000e+00	3.422862510913e+00	7.984572481961e+00
1.55900000e+00	3.430868335737e+00	8.027150557209e+00
1.56000000e+00	3.438916959873e+00	8.070172173443e+00
1.56100000e+00	3.447008830082e+00	8.113643789559e+00
1.56200000e+00	3.455144399644e+00	8.157571985449e+00
1.56300000e+00	3.463324128479e+00	8.201963464779e+00
1.56400000e+00	3.471548483276e+00	8.246825057845e+00
1.56500000e+00	3.479817937618e+00	8.292163724503e+00
1.56600000e+00	3.488132972113e+00	8.337986557186e+00
1.56700000e+00	3.496494074529e+00	8.384300783998e+00
1.56800000e+00	3.504901739933e+00	8.431113771896e+00
1.56900000e+00	3.513356470828e+00	8.478433029964e+00
1.57000000e+00	3.521858777299e+00	8.526266212772e+00
1.57100000e+00	3.530409177161e+00	8.574621123833e+00
1.57200000e+00	3.539008196106e+00	8.623505719160e+00
1.57300000e+00	3.547656367863e+00	8.672928110915e+00
1.57400000e+00	3.556354234349e+00	8.722896571174e+00
1.57500000e+00	3.565102345838e+00	8.773419535788e+00
1.57600000e+00	3.573901261121e+00	8.824505608362e+00
1.57700000e+00	3.582751547681e+00	8.876163564343e+00
1.57800000e+00	3.591653781860e+00	8.928402355236e+00
1.57900000e+00	3.600608549045e+00	8.981231112929e+00
1.58000000e+00	3.609616443845e+00	9.034659154155e+00
1.58100000e+00	3.618678070281e+00	9.088695985082e+00
1.58200000e+00	3.627794041976e+00	9.143351306032e+00
1.58300000e+00	3.636964982353e+00	9.198635016353e+00
1.58400000e+00	3.646191524837e+00	9.254557219421e+00
1.58500000e+00	3.655474313058e+00	9.311128227800e+00
1.58600000e+00	3.664814001068e+00	9.368358568558e+00
1.58700000e+00	3.674211253553e+00	9.426258988736e+00
1.58800000e+00	3.683666746060e+00	9.484840460988e+00
1.58900000e+00	3.693181165224e+00	9.544114189392e+00
1.59000000e+00	3.702755209002e+00	9.604091615439e+00
1.59100000e+00	3.712389586913e+00	9.664784424201e+00
1.59200000e+00	3.722085020286e+00	9.726204550698e+00
1.59300000e+00	3.731842242514e+00	9.788364186452e+00
1.59400000e+00	3.741661999311e+00	9.851275786255e+00
1.59500000e+00	3.751545048980e+00	9.914952075143e+00
1.59600000e+00	3.761492162688e+00	9.979406055589e+00
1.59700000e+00	3.771504124747e+00	1.004465101493e+01
1.59800000e+00	3.781581732901e+00	1.011070053301e+01
1.59900000e+00	3.791725798623e+00	1.017756849011e+01
1.60000000e+00	3.801937147420e+00	1.024526907507e+01
1.60100000e+00	3.812216619147e+00	1.031381679373e+01
1.60200000e+00	3.822565068326e+00	1.038322647763e+01
1.60300000e+00	3.832983364476e+00	1.045351329293e+01
1.60400000e+00	3.843472392455e+00	1.052469274976e+01
1.60500000e+00	3.854033052806e+00	1.059678071171e+01
1.60600000e+00	3.864666262118e+00	1.066979340577e+01
1.60700000e+00	3.875372953391e+00	1.074374743254e+01
1.60800000e+00	3.886154076417e+00	1.081865977676e+01
1.60900000e+00	3.897010598172e+00	1.089454781826e+01
1.61000000e+00	3.907943503210e+00	1.097142934321e+01
1.61100000e+00	3.918953794083e+00	1.104932255579e+01
1.61200000e+00	3.930042491758e+00	1.112824609026e+01
1.61300000e+00	3.941210636058e+00	1.120821902341e+01
1.61400000e+00	3.952459286109e+00	1.128926088750e+01
1.61500000e+00	3.963789520804e+00	1.137139168357e+01
1.61600000e+00	3.975202439276e+00	1.145463189526e+01
1.61700000e+00	3.986699161388e+00	1.153900250315e+01
1.61800000e+00	3.998280828239e+00	1.162452499949e+01
1.61900000e+00	4.009948602683e+00	1.171122140357e+01
1.62000000e+00	4.021703669863e+00	1.179911427760e+01
1.62100000e+00	4.033547237762e+00	1.188822674309e+01
1.62200000e+00	4.045480537772e+00	1.197858249794e+01
1.62300000e+00	4.057504825278e+00	1.207020583403e+01
1.62400000e+00	4.069621380261e+00	1.216312165555e+01
1.62500000e+00	4.081831507922e+00	1.225735549791e+01
1.62600000e+00	4.094136539319e+00	1.235293354743e+01
1.62700000e+00	4.106537832031e+00	1.244988266169e+01
1.62800000e+00	4.119036770839e+00	1.254823039067e+01
1.62900000e+00	4.131634768430e+00	1.264800499868e+01
1.63000000e+00	4.144333266121e+00	1.274923548709e+01
1.63100000e+00	4.157133734609e+00	1.285195161797e+01
1.63200000e+00	4.170037674744e+00	1.295618393860e+01
1.63300000e+00	4.183046618326e+00	1.306196380687e+01
1.63400000e+00	4.196162128929e+00	1.316932341778e+01
1.63500000e+00	4.209385802752e+00	1.327829583081e+01
1.63600000e+00	4.222719269498e+00	1.338891499852e+01
1.63700000e+00	4.236164193281e+00	1.350121579613e+01
1.63800000e+00	4.249722273565e+00	1.361523405236e+01
1.63900000e+00	4.263395246132e+00	1.373100658146e+01
1.64000000e+00	4.277184884085e+00	1.384857121652e+01
1.64100000e+00	4.291092998883e+00	1.396796684407e+01
1.64200000e+00	4.305121441416e+00	1.408923344023e+01
1.64300000e+00	4.319272103108e+00	1.421241210813e+01
1.64400000e+00	4.333546917066e+00	1.433754511701e+01
1.64500000e+00	4.347947859266e+00	1.446467594286e+01
1.64600000e+00	4.362476949784e+00	1.459384931080e+01
1.64700000e+00	4.377136254059e+00	1.472511123914e+01
1.64800000e+00	4.391927884219e+00	1.485850908538e+01
1.64900000e+00	4.406854000435e+00	1.499409159412e+01
1.65000000e+00	4.421916812338e+00	1.513190894697e+01
1.65100000e+00	4.437118580482e+00	1.527201281468e+01
1.65200000e+00	4.452461617859e+00	1.541445641143e+01
1.65300000e+00	4.467948291467e+00	1.555929455154e+01
1.65400000e+00	4.483581023948e+00	1.570658370862e+01
1.65500000e+00	4.499362295268e+00	1.585638207733e+01
1.65600000e+00	4.515294644478e+00	1.600874963790e+01
1.65700000e+00	4.531380671530e+00	1.616374822345e+01
1.65800000e+00	4.547623039163e+00	1.632144159047e+01
1.65900000e+00	4.564024474866e+00	1.648189549232e+01
1.66000000e+00	4.580587772910e+00	1.664517775620e+01
1.66100000e+00	4.597315796467e+00	1.681135836358e+01
1.66200000e+00	4.614211479798e+00	1.698050953441e+01
1.66300000e+00	4.631277830544e+00	1.715270581512e+01
1.66400000e+00	4.648517932092e+00	1.732802417092e+01
1.66500000e+00	4.665934946041e+00	1.750654408228e+01
1.66600000e+00	4.683532114776e+00	1.768834764607e+01
1.66700000e+00	4.701312764125e+00	1.787351968161e+01
1.66800000e+00	4.719280306147e+00	1.806214784166e+01
1.66900000e+00	4.737438242016e+00	1.825432272898e+01
1.67000000e+00	4.755790165035e+00	1.845013801847e+01
1.67100000e+00	4.774339763773e+00	1.864969058538e+01
1.67200000e+00	4.793090825329e+00	1.885308063993e+01
1.67300000e+00	4.812047238736e+00	1.906041186856e+01
1.67400000e+00	4.831212998518e+00	1.927179158241e+01
1.67500000e+00	4.850592208382e+00	1.948733087331e+01
1.67600000e+00	4.870189085088e+00	1.970714477776e+01
1.67700000e+00	4.890007962477e+00	1.993135244937e+01
1.67800000e+00	4.910053295675e+00	2.016007734032e+01
1.67900000e+00	4.930329665491e+00	2.039344739231e+01
1.68000000e+00	4.950841783001e+00	2.063159523760e+01
1.68100000e+00	4.971594494350e+00	2.087465841083e+01
1.68200000e+00	4.992592785758e+00	2.112277957215e+01
1.68300000e+00	5.013841788766e+00	2.137610674256e+01
1.68400000e+00	5.035346785722e+00	2.163479355201e+01
1.68500000e+00	5.057113215513e+00	2.189899950128e+01
1.68600000e+00	5.079146679580e+00	2.216889023834e+01
1.68700000e+00	5.101452948204e+00	2.244463785028e+01
1.68800000e+00	5.124037967102e+00	2.272642117173e+01
1.68900000e+00	5.146907864335e+00	2.301442611092e+01
1.69000000e+00	5.170068957550e+00	2.330884599447e+01
1.69100000e+00	5.193527761581e+00	2.360988193224e+01
1.69200000e+00	5.217290996427e+00	2.391774320360e+01
1.69300000e+00	5.241365595616e+00	2.423264766651e+01
1.69400000e+00	5.265758715005e+00	2.455482219107e+01
1.69500000e+00	5.290477742018e+00	2.488450311911e+01
1.69600000e+00	5.315530305358e+00	2.522193675188e+01
1.69700000e+00	5.340924285223e+00	2.556737986754e+01
1.69800000e+00	5.366667824056e+00	2.592110027081e+01
1.69900000e+00	5.392769337859e+00	2.628337737699e+01
1.70000000e+00	5.419237528112e+00	2.665450283290e+01
1.70100000e+00	5.446081394331e+00	2.703478117741e+01
1.70200000e+00	5.473310247310e+00	2.742453054457e+01
1.70300000e+00	5.500933723080e+00	2.782408341249e+01
1.70400000e+00	5.528961797658e+00	2.823378740145e+01
1.70500000e+00	5.557404802601e+00	2.865400612500e+01
1.70600000e+00	5.586273441453e+00	2.908512009819e+01
1.70700000e+00	5.615578807126e+00	2.952752770741e+01
1.70800000e+00	5.645332400282e+00	2.998164624659e+01
1.70900000e+00	5.675546148789e+00	3.044791302520e+01
1.71000000e+00	5.706232428324e+00	3.092678655382e+01
1.71100000e+00	5.737404084200e+00	3.141874781354e+01
1.71200000e+00	5.769074454509e+00	3.192430161615e+01
1.71300000e+00	5.801257394673e+00	3.244397806275e+01
1.71400000e+00	5.833967303507e+00	3.297833410897e+01
1.71500000e+00	5.867219150906e+00	3.352795524603e+01
1.71600000e+00	5.901028507270e+00	3.409345730748e+01
1.71700000e+00	5.935411574808e+00	3.467548841280e+01
1.71800000e+00	5.970385220856e+00	3.527473105972e+01
1.71900000e+00	6.005967013370e+00	3.589190437873e+01
1.72000000e+00	6.042175258758e+00	3.652776656440e+01
1.72100000e+00	6.079029042238e+00	3.718311749970e+01
1.72200000e+00	6.116548270930e+00	3.785880159115e+01
1.72300000e+00	6.154753719887e+00	3.855571083475e+01
1.72400000e+00	6.193667081326e+00	3.927478813446e+01
1.72500000e+00	6.233311017307e+00	4.001703089763e+01
1.72600000e+00	6.273709216161e+00	4.078349493445e+01
1.72700000e+00	6.314886452979e+00	4.157529869126e+01
1.72800000e+00	6.356868654516e+00	4.239362785144e+01
1.72900000e+00	6.399682968900e+00	4.323974034088e+01
1.73000000e+00	6.443357840555e+00	4.411497177997e+01
1.73100000e+00	6.487923090830e+00	4.502074142834e+01
1.73200000e+00	6.533410004830e+00	4.595855867487e+01
1.73300000e+00	6.579851425045e+00	4.693003013105e+01
1.73400000e+00	6.627281852393e+00	4.793686739374e+01
1.73500000e+00	6.675737555389e+00	4.898089555110e+01
1.73600000e+00	6.725256688238e+00	5.006406251487e+01
1.73700000e+00	6.775879418695e+00	5.118844927340e+01
1.73800000e+00	6.827648066700e+00	5.235628117146e+01
1.73900000e+00	6.880607254839e+00	5.356994033759e+01
1.74000000e+00	6.934804071877e+00	5.483197939564e+01
1.74100000e+00	6.990288250697e+00	5.614513661630e+01
1.74200000e+00	7.047112362192e+00	5.751235268566e+01
1.74300000e+00	7.105332026811e+00	5.893678929354e+01
1.74400000e+00	7.165006145703e+00	6.042184977313e+01
1.74500000e+00	7.226197153632e+00	6.197120205757e+01
1.74600000e+00	7.288971296137e+00	6.358880425910e+01
1.74700000e+00	7.353398933718e+00	6.527893322225e+01
1.74800000e+00	7.419554876242e+00	6.704621645765e+01
1.74900000e+00	7.487518751155e+00	6.889566792656e+01
1.75000000e+00	7.557375409630e+00	7.083272822206e+01
1.75100000e+00	7.629215375362e+00	7.286330978229e+01
1.75200000e+00	7.703135341387e+00	7.499384787681e+01
1.75300000e+00	7.779238721137e+00	7.723135823391e+01
1.75400000e+00	7.857636260851e+00	7.958350232705e+01
1.75500000e+00	7.938446721608e+00	8.205866151950e+01
1.75600000e+00	8.021797640495e+00	8.466602148342e+01
1.75700000e+00	8.107826182035e+00	8.741566857181e+01
1.75800000e+00	8.196680092767e+00	9.031870013954e+01
1.75900000e+00	8.288518774109e+00	9.338735119573e+01
1.76000000e+00	8.383514491194e+00	9.663514024209e+01
1.76100000e+00	8.481853738545e+00	1.000770377302e+02
1.76200000e+00	8.583738787217e+00	1.037296612847e+02
1.76300000e+00	8.689389442585e+00	1.076115027207e+02
1.76400000e+00	8.799045047561e+00	1.117431929854e+02
1.76500000e+00	8.912966772767e+00	1.161478125240e+02
1.76600000e+00	9.031440243546e+00	1.208512562991e+02
1.76700000e+00	9.154778563980e+00	1.258826648788e+02
1.76800000e+00	9.283325810795e+00	1.312749357828e+02
1.76900000e+00	9.417461085976e+00	1.370653328357e+02
1.77000000e+00	9.557603236807e+00	1.432962158597e+02
1.77100000e+00	9.704216377275e+00	1.500159189824e+02
1.77200000e+00	9.857816376720e+00	1.572798136145e+02
1.77300000e+00	1.001897852258e+01	1.651516023895e+02
1.77400000e+00	1.018834661685e+01	1.737049039674e+02
1.77500000e+00	1.036664383438e+01	1.830252068401e+02
1.77600000e+00	1.055468576113e+01	1.932122949458e+02
1.77700000e+00	1.075339614908e+01	2.043832816137e+02
1.77800000e+00	1.096382608316e+01	2.166764349218e+02
1.77900000e+00	1.118717746928e+01	2.302560426021e+02
1.78000000e+00	1.142483204404e+01	2.453186566387e+02
1.78100000e+00	1.167838750858e+01	2.621011895760e+02
1.78200000e+00	1.194970295117e+01	2.808915263015e+02
1.78300000e+00	1.224095651869e+01	3.020425982212e+02
1.78400000e+00	1.255471944241e+01	3.259912920206e+02
1.78500000e+00	1.289405219721e+01	3.532842158158e+02
1.78600000e+00	1.326263106584e+01	3.846133612034e+02
1.78700000e+00	1.366491716410e+01	4.208663211069e+02
1.78800000e+00	1.410638585852e+01	4.631983762606e+02
1.78900000e+00	1.459384385360e+01	5.131382249342e+02
1.79000000e+00	1.513587650642e+01	5.727468691979e+02
1.79100000e+00	1.574349369328e+01	6.448630687868e+02
1.79200000e+00	1.643108755989e+01	7.334947416030e+02
1.79300000e+00	1.721789734075e+01	8.444664750945e+02
1.79400000e+00	1.813033246170e+01	9.865380463200e+02
1.79500000e+00	1.920581947407e+01	1.173438800188e+03
1.79600000e+00	2.049951499366e+01	1.427807038661e+03
