# Układ: x' = x(y-1),  y' = 3x - 2y + x^2 - 2y^2
# IC: x0=3, y0=2.5, dt=1.000e-03, nsteps=10000
# t	x(t)	y(t)
0.00000000e+00	3.000000000000e+00	2.500000000000e+00
1.00000000e-03	3.002505009394e+00	2.510028201135e+00
2.00000000e-03	3.005020075305e+00	2.520113110668e+00
3.00000000e-03	3.007545254672e+00	2.530255191394e+00
4.00000000e-03	3.010080604901e+00	2.540454910954e+00
5.00000000e-03	3.012626183865e+00	2.550712741906e+00
6.00000000e-03	3.015182049914e+00	2.561029161779e+00
7.00000000e-03	3.017748261879e+00	2.571404653142e+00
8.00000000e-03	3.020324879073e+00	2.581839703668e+00
9.00000000e-03	3.022911961303e+00	2.592334806200e+00
1.00000000e-02	3.025509568869e+00	2.602890458816e+00
1.10000000e-02	3.028117762572e+00	2.613507164899e+00
1.20000000e-02	3.030736603720e+00	2.624185433203e+00
1.30000000e-02	3.033366154130e+00	2.634925777927e+00
1.40000000e-02	3.036006476141e+00	2.645728718783e+00
1.50000000e-02	3.038657632608e+00	2.656594781068e+00
1.60000000e-02	3.041319686920e+00	2.667524495741e+00
1.70000000e-02	3.043992702996e+00	2.678518399491e+00
1.80000000e-02	3.046676745296e+00	2.689577034818e+00
1.90000000e-02	3.049371878826e+00	2.700700950108e+00
2.00000000e-02	3.052078169141e+00	2.711890699708e+00
2.10000000e-02	3.054795682357e+00	2.723146844010e+00
2.20000000e-02	3.057524485150e+00	2.734469949529e+00
2.30000000e-02	3.060264644767e+00	2.745860588983e+00
2.40000000e-02	3.063016229032e+00	2.757319341379e+00
2.50000000e-02	3.065779306349e+00	2.768846792095e+00
2.60000000e-02	3.068553945713e+00	2.780443532965e+00
2.70000000e-02	3.071340216711e+00	2.792110162370e+00
2.80000000e-02	3.074138189535e+00	2.803847285320e+00
2.90000000e-02	3.076947934983e+00	2.815655513548e+00
3.00000000e-02	3.079769524470e+00	2.827535465602e+00
3.10000000e-02	3.082603030031e+00	2.839487766934e+00
3.20000000e-02	3.085448524331e+00	2.851513049996e+00
3.30000000e-02	3.088306080671e+00	2.863611954335e+00
3.40000000e-02	3.091175772996e+00	2.875785126690e+00
3.50000000e-02	3.094057675899e+00	2.888033221093e+00
3.60000000e-02	3.096951864632e+00	2.900356898965e+00
3.70000000e-02	3.099858415114e+00	2.912756829223e+00
3.80000000e-02	3.102777403934e+00	2.925233688379e+00
3.90000000e-02	3.105708908362e+00	2.937788160648e+00
4.00000000e-02	3.108653006357e+00	2.950420938053e+00
4.10000000e-02	3.111609776573e+00	2.963132720537e+00
4.20000000e-02	3.114579298369e+00	2.975924216070e+00
4.30000000e-02	3.117561651815e+00	2.988796140763e+00
4.40000000e-02	3.120556917701e+00	3.001749218983e+00
4.50000000e-02	3.123565177548e+00	3.014784183468e+00
4.60000000e-02	3.126586513611e+00	3.027901775445e+00
4.70000000e-02	3.129621008891e+00	3.041102744751e+00
4.80000000e-02	3.132668747145e+00	3.054387849954e+00
4.90000000e-02	3.135729812892e+00	3.067757858479e+00
5.00000000e-02	3.138804291422e+00	3.081213546730e+00
5.10000000e-02	3.141892268807e+00	3.094755700223e+00
5.20000000e-02	3.144993831909e+00	3.108385113716e+00
5.30000000e-02	3.148109068389e+00	3.122102591337e+00
5.40000000e-02	3.151238066717e+00	3.135908946725e+00
5.50000000e-02	3.154380916183e+00	3.149805003163e+00
5.60000000e-02	3.157537706902e+00	3.163791593720e+00
5.70000000e-02	3.160708529829e+00	3.177869561392e+00
5.80000000e-02	3.163893476768e+00	3.192039759245e+00
5.90000000e-02	3.167092640379e+00	3.206303050566e+00
6.00000000e-02	3.170306114191e+00	3.220660309008e+00
6.10000000e-02	3.173533992614e+00	3.235112418744e+00
6.20000000e-02	3.176776370944e+00	3.249660274623e+00
6.30000000e-02	3.180033345380e+00	3.264304782326e+00
6.40000000e-02	3.183305013031e+00	3.279046858523e+00
6.50000000e-02	3.186591471929e+00	3.293887431043e+00
6.60000000e-02	3.189892821038e+00	3.308827439033e+00
6.70000000e-02	3.193209160269e+00	3.323867833131e+00
6.80000000e-02	3.196540590487e+00	3.339009575636e+00
6.90000000e-02	3.199887213528e+00	3.354253640681e+00
7.00000000e-02	3.203249132205e+00	3.369601014415e+00
7.10000000e-02	3.206626450325e+00	3.385052695180e+00
7.20000000e-02	3.210019272701e+00	3.400609693698e+00
7.30000000e-02	3.213427705160e+00	3.416273033256e+00
7.40000000e-02	3.216851854560e+00	3.432043749899e+00
7.50000000e-02	3.220291828801e+00	3.447922892622e+00
7.60000000e-02	3.223747736841e+00	3.463911523571e+00
7.70000000e-02	3.227219688703e+00	3.480010718240e+00
7.80000000e-02	3.230707795495e+00	3.496221565681e+00
7.90000000e-02	3.234212169419e+00	3.512545168707e+00
8.00000000e-02	3.237732923789e+00	3.528982644112e+00
8.10000000e-02	3.241270173042e+00	3.545535122878e+00
8.20000000e-02	3.244824032751e+00	3.562203750404e+00
8.30000000e-02	3.248394619645e+00	3.578989686726e+00
8.40000000e-02	3.251982051619e+00	3.595894106745e+00
8.50000000e-02	3.255586447750e+00	3.612918200462e+00
8.60000000e-02	3.259207928313e+00	3.630063173215e+00
8.70000000e-02	3.262846614796e+00	3.647330245920e+00
8.80000000e-02	3.266502629917e+00	3.664720655314e+00
8.90000000e-02	3.270176097636e+00	3.682235654210e+00
9.00000000e-02	3.273867143178e+00	3.699876511752e+00
9.10000000e-02	3.277575893041e+00	3.717644513672e+00
9.20000000e-02	3.281302475021e+00	3.735540962556e+00
9.30000000e-02	3.285047018222e+00	3.753567178117e+00
9.40000000e-02	3.288809653078e+00	3.771724497466e+00
9.50000000e-02	3.292590511369e+00	3.790014275396e+00
9.60000000e-02	3.296389726239e+00	3.808437884664e+00
9.70000000e-02	3.300207432212e+00	3.826996716284e+00
9.80000000e-02	3.304043765215e+00	3.845692179826e+00
9.90000000e-02	3.307898862592e+00	3.864525703716e+00
1.00000000e-01	3.311772863125e+00	3.883498735541e+00
1.01000000e-01	3.315665907055e+00	3.902612742373e+00
1.02000000e-01	3.319578136097e+00	3.921869211078e+00
1.03000000e-01	3.323509693466e+00	3.941269648652e+00
1.04000000e-01	3.327460723893e+00	3.960815582546e+00
1.05000000e-01	3.331431373646e+00	3.980508561013e+00
1.06000000e-01	3.335421790553e+00	4.000350153450e+00
1.07000000e-01	3.339432124021e+00	4.020341950749e+00
1.08000000e-01	3.343462525060e+00	4.040485565665e+00
1.09000000e-01	3.347513146303e+00	4.060782633173e+00
1.10000000e-01	3.351584142029e+00	4.081234810849e+00
1.11000000e-01	3.355675668188e+00	4.101843779252e+00
1.12000000e-01	3.359787882419e+00	4.122611242309e+00
1.13000000e-01	3.363920944079e+00	4.143538927717e+00
1.14000000e-01	3.368075014265e+00	4.164628587347e+00
1.15000000e-01	3.372250255837e+00	4.185881997656e+00
1.16000000e-01	3.376446833445e+00	4.207300960111e+00
1.17000000e-01	3.380664913550e+00	4.228887301618e+00
1.18000000e-01	3.384904664458e+00	4.250642874962e+00
1.19000000e-01	3.389166256337e+00	4.272569559256e+00
1.20000000e-01	3.393449861249e+00	4.294669260397e+00
1.21000000e-01	3.397755653174e+00	4.316943911535e+00
1.22000000e-01	3.402083808042e+00	4.339395473545e+00
1.23000000e-01	3.406434503754e+00	4.362025935521e+00
1.24000000e-01	3.410807920218e+00	4.384837315265e+00
1.25000000e-01	3.415204239373e+00	4.407831659798e+00
1.26000000e-01	3.419623645218e+00	4.431011045876e+00
1.27000000e-01	3.424066323847e+00	4.454377580519e+00
1.28000000e-01	3.428532463474e+00	4.477933401552e+00
1.29000000e-01	3.433022254468e+00	4.501680678150e+00
1.30000000e-01	3.437535889382e+00	4.525621611408e+00
1.31000000e-01	3.442073562987e+00	4.549758434911e+00
1.32000000e-01	3.446635472304e+00	4.574093415321e+00
1.33000000e-01	3.451221816637e+00	4.598628852978e+00
1.34000000e-01	3.455832797607e+00	4.623367082509e+00
1.35000000e-01	3.460468619188e+00	4.648310473458e+00
1.36000000e-01	3.465129487742e+00	4.673461430921e+00
1.37000000e-01	3.469815612052e+00	4.698822396197e+00
1.38000000e-01	3.474527203363e+00	4.724395847462e+00
1.39000000e-01	3.479264475414e+00	4.750184300443e+00
1.40000000e-01	3.484027644482e+00	4.776190309118e+00
1.41000000e-01	3.488816929415e+00	4.802416466427e+00
1.42000000e-01	3.493632551675e+00	4.828865404997e+00
1.43000000e-01	3.498474735376e+00	4.855539797891e+00
1.44000000e-01	3.503343707326e+00	4.882442359361e+00
1.45000000e-01	3.508239697069e+00	4.909575845629e+00
1.46000000e-01	3.513162936925e+00	4.936943055681e+00
1.47000000e-01	3.518113662035e+00	4.964546832076e+00
1.48000000e-01	3.523092110406e+00	4.992390061780e+00
1.49000000e-01	3.528098522953e+00	5.020475677012e+00
1.50000000e-01	3.533133143548e+00	5.048806656114e+00
1.51000000e-01	3.538196219062e+00	5.077386024438e+00
1.52000000e-01	3.543287999417e+00	5.106216855253e+00
1.53000000e-01	3.548408737633e+00	5.135302270677e+00
1.54000000e-01	3.553558689876e+00	5.164645442624e+00
1.55000000e-01	3.558738115511e+00	5.194249593777e+00
1.56000000e-01	3.563947277148e+00	5.224117998586e+00
1.57000000e-01	3.569186440701e+00	5.254253984281e+00
1.58000000e-01	3.574455875436e+00	5.284660931916e+00
1.59000000e-01	3.579755854030e+00	5.315342277433e+00
1.60000000e-01	3.585086652621e+00	5.346301512756e+00
1.61000000e-01	3.590448550868e+00	5.377542186905e+00
1.62000000e-01	3.595841832009e+00	5.409067907138e+00
1.63000000e-01	3.601266782919e+00	5.440882340124e+00
1.64000000e-01	3.606723694169e+00	5.472989213140e+00
1.65000000e-01	3.612212860088e+00	5.505392315296e+00
1.66000000e-01	3.617734578826e+00	5.538095498791e+00
1.67000000e-01	3.623289152417e+00	5.571102680201e+00
1.68000000e-01	3.628876886845e+00	5.604417841795e+00
1.69000000e-01	3.634498092110e+00	5.638045032885e+00
1.70000000e-01	3.640153082293e+00	5.671988371206e+00
1.71000000e-01	3.645842175630e+00	5.706252044333e+00
1.72000000e-01	3.651565694578e+00	5.740840311134e+00
1.73000000e-01	3.657323965893e+00	5.775757503251e+00
1.74000000e-01	3.663117320694e+00	5.811008026628e+00
1.75000000e-01	3.668946094549e+00	5.846596363068e+00
1.76000000e-01	3.674810627544e+00	5.882527071835e+00
1.77000000e-01	3.680711264362e+00	5.918804791291e+00
1.78000000e-01	3.686648354369e+00	5.955434240582e+00
1.79000000e-01	3.692622251686e+00	5.992420221352e+00
1.80000000e-01	3.698633315283e+00	6.029767619521e+00
1.81000000e-01	3.704681909054e+00	6.067481407085e+00
1.82000000e-01	3.710768401912e+00	6.105566643982e+00
1.83000000e-01	3.716893167874e+00	6.144028479994e+00
1.84000000e-01	3.723056586152e+00	6.182872156700e+00
1.85000000e-01	3.729259041245e+00	6.222103009483e+00
1.86000000e-01	3.735500923039e+00	6.261726469584e+00
1.87000000e-01	3.741782626895e+00	6.301748066214e+00
1.88000000e-01	3.748104553758e+00	6.342173428716e+00
1.89000000e-01	3.754467110251e+00	6.383008288790e+00
1.90000000e-01	3.760870708779e+00	6.424258482771e+00
1.91000000e-01	3.767315767641e+00	6.465929953967e+00
1.92000000e-01	3.773802711129e+00	6.508028755068e+00
1.93000000e-01	3.780331969648e+00	6.550561050605e+00
1.94000000e-01	3.786903979820e+00	6.593533119486e+00
1.95000000e-01	3.793519184608e+00	6.636951357597e+00
1.96000000e-01	3.800178033429e+00	6.680822280469e+00
1.97000000e-01	3.806880982276e+00	6.725152526023e+00
1.98000000e-01	3.813628493842e+00	6.769948857387e+00
1.99000000e-01	3.820421037648e+00	6.815218165790e+00
2.00000000e-01	3.827259090171e+00	6.860967473533e+00
2.01000000e-01	3.834143134979e+00	6.907203937049e+00
2.02000000e-01	3.841073662860e+00	6.953934850039e+00
2.03000000e-01	3.848051171972e+00	7.001167646699e+00
2.04000000e-01	3.855076167973e+00	7.048909905039e+00
2.05000000e-01	3.862149164176e+00	7.097169350290e+00
2.06000000e-01	3.869270681692e+00	7.145953858413e+00
2.07000000e-01	3.876441249588e+00	7.195271459701e+00
2.08000000e-01	3.883661405037e+00	7.245130342485e+00
2.09000000e-01	3.890931693482e+00	7.295538856950e+00
2.10000000e-01	3.898252668798e+00	7.346505519055e+00
2.11000000e-01	3.905624893462e+00	7.398039014565e+00
2.12000000e-01	3.913048938723e+00	7.450148203206e+00
2.13000000e-01	3.920525384777e+00	7.502842122933e+00
2.14000000e-01	3.928054820951e+00	7.556129994327e+00
2.15000000e-01	3.935637845883e+00	7.610021225117e+00
2.16000000e-01	3.943275067718e+00	7.664525414842e+00
2.17000000e-01	3.950967104296e+00	7.719652359640e+00
2.18000000e-01	3.958714583353e+00	7.775412057188e+00
2.19000000e-01	3.966518142727e+00	7.831814711786e+00
2.20000000e-01	3.974378430565e+00	7.888870739593e+00
2.21000000e-01	3.982296105539e+00	7.946590774019e+00
2.22000000e-01	3.990271837065e+00	8.004985671281e+00
2.23000000e-01	3.998306305528e+00	8.064066516134e+00
2.24000000e-01	4.006400202516e+00	8.123844627762e+00
2.25000000e-01	4.014554231056e+00	8.184331565865e+00
2.26000000e-01	4.022769105856e+00	8.245539136923e+00
2.27000000e-01	4.031045553558e+00	8.307479400661e+00
2.28000000e-01	4.039384312992e+00	8.370164676707e+00
2.29000000e-01	4.047786135441e+00	8.433607551465e+00
2.30000000e-01	4.056251784911e+00	8.497820885199e+00
2.31000000e-01	4.064782038408e+00	8.562817819343e+00
2.32000000e-01	4.073377686223e+00	8.628611784043e+00
2.33000000e-01	4.082039532225e+00	8.695216505934e+00
2.34000000e-01	4.090768394161e+00	8.762646016174e+00
2.35000000e-01	4.099565103965e+00	8.830914658727e+00
2.36000000e-01	4.108430508074e+00	8.900037098924e+00
2.37000000e-01	4.117365467756e+00	8.970028332289e+00
2.38000000e-01	4.126370859444e+00	9.040903693668e+00
2.39000000e-01	4.135447575077e+00	9.112678866643e+00
2.40000000e-01	4.144596522457e+00	9.185369893269e+00
2.41000000e-01	4.153818625614e+00	9.258993184121e+00
2.42000000e-01	4.163114825172e+00	9.333565528687e+00
2.43000000e-01	4.172486078744e+00	9.409104106102e+00
2.44000000e-01	4.181933361318e+00	9.485626496245e+00
2.45000000e-01	4.191457665667e+00	9.563150691211e+00
2.46000000e-01	4.201060002769e+00	9.641695107173e+00
2.47000000e-01	4.210741402234e+00	9.721278596651e+00
2.48000000e-01	4.220502912748e+00	9.801920461198e+00
2.49000000e-01	4.230345602530e+00	9.883640464530e+00
2.50000000e-01	4.240270559798e+00	9.966458846106e+00
2.51000000e-01	4.250278893252e+00	1.005039633519e+01
2.52000000e-01	4.260371732576e+00	1.013547416538e+01
2.53000000e-01	4.270550228942e+00	1.022171408972e+01
2.54000000e-01	4.280815555543e+00	1.030913839624e+01
2.55000000e-01	4.291168908135e+00	1.039776992415e+01
2.56000000e-01	4.301611505594e+00	1.048763208055e+01
2.57000000e-01	4.312144590496e+00	1.057874885777e+01
2.58000000e-01	4.322769429708e+00	1.067114485137e+01
2.59000000e-01	4.333487315003e+00	1.076484527871e+01
2.60000000e-01	4.344299563689e+00	1.085987599827e+01
2.61000000e-01	4.355207519262e+00	1.095626352970e+01
2.62000000e-01	4.366212552078e+00	1.105403507451e+01
2.63000000e-01	4.377316060042e+00	1.115321853767e+01
2.64000000e-01	4.388519469327e+00	1.125384254991e+01
2.65000000e-01	4.399824235109e+00	1.135593649092e+01
2.66000000e-01	4.411231842327e+00	1.145953051339e+01
2.67000000e-01	4.422743806471e+00	1.156465556802e+01
2.68000000e-01	4.434361674389e+00	1.167134342944e+01
2.69000000e-01	4.446087025130e+00	1.177962672316e+01
2.70000000e-01	4.457921470804e+00	1.188953895358e+01
2.71000000e-01	4.469866657476e+00	1.200111453301e+01
2.72000000e-01	4.481924266092e+00	1.211438881197e+01
2.73000000e-01	4.494096013428e+00	1.222939811058e+01
2.74000000e-01	4.506383653082e+00	1.234617975123e+01
2.75000000e-01	4.518788976486e+00	1.246477209257e+01
2.76000000e-01	4.531313813965e+00	1.258521456488e+01
2.77000000e-01	4.543960035825e+00	1.270754770682e+01
2.78000000e-01	4.556729553483e+00	1.283181320374e+01
2.79000000e-01	4.569624320628e+00	1.295805392755e+01
2.80000000e-01	4.582646334432e+00	1.308631397821e+01
2.81000000e-01	4.595797636802e+00	1.321663872695e+01
2.82000000e-01	4.609080315666e+00	1.334907486134e+01
2.83000000e-01	4.622496506320e+00	1.348367043225e+01
2.84000000e-01	4.636048392813e+00	1.362047490270e+01
2.85000000e-01	4.649738209384e+00	1.375953919898e+01
2.86000000e-01	4.663568241949e+00	1.390091576377e+01
2.87000000e-01	4.677540829653e+00	1.404465861172e+01
2.88000000e-01	4.691658366463e+00	1.419082338736e+01
2.89000000e-01	4.705923302829e+00	1.433946742554e+01
2.90000000e-01	4.720338147410e+00	1.449064981460e+01
2.91000000e-01	4.734905468856e+00	1.464443146229e+01
2.92000000e-01	4.749627897663e+00	1.480087516470e+01
2.93000000e-01	4.764508128099e+00	1.496004567819e+01
2.94000000e-01	4.779548920197e+00	1.512200979471e+01
2.95000000e-01	4.794753101833e+00	1.528683642046e+01
2.96000000e-01	4.810123570882e+00	1.545459665821e+01
2.97000000e-01	4.825663297455e+00	1.562536389347e+01
2.98000000e-01	4.841375326226e+00	1.579921388459e+01
2.99000000e-01	4.857262778855e+00	1.597622485716e+01
3.00000000e-01	4.873328856500e+00	1.615647760288e+01
3.01000000e-01	4.889576842440e+00	1.634005558310e+01
3.02000000e-01	4.906010104791e+00	1.652704503739e+01
3.03000000e-01	4.922632099349e+00	1.671753509731e+01
3.04000000e-01	4.939446372533e+00	1.691161790578e+01
3.05000000e-01	4.956456564465e+00	1.710938874223e+01
3.06000000e-01	4.973666412170e+00	1.731094615409e+01
3.07000000e-01	4.991079752909e+00	1.751639209464e+01
3.08000000e-01	5.008700527661e+00	1.772583206799e+01
3.09000000e-01	5.026532784747e+00	1.793937528124e+01
3.10000000e-01	5.044580683614e+00	1.815713480453e+01
3.11000000e-01	5.062848498778e+00	1.837922773923e+01
3.12000000e-01	5.081340623949e+00	1.860577539492e+01
3.13000000e-01	5.100061576324e+00	1.883690347558e+01
3.14000000e-01	5.119016001085e+00	1.907274227564e+01
3.15000000e-01	5.138208676088e+00	1.931342688636e+01
3.16000000e-01	5.157644516769e+00	1.955909741337e+01
3.17000000e-01	5.177328581273e+00	1.980989920591e+01
3.18000000e-01	5.197266075815e+00	2.006598309852e+01
3.19000000e-01	5.217462360293e+00	2.032750566607e+01
3.20000000e-01	5.237922954162e+00	2.059462949290e+01
3.21000000e-01	5.258653542582e+00	2.086752345696e+01
3.22000000e-01	5.279659982866e+00	2.114636302999e+01
3.23000000e-01	5.300948311223e+00	2.143133059479e+01
3.24000000e-01	5.322524749842e+00	2.172261578062e+01
3.25000000e-01	5.344395714310e+00	2.202041581807e+01
3.26000000e-01	5.366567821401e+00	2.232493591460e+01
3.27000000e-01	5.389047897252e+00	2.263638965222e+01
3.28000000e-01	5.411842985939e+00	2.295499940882e+01
3.29000000e-01	5.434960358504e+00	2.328099680473e+01
3.30000000e-01	5.458407522423e+00	2.361462317639e+01
3.31000000e-01	5.482192231577e+00	2.395613007889e+01
3.32000000e-01	5.506322496731e+00	2.430577981958e+01
3.33000000e-01	5.530806596568e+00	2.466384602488e+01
3.34000000e-01	5.555653089307e+00	2.503061424275e+01
3.35000000e-01	5.580870824942e+00	2.540638258341e+01
3.36000000e-01	5.606468958139e+00	2.579146240116e+01
3.37000000e-01	5.632456961842e+00	2.618617902035e+01
3.38000000e-01	5.658844641624e+00	2.659087250882e+01
3.39000000e-01	5.685642150839e+00	2.700589850252e+01
3.40000000e-01	5.712860006626e+00	2.743162908512e+01
3.41000000e-01	5.740509106818e+00	2.786845372693e+01
3.42000000e-01	5.768600747829e+00	2.831678028792e+01
3.43000000e-01	5.797146643571e+00	2.877703608970e+01
3.44000000e-01	5.826158945482e+00	2.924966906227e+01
3.45000000e-01	5.855650263742e+00	2.973514897130e+01
3.46000000e-01	5.885633689760e+00	3.023396873289e+01
3.47000000e-01	5.916122820018e+00	3.074664582277e+01
3.48000000e-01	5.947131781379e+00	3.127372378806e+01
3.49000000e-01	5.978675257961e+00	3.181577387022e+01
3.50000000e-01	6.010768519692e+00	3.237339674869e+01
3.51000000e-01	6.043427452672e+00	3.294722441582e+01
3.52000000e-01	6.076668591487e+00	3.353792219451e+01
3.53000000e-01	6.110509153606e+00	3.414619091125e+01
3.54000000e-01	6.144967076049e+00	3.477276923868e+01
3.55000000e-01	6.180061054475e+00	3.541843622287e+01
3.56000000e-01	6.215810584902e+00	3.608401401256e+01
3.57000000e-01	6.252236008270e+00	3.677037080904e+01
3.58000000e-01	6.289358558066e+00	3.747842405768e+01
3.59000000e-01	6.327200411270e+00	3.820914390401e+01
3.60000000e-01	6.365784742909e+00	3.896355694023e+01
3.61000000e-01	6.405135784503e+00	3.974275027049e+01
3.62000000e-01	6.445278886758e+00	4.054787592674e+01
3.63000000e-01	6.486240586859e+00	4.138015567046e+01
3.64000000e-01	6.528048680776e+00	4.224088621967e+01
3.65000000e-01	6.570732301027e+00	4.313144494545e+01
3.66000000e-01	6.614322000397e+00	4.405329608701e+01
3.67000000e-01	6.658849842145e+00	4.500799754086e+01
3.68000000e-01	6.704349497323e+00	4.599720828592e+01
3.69000000e-01	6.750856349856e+00	4.702269651435e+01
3.70000000e-01	6.798407610152e+00	4.808634854681e+01
3.71000000e-01	6.847042438039e+00	4.919017862043e+01
3.72000000e-01	6.896802075984e+00	5.033633964992e+01
3.73000000e-01	6.947729993594e+00	5.152713507499e+01
3.74000000e-01	6.999872044566e+00	5.276503192256e+01
3.75000000e-01	7.053276637367e+00	5.405267522990e+01
3.76000000e-01	7.107994921084e+00	5.539290399493e+01
3.77000000e-01	7.164080988066e+00	5.678876884322e+01
3.78000000e-01	7.221592095181e+00	5.824355162857e+01
3.79000000e-01	7.280588905744e+00	5.976078721546e+01
3.80000000e-01	7.341135754431e+00	6.134428772853e+01
3.81000000e-01	7.403300937816e+00	6.299816959702e+01
3.82000000e-01	7.467157033503e+00	6.472688377276e+01
3.83000000e-01	7.532781251240e+00	6.653524955910e+01
3.84000000e-01	7.600255819878e+00	6.842849255804e+01
3.85000000e-01	7.669668414580e+00	7.041228732496e+01
3.86000000e-01	7.741112629317e+00	7.249280541789e+01
3.87000000e-01	7.814688500437e+00	7.467676964404e+01
3.88000000e-01	7.890503087975e+00	7.697151544453e+01
3.89000000e-01	7.968671122358e+00	7.938506052339e+01
3.90000000e-01	8.049315725402e+00	8.192618402523e+01
3.91000000e-01	8.132569215891e+00	8.460451680503e+01
3.92000000e-01	8.218574011726e+00	8.743064462234e+01
3.93000000e-01	8.307483642615e+00	9.041622644293e+01
3.94000000e-01	8.399463889693e+00	9.357413045842e+01
3.95000000e-01	8.494694071299e+00	9.691859095783e+01
3.96000000e-01	8.593368497593e+00	1.004653898281e+02
3.97000000e-01	8.695698120859e+00	1.042320672554e+02
3.98000000e-01	8.801912413373e+00	1.082381671852e+02
3.99000000e-01	8.912261510883e+00	1.125055243285e+02
4.00000000e-01	9.027018667264e+00	1.170586010457e+02
4.01000000e-01	9.146483075183e+00	1.219248843812e+02
4.02000000e-01	9.270983119068e+00	1.271353559936e+02
4.03000000e-01	9.400880140914e+00	1.327250508670e+02
4.04000000e-01	9.536572817304e+00	1.387337247394e+02
4.05000000e-01	9.678502268446e+00	1.452066554042e+02
4.06000000e-01	9.827158048428e+00	1.521956098558e+02
4.07000000e-01	9.983085202144e+00	1.597600181804e+02
4.08000000e-01	1.014689262086e+01	1.679684069181e+02
4.09000000e-01	1.031926298864e+01	1.769001603951e+02
4.10000000e-01	1.050096469042e+01	1.866476997644e+02
4.11000000e-01	1.069286615587e+01	1.973191983743e+02
4.12000000e-01	1.089595325087e+01	2.090419917577e+02
4.13000000e-01	1.111135051223e+01	2.219668956487e+02
4.14000000e-01	1.134034727171e+01	2.362737229026e+02
4.15000000e-01	1.158443005784e+01	2.521784005025e+02
4.16000000e-01	1.184532313988e+01	2.699422470638e+02
4.17000000e-01	1.212503974799e+01	2.898842045657e+02
4.18000000e-01	1.242594745901e+01	3.123971655016e+02
4.19000000e-01	1.275085262369e+01	3.379700632983e+02
4.20000000e-01	1.310311075538e+01	3.672182077233e+02
4.21000000e-01	1.348677287468e+01	4.009256316886e+02
4.22000000e-01	1.390678252424e+01	4.401052918752e+02
4.23000000e-01	1.436924558319e+01	4.860864089212e+02
4.24000000e-01	1.488180696848e+01	5.406441127503e+02
4.25000000e-01	1.545418816007e+01	6.061969333396e+02
4.26000000e-01	1.609897354428e+01	6.861166757264e+02
4.27000000e-01	1.683279424741e+01	7.852315196301e+02
4.28000000e-01	1.767817105148e+01	9.106760445068e+02
4.29000000e-01	1.866649910914e+01	1.073396793078e+03
4.30000000e-01	1.984311719415e+01	1.290974730020e+03
4.31000000e-01	2.127643385633e+01	1.593298820156e+03
