# Układ: x' = x(y-1),  y' = 3x - 2y + x^2 - 2y^2
# IC: x0=1, y0=1, dt=1.000e-03, nsteps=10000
# t	x(t)	y(t)
0.00000000e+00	1.000000000000e+00	1.000000000000e+00
1.00000000e-03	1.001000618034e+00	1.001236068557e+00
2.00000000e-03	1.002002472138e+00	1.002472140593e+00
3.00000000e-03	1.003005562318e+00	1.003708219598e+00
4.00000000e-03	1.004009888581e+00	1.004944309074e+00
5.00000000e-03	1.005015450940e+00	1.006180412537e+00
6.00000000e-03	1.006022249412e+00	1.007416533512e+00
7.00000000e-03	1.007030284014e+00	1.008652675539e+00
8.00000000e-03	1.008039554771e+00	1.009888842167e+00
9.00000000e-03	1.009050061708e+00	1.011125036961e+00
1.00000000e-02	1.010061804856e+00	1.012361263495e+00
1.10000000e-02	1.011074784247e+00	1.013597525358e+00
1.20000000e-02	1.012088999919e+00	1.014833826150e+00
1.30000000e-02	1.013104451913e+00	1.016070169484e+00
1.40000000e-02	1.014121140274e+00	1.017306558984e+00
1.50000000e-02	1.015139065048e+00	1.018542998288e+00
1.60000000e-02	1.016158226288e+00	1.019779491046e+00
1.70000000e-02	1.017178624049e+00	1.021016040921e+00
1.80000000e-02	1.018200258390e+00	1.022252651589e+00
1.90000000e-02	1.019223129374e+00	1.023489326736e+00
2.00000000e-02	1.020247237066e+00	1.024726070065e+00
2.10000000e-02	1.021272581538e+00	1.025962885287e+00
2.20000000e-02	1.022299162862e+00	1.027199776131e+00
2.30000000e-02	1.023326981117e+00	1.028436746333e+00
2.40000000e-02	1.024356036383e+00	1.029673799647e+00
2.50000000e-02	1.025386328745e+00	1.030910939837e+00
2.60000000e-02	1.026417858292e+00	1.032148170681e+00
2.70000000e-02	1.027450625118e+00	1.033385495969e+00
2.80000000e-02	1.028484629317e+00	1.034622919505e+00
2.90000000e-02	1.029519870991e+00	1.035860445107e+00
3.00000000e-02	1.030556350243e+00	1.037098076603e+00
3.10000000e-02	1.031594067181e+00	1.038335817837e+00
3.20000000e-02	1.032633021916e+00	1.039573672666e+00
3.30000000e-02	1.033673214565e+00	1.040811644958e+00
3.40000000e-02	1.034714645247e+00	1.042049738597e+00
3.50000000e-02	1.035757314084e+00	1.043287957478e+00
3.60000000e-02	1.036801221205e+00	1.044526305512e+00
3.70000000e-02	1.037846366739e+00	1.045764786621e+00
3.80000000e-02	1.038892750823e+00	1.047003404742e+00
3.90000000e-02	1.039940373596e+00	1.048242163824e+00
4.00000000e-02	1.040989235199e+00	1.049481067832e+00
4.10000000e-02	1.042039335781e+00	1.050720120741e+00
4.20000000e-02	1.043090675492e+00	1.051959326543e+00
4.30000000e-02	1.044143254487e+00	1.053198689243e+00
4.40000000e-02	1.045197072924e+00	1.054438212858e+00
4.50000000e-02	1.046252130967e+00	1.055677901420e+00
4.60000000e-02	1.047308428783e+00	1.056917758976e+00
4.70000000e-02	1.048365966543e+00	1.058157789585e+00
4.80000000e-02	1.049424744421e+00	1.059397997320e+00
4.90000000e-02	1.050484762598e+00	1.060638386269e+00
5.00000000e-02	1.051546021256e+00	1.061878960534e+00
5.10000000e-02	1.052608520582e+00	1.063119724231e+00
5.20000000e-02	1.053672260769e+00	1.064360681489e+00
5.30000000e-02	1.054737242011e+00	1.065601836453e+00
5.40000000e-02	1.055803464509e+00	1.066843193279e+00
5.50000000e-02	1.056870928466e+00	1.068084756142e+00
5.60000000e-02	1.057939634091e+00	1.069326529228e+00
5.70000000e-02	1.059009581596e+00	1.070568516738e+00
5.80000000e-02	1.060080771198e+00	1.071810722888e+00
5.90000000e-02	1.061153203116e+00	1.073053151907e+00
6.00000000e-02	1.062226877577e+00	1.074295808041e+00
6.10000000e-02	1.063301794809e+00	1.075538695548e+00
6.20000000e-02	1.064377955047e+00	1.076781818702e+00
6.30000000e-02	1.065455358527e+00	1.078025181793e+00
6.40000000e-02	1.066534005492e+00	1.079268789122e+00
6.50000000e-02	1.067613896188e+00	1.080512645008e+00
6.60000000e-02	1.068695030866e+00	1.081756753785e+00
6.70000000e-02	1.069777409781e+00	1.083001119799e+00
6.80000000e-02	1.070861033193e+00	1.084245747413e+00
6.90000000e-02	1.071945901365e+00	1.085490641005e+00
7.00000000e-02	1.073032014565e+00	1.086735804967e+00
7.10000000e-02	1.074119373066e+00	1.087981243708e+00
7.20000000e-02	1.075207977145e+00	1.089226961651e+00
7.30000000e-02	1.076297827084e+00	1.090472963233e+00
7.40000000e-02	1.077388923168e+00	1.091719252908e+00
7.50000000e-02	1.078481265687e+00	1.092965835145e+00
7.60000000e-02	1.079574854937e+00	1.094212714427e+00
7.70000000e-02	1.080669691217e+00	1.095459895256e+00
7.80000000e-02	1.081765774830e+00	1.096707382144e+00
7.90000000e-02	1.082863106085e+00	1.097955179624e+00
8.00000000e-02	1.083961685294e+00	1.099203292242e+00
8.10000000e-02	1.085061512776e+00	1.100451724558e+00
8.20000000e-02	1.086162588851e+00	1.101700481152e+00
8.30000000e-02	1.087264913848e+00	1.102949566616e+00
8.40000000e-02	1.088368488096e+00	1.104198985559e+00
8.50000000e-02	1.089473311931e+00	1.105448742607e+00
8.60000000e-02	1.090579385695e+00	1.106698842401e+00
8.70000000e-02	1.091686709732e+00	1.107949289598e+00
8.80000000e-02	1.092795284392e+00	1.109200088870e+00
8.90000000e-02	1.093905110029e+00	1.110451244908e+00
9.00000000e-02	1.095016187002e+00	1.111702762417e+00
9.10000000e-02	1.096128515676e+00	1.112954646118e+00
9.20000000e-02	1.097242096418e+00	1.114206900749e+00
9.30000000e-02	1.098356929602e+00	1.115459531066e+00
9.40000000e-02	1.099473015607e+00	1.116712541838e+00
9.50000000e-02	1.100590354814e+00	1.117965937854e+00
9.60000000e-02	1.101708947613e+00	1.119219723917e+00
9.70000000e-02	1.102828794394e+00	1.120473904847e+00
9.80000000e-02	1.103949895555e+00	1.121728485483e+00
9.90000000e-02	1.105072251500e+00	1.122983470677e+00
1.00000000e-01	1.106195862633e+00	1.124238865302e+00
1.01000000e-01	1.107320729368e+00	1.125494674244e+00
1.02000000e-01	1.108446852122e+00	1.126750902408e+00
1.03000000e-01	1.109574231315e+00	1.128007554717e+00
1.04000000e-01	1.110702867374e+00	1.129264636108e+00
1.05000000e-01	1.111832760731e+00	1.130522151537e+00
1.06000000e-01	1.112963911823e+00	1.131780105979e+00
1.07000000e-01	1.114096321091e+00	1.133038504422e+00
1.08000000e-01	1.115229988982e+00	1.134297351876e+00
1.09000000e-01	1.116364915947e+00	1.135556653364e+00
1.10000000e-01	1.117501102442e+00	1.136816413930e+00
1.11000000e-01	1.118638548929e+00	1.138076638634e+00
1.12000000e-01	1.119777255875e+00	1.139337332553e+00
1.13000000e-01	1.120917223752e+00	1.140598500784e+00
1.14000000e-01	1.122058453037e+00	1.141860148438e+00
1.15000000e-01	1.123200944211e+00	1.143122280649e+00
1.16000000e-01	1.124344697761e+00	1.144384902563e+00
1.17000000e-01	1.125489714181e+00	1.145648019349e+00
1.18000000e-01	1.126635993967e+00	1.146911636191e+00
1.19000000e-01	1.127783537622e+00	1.148175758293e+00
1.20000000e-01	1.128932345653e+00	1.149440390875e+00
1.21000000e-01	1.130082418575e+00	1.150705539177e+00
1.22000000e-01	1.131233756905e+00	1.151971208457e+00
1.23000000e-01	1.132386361168e+00	1.153237403992e+00
1.24000000e-01	1.133540231891e+00	1.154504131075e+00
1.25000000e-01	1.134695369609e+00	1.155771395021e+00
1.26000000e-01	1.135851774861e+00	1.157039201160e+00
1.27000000e-01	1.137009448194e+00	1.158307554844e+00
1.28000000e-01	1.138168390155e+00	1.159576461443e+00
1.29000000e-01	1.139328601302e+00	1.160845926343e+00
1.30000000e-01	1.140490082196e+00	1.162115954953e+00
1.31000000e-01	1.141652833402e+00	1.163386552699e+00
1.32000000e-01	1.142816855493e+00	1.164657725025e+00
1.33000000e-01	1.143982149046e+00	1.165929477396e+00
1.34000000e-01	1.145148714643e+00	1.167201815297e+00
1.35000000e-01	1.146316552873e+00	1.168474744228e+00
1.36000000e-01	1.147485664330e+00	1.169748269714e+00
1.37000000e-01	1.148656049613e+00	1.171022397296e+00
1.38000000e-01	1.149827709327e+00	1.172297132534e+00
1.39000000e-01	1.151000644083e+00	1.173572481011e+00
1.40000000e-01	1.152174854496e+00	1.174848448327e+00
1.41000000e-01	1.153350341188e+00	1.176125040102e+00
1.42000000e-01	1.154527104786e+00	1.177402261976e+00
1.43000000e-01	1.155705145923e+00	1.178680119611e+00
1.44000000e-01	1.156884465239e+00	1.179958618686e+00
1.45000000e-01	1.158065063376e+00	1.181237764902e+00
1.46000000e-01	1.159246940986e+00	1.182517563980e+00
1.47000000e-01	1.160430098724e+00	1.183798021660e+00
1.48000000e-01	1.161614537251e+00	1.185079143705e+00
1.49000000e-01	1.162800257235e+00	1.186360935895e+00
1.50000000e-01	1.163987259348e+00	1.187643404034e+00
1.51000000e-01	1.165175544270e+00	1.188926553944e+00
1.52000000e-01	1.166365112685e+00	1.190210391469e+00
1.53000000e-01	1.167555965284e+00	1.191494922474e+00
1.54000000e-01	1.168748102763e+00	1.192780152844e+00
1.55000000e-01	1.169941525825e+00	1.194066088486e+00
1.56000000e-01	1.171136235177e+00	1.195352735327e+00
1.57000000e-01	1.172332231535e+00	1.196640099317e+00
1.58000000e-01	1.173529515617e+00	1.197928186424e+00
1.59000000e-01	1.174728088151e+00	1.199217002641e+00
1.60000000e-01	1.175927949867e+00	1.200506553980e+00
1.61000000e-01	1.177129101506e+00	1.201796846475e+00
1.62000000e-01	1.178331543809e+00	1.203087886183e+00
1.63000000e-01	1.179535277529e+00	1.204379679181e+00
1.64000000e-01	1.180740303421e+00	1.205672231569e+00
1.65000000e-01	1.181946622247e+00	1.206965549467e+00
1.66000000e-01	1.183154234777e+00	1.208259639020e+00
1.67000000e-01	1.184363141785e+00	1.209554506393e+00
1.68000000e-01	1.185573344051e+00	1.210850157773e+00
1.69000000e-01	1.186784842364e+00	1.212146599370e+00
1.70000000e-01	1.187997637515e+00	1.213443837418e+00
1.71000000e-01	1.189211730306e+00	1.214741878170e+00
1.72000000e-01	1.190427121541e+00	1.216040727903e+00
1.73000000e-01	1.191643812034e+00	1.217340392919e+00
1.74000000e-01	1.192861802601e+00	1.218640879540e+00
1.75000000e-01	1.194081094069e+00	1.219942194112e+00
1.76000000e-01	1.195301687267e+00	1.221244343003e+00
1.77000000e-01	1.196523583035e+00	1.222547332605e+00
1.78000000e-01	1.197746782215e+00	1.223851169333e+00
1.79000000e-01	1.198971285658e+00	1.225155859625e+00
1.80000000e-01	1.200197094221e+00	1.226461409944e+00
1.81000000e-01	1.201424208767e+00	1.227767826774e+00
1.82000000e-01	1.202652630165e+00	1.229075116624e+00
1.83000000e-01	1.203882359293e+00	1.230383286026e+00
1.84000000e-01	1.205113397033e+00	1.231692341536e+00
1.85000000e-01	1.206345744274e+00	1.233002289736e+00
1.86000000e-01	1.207579401912e+00	1.234313137228e+00
1.87000000e-01	1.208814370850e+00	1.235624890642e+00
1.88000000e-01	1.210050651998e+00	1.236937556629e+00
1.89000000e-01	1.211288246270e+00	1.238251141867e+00
1.90000000e-01	1.212527154590e+00	1.239565653056e+00
1.91000000e-01	1.213767377887e+00	1.240881096924e+00
1.92000000e-01	1.215008917097e+00	1.242197480220e+00
1.93000000e-01	1.216251773163e+00	1.243514809719e+00
1.94000000e-01	1.217495947034e+00	1.244833092222e+00
1.95000000e-01	1.218741439667e+00	1.246152334555e+00
1.96000000e-01	1.219988252025e+00	1.247472543566e+00
1.97000000e-01	1.221236385079e+00	1.248793726133e+00
1.98000000e-01	1.222485839804e+00	1.250115889156e+00
1.99000000e-01	1.223736617186e+00	1.251439039561e+00
2.00000000e-01	1.224988718215e+00	1.252763184301e+00
2.01000000e-01	1.226242143889e+00	1.254088330352e+00
2.02000000e-01	1.227496895212e+00	1.255414484720e+00
2.03000000e-01	1.228752973197e+00	1.256741654432e+00
2.04000000e-01	1.230010378862e+00	1.258069846545e+00
2.05000000e-01	1.231269113233e+00	1.259399068140e+00
2.06000000e-01	1.232529177343e+00	1.260729326325e+00
2.07000000e-01	1.233790572233e+00	1.262060628234e+00
2.08000000e-01	1.235053298950e+00	1.263392981029e+00
2.09000000e-01	1.236317358548e+00	1.264726391897e+00
2.10000000e-01	1.237582752089e+00	1.266060868053e+00
2.11000000e-01	1.238849480642e+00	1.267396416737e+00
2.12000000e-01	1.240117545282e+00	1.268733045218e+00
2.13000000e-01	1.241386947095e+00	1.270070760792e+00
2.14000000e-01	1.242657687169e+00	1.271409570781e+00
2.15000000e-01	1.243929766603e+00	1.272749482535e+00
2.16000000e-01	1.245203186504e+00	1.274090503432e+00
2.17000000e-01	1.246477947982e+00	1.275432640878e+00
2.18000000e-01	1.247754052160e+00	1.276775902305e+00
2.19000000e-01	1.249031500164e+00	1.278120295175e+00
2.20000000e-01	1.250310293130e+00	1.279465826978e+00
2.21000000e-01	1.251590432200e+00	1.280812505229e+00
2.22000000e-01	1.252871918525e+00	1.282160337476e+00
2.23000000e-01	1.254154753262e+00	1.283509331292e+00
2.24000000e-01	1.255438937577e+00	1.284859494280e+00
2.25000000e-01	1.256724472643e+00	1.286210834071e+00
2.26000000e-01	1.258011359640e+00	1.287563358326e+00
2.27000000e-01	1.259299599757e+00	1.288917074735e+00
2.28000000e-01	1.260589194190e+00	1.290271991015e+00
2.29000000e-01	1.261880144142e+00	1.291628114915e+00
2.30000000e-01	1.263172450825e+00	1.292985454212e+00
2.31000000e-01	1.264466115458e+00	1.294344016712e+00
2.32000000e-01	1.265761139269e+00	1.295703810253e+00
2.33000000e-01	1.267057523491e+00	1.297064842700e+00
2.34000000e-01	1.268355269370e+00	1.298427121950e+00
2.35000000e-01	1.269654378154e+00	1.299790655929e+00
2.36000000e-01	1.270954851102e+00	1.301155452595e+00
2.37000000e-01	1.272256689482e+00	1.302521519933e+00
2.38000000e-01	1.273559894568e+00	1.303888865963e+00
2.39000000e-01	1.274864467643e+00	1.305257498733e+00
2.40000000e-01	1.276170409997e+00	1.306627426321e+00
2.41000000e-01	1.277477722930e+00	1.307998656839e+00
2.42000000e-01	1.278786407748e+00	1.309371198427e+00
2.43000000e-01	1.280096465767e+00	1.310745059260e+00
2.44000000e-01	1.281407898309e+00	1.312120247541e+00
2.45000000e-01	1.282720706707e+00	1.313496771505e+00
2.46000000e-01	1.284034892300e+00	1.314874639422e+00
2.47000000e-01	1.285350456437e+00	1.316253859591e+00
2.48000000e-01	1.286667400473e+00	1.317634440343e+00
2.49000000e-01	1.287985725774e+00	1.319016390042e+00
2.50000000e-01	1.289305433712e+00	1.320399717086e+00
2.51000000e-01	1.290626525670e+00	1.321784429903e+00
2.52000000e-01	1.291949003037e+00	1.323170536955e+00
2.53000000e-01	1.293272867211e+00	1.324558046736e+00
2.54000000e-01	1.294598119601e+00	1.325946967775e+00
2.55000000e-01	1.295924761620e+00	1.327337308633e+00
2.56000000e-01	1.297252794694e+00	1.328729077903e+00
2.57000000e-01	1.298582220255e+00	1.330122284213e+00
2.58000000e-01	1.299913039744e+00	1.331516936227e+00
2.59000000e-01	1.301245254612e+00	1.332913042638e+00
2.60000000e-01	1.302578866317e+00	1.334310612176e+00
2.61000000e-01	1.303913876327e+00	1.335709653606e+00
2.62000000e-01	1.305250286118e+00	1.337110175725e+00
2.63000000e-01	1.306588097175e+00	1.338512187367e+00
2.64000000e-01	1.307927310992e+00	1.339915697398e+00
2.65000000e-01	1.309267929072e+00	1.341320714722e+00
2.66000000e-01	1.310609952927e+00	1.342727248275e+00
2.67000000e-01	1.311953384077e+00	1.344135307031e+00
2.68000000e-01	1.313298224053e+00	1.345544899997e+00
2.69000000e-01	1.314644474392e+00	1.346956036219e+00
2.70000000e-01	1.315992136642e+00	1.348368724774e+00
2.71000000e-01	1.317341212362e+00	1.349782974780e+00
2.72000000e-01	1.318691703115e+00	1.351198795388e+00
2.73000000e-01	1.320043610479e+00	1.352616195786e+00
2.74000000e-01	1.321396936037e+00	1.354035185198e+00
2.75000000e-01	1.322751681382e+00	1.355455772887e+00
2.76000000e-01	1.324107848118e+00	1.356877968151e+00
2.77000000e-01	1.325465437857e+00	1.358301780324e+00
2.78000000e-01	1.326824452221e+00	1.359727218781e+00
2.79000000e-01	1.328184892840e+00	1.361154292930e+00
2.80000000e-01	1.329546761355e+00	1.362583012221e+00
2.81000000e-01	1.330910059416e+00	1.364013386139e+00
2.82000000e-01	1.332274788682e+00	1.365445424207e+00
2.83000000e-01	1.333640950823e+00	1.366879135988e+00
2.84000000e-01	1.335008547515e+00	1.368314531082e+00
2.85000000e-01	1.336377580449e+00	1.369751619129e+00
2.86000000e-01	1.337748051321e+00	1.371190409807e+00
2.87000000e-01	1.339119961839e+00	1.372630912832e+00
2.88000000e-01	1.340493313721e+00	1.374073137961e+00
2.89000000e-01	1.341868108693e+00	1.375517094990e+00
2.90000000e-01	1.343244348491e+00	1.376962793754e+00
2.91000000e-01	1.344622034864e+00	1.378410244129e+00
2.92000000e-01	1.346001169567e+00	1.379859456030e+00
2.93000000e-01	1.347381754367e+00	1.381310439413e+00
2.94000000e-01	1.348763791040e+00	1.382763204274e+00
2.95000000e-01	1.350147281372e+00	1.384217760649e+00
2.96000000e-01	1.351532227161e+00	1.385674118618e+00
2.97000000e-01	1.352918630213e+00	1.387132288298e+00
2.98000000e-01	1.354306492345e+00	1.388592279850e+00
2.99000000e-01	1.355695815384e+00	1.390054103476e+00
3.00000000e-01	1.357086601166e+00	1.391517769420e+00
3.01000000e-01	1.358478851540e+00	1.392983287966e+00
3.02000000e-01	1.359872568363e+00	1.394450669444e+00
3.03000000e-01	1.361267753504e+00	1.395919924224e+00
3.04000000e-01	1.362664408840e+00	1.397391062718e+00
3.05000000e-01	1.364062536260e+00	1.398864095382e+00
3.06000000e-01	1.365462137665e+00	1.400339032716e+00
3.07000000e-01	1.366863214964e+00	1.401815885262e+00
3.08000000e-01	1.368265770078e+00	1.403294663605e+00
3.09000000e-01	1.369669804937e+00	1.404775378376e+00
3.10000000e-01	1.371075321483e+00	1.406258040249e+00
3.11000000e-01	1.372482321670e+00	1.407742659942e+00
3.12000000e-01	1.373890807460e+00	1.409229248217e+00
3.13000000e-01	1.375300780826e+00	1.410717815882e+00
3.14000000e-01	1.376712243755e+00	1.412208373789e+00
3.15000000e-01	1.378125198241e+00	1.413700932836e+00
3.16000000e-01	1.379539646291e+00	1.415195503967e+00
3.17000000e-01	1.380955589923e+00	1.416692098169e+00
3.18000000e-01	1.382373031165e+00	1.418190726479e+00
3.19000000e-01	1.383791972058e+00	1.419691399977e+00
3.20000000e-01	1.385212414651e+00	1.421194129790e+00
3.21000000e-01	1.386634361007e+00	1.422698927093e+00
3.22000000e-01	1.388057813198e+00	1.424205803108e+00
3.23000000e-01	1.389482773309e+00	1.425714769102e+00
3.24000000e-01	1.390909243437e+00	1.427225836393e+00
3.25000000e-01	1.392337225686e+00	1.428739016342e+00
3.26000000e-01	1.393766722177e+00	1.430254320364e+00
3.27000000e-01	1.395197735039e+00	1.431771759916e+00
3.28000000e-01	1.396630266413e+00	1.433291346509e+00
3.29000000e-01	1.398064318452e+00	1.434813091699e+00
3.30000000e-01	1.399499893320e+00	1.436337007093e+00
3.31000000e-01	1.400936993193e+00	1.437863104346e+00
3.32000000e-01	1.402375620259e+00	1.439391395164e+00
3.33000000e-01	1.403815776718e+00	1.440921891303e+00
3.34000000e-01	1.405257464781e+00	1.442454604566e+00
3.35000000e-01	1.406700686671e+00	1.443989546811e+00
3.36000000e-01	1.408145444622e+00	1.445526729944e+00
3.37000000e-01	1.409591740881e+00	1.447066165923e+00
3.38000000e-01	1.411039577709e+00	1.448607866755e+00
3.39000000e-01	1.412488957374e+00	1.450151844502e+00
3.40000000e-01	1.413939882161e+00	1.451698111275e+00
3.41000000e-01	1.415392354364e+00	1.453246679239e+00
3.42000000e-01	1.416846376290e+00	1.454797560610e+00
3.43000000e-01	1.418301950260e+00	1.456350767658e+00
3.44000000e-01	1.419759078605e+00	1.457906312705e+00
3.45000000e-01	1.421217763669e+00	1.459464208127e+00
3.46000000e-01	1.422678007809e+00	1.461024466353e+00
3.47000000e-01	1.424139813393e+00	1.462587099865e+00
3.48000000e-01	1.425603182804e+00	1.464152121202e+00
3.49000000e-01	1.427068118436e+00	1.465719542955e+00
3.50000000e-01	1.428534622695e+00	1.467289377771e+00
3.51000000e-01	1.430002698000e+00	1.468861638350e+00
3.52000000e-01	1.431472346784e+00	1.470436337451e+00
3.53000000e-01	1.432943571492e+00	1.472013487886e+00
3.54000000e-01	1.434416374581e+00	1.473593102524e+00
3.55000000e-01	1.435890758523e+00	1.475175194290e+00
3.56000000e-01	1.437366725800e+00	1.476759776166e+00
3.57000000e-01	1.438844278909e+00	1.478346861190e+00
3.58000000e-01	1.440323420361e+00	1.479936462460e+00
3.59000000e-01	1.441804152678e+00	1.481528593128e+00
3.60000000e-01	1.443286478395e+00	1.483123266406e+00
3.61000000e-01	1.444770400062e+00	1.484720495564e+00
3.62000000e-01	1.446255920242e+00	1.486320293932e+00
3.63000000e-01	1.447743041511e+00	1.487922674896e+00
3.64000000e-01	1.449231766458e+00	1.489527651903e+00
3.65000000e-01	1.450722097685e+00	1.491135238460e+00
3.66000000e-01	1.452214037809e+00	1.492745448134e+00
3.67000000e-01	1.453707589460e+00	1.494358294551e+00
3.68000000e-01	1.455202755281e+00	1.495973791399e+00
3.69000000e-01	1.456699537931e+00	1.497591952426e+00
3.70000000e-01	1.458197940079e+00	1.499212791442e+00
3.71000000e-01	1.459697964411e+00	1.500836322318e+00
3.72000000e-01	1.461199613625e+00	1.502462558988e+00
3.73000000e-01	1.462702890435e+00	1.504091515449e+00
3.74000000e-01	1.464207797568e+00	1.505723205759e+00
3.75000000e-01	1.465714337763e+00	1.507357644039e+00
3.76000000e-01	1.467222513776e+00	1.508994844476e+00
3.77000000e-01	1.468732328377e+00	1.510634821319e+00
3.78000000e-01	1.470243784349e+00	1.512277588881e+00
3.79000000e-01	1.471756884490e+00	1.513923161540e+00
3.80000000e-01	1.473271631612e+00	1.515571553740e+00
3.81000000e-01	1.474788028542e+00	1.517222779990e+00
3.82000000e-01	1.476306078122e+00	1.518876854863e+00
3.83000000e-01	1.477825783206e+00	1.520533793000e+00
3.84000000e-01	1.479347146667e+00	1.522193609108e+00
3.85000000e-01	1.480870171389e+00	1.523856317962e+00
3.86000000e-01	1.482394860272e+00	1.525521934401e+00
3.87000000e-01	1.483921216232e+00	1.527190473336e+00
3.88000000e-01	1.485449242198e+00	1.528861949744e+00
3.89000000e-01	1.486978941116e+00	1.530536378669e+00
3.90000000e-01	1.488510315945e+00	1.532213775226e+00
3.91000000e-01	1.490043369660e+00	1.533894154599e+00
3.92000000e-01	1.491578105253e+00	1.535577532041e+00
3.93000000e-01	1.493114525729e+00	1.537263922877e+00
3.94000000e-01	1.494652634108e+00	1.538953342500e+00
3.95000000e-01	1.496192433429e+00	1.540645806374e+00
3.96000000e-01	1.497733926741e+00	1.542341330038e+00
3.97000000e-01	1.499277117114e+00	1.544039929098e+00
3.98000000e-01	1.500822007630e+00	1.545741619235e+00
3.99000000e-01	1.502368601388e+00	1.547446416203e+00
4.00000000e-01	1.503916901503e+00	1.549154335828e+00
4.01000000e-01	1.505466911106e+00	1.550865394010e+00
4.02000000e-01	1.507018633343e+00	1.552579606721e+00
4.03000000e-01	1.508572071376e+00	1.554296990011e+00
4.04000000e-01	1.510127228385e+00	1.556017560002e+00
4.05000000e-01	1.511684107564e+00	1.557741332893e+00
4.06000000e-01	1.513242712124e+00	1.559468324958e+00
4.07000000e-01	1.514803045292e+00	1.561198552546e+00
4.08000000e-01	1.516365110313e+00	1.562932032086e+00
4.09000000e-01	1.517928910446e+00	1.564668780080e+00
4.10000000e-01	1.519494448968e+00	1.566408813111e+00
4.11000000e-01	1.521061729173e+00	1.568152147838e+00
4.12000000e-01	1.522630754370e+00	1.569898800999e+00
4.13000000e-01	1.524201527886e+00	1.571648789412e+00
4.14000000e-01	1.525774053066e+00	1.573402129973e+00
4.15000000e-01	1.527348333269e+00	1.575158839659e+00
4.16000000e-01	1.528924371874e+00	1.576918935528e+00
4.17000000e-01	1.530502172275e+00	1.578682434716e+00
4.18000000e-01	1.532081737884e+00	1.580449354444e+00
4.19000000e-01	1.533663072130e+00	1.582219712013e+00
4.20000000e-01	1.535246178459e+00	1.583993524807e+00
4.21000000e-01	1.536831060337e+00	1.585770810293e+00
4.22000000e-01	1.538417721243e+00	1.587551586021e+00
4.23000000e-01	1.540006164678e+00	1.589335869624e+00
4.24000000e-01	1.541596394158e+00	1.591123678823e+00
4.25000000e-01	1.543188413217e+00	1.592915031419e+00
4.26000000e-01	1.544782225408e+00	1.594709945303e+00
4.27000000e-01	1.546377834301e+00	1.596508438449e+00
4.28000000e-01	1.547975243484e+00	1.598310528919e+00
4.29000000e-01	1.549574456564e+00	1.600116234863e+00
4.30000000e-01	1.551175477165e+00	1.601925574515e+00
4.31000000e-01	1.552778308930e+00	1.603738566202e+00
4.32000000e-01	1.554382955521e+00	1.605555228335e+00
4.33000000e-01	1.555989420616e+00	1.607375579418e+00
4.34000000e-01	1.557597707915e+00	1.609199638043e+00
4.35000000e-01	1.559207821134e+00	1.611027422893e+00
4.36000000e-01	1.560819764009e+00	1.612858952741e+00
4.37000000e-01	1.562433540295e+00	1.614694246453e+00
4.38000000e-01	1.564049153763e+00	1.616533322986e+00
4.39000000e-01	1.565666608208e+00	1.618376201389e+00
4.40000000e-01	1.567285907440e+00	1.620222900806e+00
4.41000000e-01	1.568907055289e+00	1.622073440474e+00
4.42000000e-01	1.570530055607e+00	1.623927839724e+00
4.43000000e-01	1.572154912262e+00	1.625786117982e+00
4.44000000e-01	1.573781629143e+00	1.627648294770e+00
4.45000000e-01	1.575410210157e+00	1.629514389707e+00
4.46000000e-01	1.577040659235e+00	1.631384422507e+00
4.47000000e-01	1.578672980322e+00	1.633258412982e+00
4.48000000e-01	1.580307177386e+00	1.635136381043e+00
4.49000000e-01	1.581943254416e+00	1.637018346698e+00
4.50000000e-01	1.583581215419e+00	1.638904330056e+00
4.51000000e-01	1.585221064422e+00	1.640794351325e+00
4.52000000e-01	1.586862805474e+00	1.642688430813e+00
4.53000000e-01	1.588506442644e+00	1.644586588930e+00
4.54000000e-01	1.590151980019e+00	1.646488846188e+00
4.55000000e-01	1.591799421709e+00	1.648395223200e+00
4.56000000e-01	1.593448771845e+00	1.650305740683e+00
4.57000000e-01	1.595100034578e+00	1.652220419459e+00
4.58000000e-01	1.596753214078e+00	1.654139280452e+00
4.59000000e-01	1.598408314540e+00	1.656062344693e+00
4.60000000e-01	1.600065340176e+00	1.657989633317e+00
4.61000000e-01	1.601724295222e+00	1.659921167568e+00
4.62000000e-01	1.603385183933e+00	1.661856968794e+00
4.63000000e-01	1.605048010589e+00	1.663797058453e+00
4.64000000e-01	1.606712779487e+00	1.665741458112e+00
4.65000000e-01	1.608379494949e+00	1.667690189444e+00
4.66000000e-01	1.610048161317e+00	1.669643274236e+00
4.67000000e-01	1.611718782956e+00	1.671600734382e+00
4.68000000e-01	1.613391364251e+00	1.673562591889e+00
4.69000000e-01	1.615065909613e+00	1.675528868877e+00
4.70000000e-01	1.616742423470e+00	1.677499587577e+00
4.71000000e-01	1.618420910276e+00	1.679474770334e+00
4.72000000e-01	1.620101374506e+00	1.681454439608e+00
4.73000000e-01	1.621783820658e+00	1.683438617973e+00
4.74000000e-01	1.623468253252e+00	1.685427328118e+00
4.75000000e-01	1.625154676832e+00	1.687420592852e+00
4.76000000e-01	1.626843095964e+00	1.689418435097e+00
4.77000000e-01	1.628533515236e+00	1.691420877895e+00
4.78000000e-01	1.630225939261e+00	1.693427944408e+00
4.79000000e-01	1.631920372674e+00	1.695439657914e+00
4.80000000e-01	1.633616820134e+00	1.697456041815e+00
4.81000000e-01	1.635315286322e+00	1.699477119632e+00
4.82000000e-01	1.637015775945e+00	1.701502915009e+00
4.83000000e-01	1.638718293733e+00	1.703533451712e+00
4.84000000e-01	1.640422844437e+00	1.705568753630e+00
4.85000000e-01	1.642129432836e+00	1.707608844779e+00
4.86000000e-01	1.643838063731e+00	1.709653749296e+00
4.87000000e-01	1.645548741947e+00	1.711703491448e+00
4.88000000e-01	1.647261472335e+00	1.713758095626e+00
4.89000000e-01	1.648976259768e+00	1.715817586351e+00
4.90000000e-01	1.650693109145e+00	1.717881988270e+00
4.91000000e-01	1.652412025389e+00	1.719951326161e+00
4.92000000e-01	1.654133013451e+00	1.722025624933e+00
4.93000000e-01	1.655856078301e+00	1.724104909624e+00
4.94000000e-01	1.657581224940e+00	1.726189205405e+00
4.95000000e-01	1.659308458391e+00	1.728278537579e+00
4.96000000e-01	1.661037783703e+00	1.730372931585e+00
4.97000000e-01	1.662769205950e+00	1.732472412995e+00
4.98000000e-01	1.664502730233e+00	1.734577007516e+00
4.99000000e-01	1.666238361678e+00	1.736686740993e+00
5.00000000e-01	1.667976105437e+00	1.738801639406e+00
5.01000000e-01	1.669715966687e+00	1.740921728877e+00
5.02000000e-01	1.671457950633e+00	1.743047035663e+00
5.03000000e-01	1.673202062506e+00	1.745177586165e+00
5.04000000e-01	1.674948307562e+00	1.747313406921e+00
5.05000000e-01	1.676696691086e+00	1.749454524616e+00
5.06000000e-01	1.678447218386e+00	1.751600966073e+00
5.07000000e-01	1.680199894801e+00	1.753752758263e+00
5.08000000e-01	1.681954725695e+00	1.755909928300e+00
5.09000000e-01	1.683711716460e+00	1.758072503443e+00
5.10000000e-01	1.685470872513e+00	1.760240511101e+00
5.11000000e-01	1.687232199302e+00	1.762413978828e+00
5.12000000e-01	1.688995702300e+00	1.764592934328e+00
5.13000000e-01	1.690761387009e+00	1.766777405456e+00
5.14000000e-01	1.692529258959e+00	1.768967420217e+00
5.15000000e-01	1.694299323707e+00	1.771163006767e+00
5.16000000e-01	1.696071586839e+00	1.773364193417e+00
5.17000000e-01	1.697846053970e+00	1.775571008630e+00
5.18000000e-01	1.699622730742e+00	1.777783481027e+00
5.19000000e-01	1.701401622827e+00	1.780001639384e+00
5.20000000e-01	1.703182735926e+00	1.782225512632e+00
5.21000000e-01	1.704966075767e+00	1.784455129864e+00
5.22000000e-01	1.706751648110e+00	1.786690520330e+00
5.23000000e-01	1.708539458742e+00	1.788931713442e+00
5.24000000e-01	1.710329513481e+00	1.791178738773e+00
5.25000000e-01	1.712121818174e+00	1.793431626059e+00
5.26000000e-01	1.713916378697e+00	1.795690405200e+00
5.27000000e-01	1.715713200958e+00	1.797955106261e+00
5.28000000e-01	1.717512290894e+00	1.800225759474e+00
5.29000000e-01	1.719313654471e+00	1.802502395237e+00
5.30000000e-01	1.721117297688e+00	1.804785044118e+00
5.31000000e-01	1.722923226574e+00	1.807073736853e+00
5.32000000e-01	1.724731447187e+00	1.809368504351e+00
5.33000000e-01	1.726541965618e+00	1.811669377691e+00
5.34000000e-01	1.728354787988e+00	1.813976388128e+00
5.35000000e-01	1.730169920450e+00	1.816289567089e+00
5.36000000e-01	1.731987369189e+00	1.818608946178e+00
5.37000000e-01	1.733807140420e+00	1.820934557177e+00
5.38000000e-01	1.735629240391e+00	1.823266432043e+00
5.39000000e-01	1.737453675383e+00	1.825604602916e+00
5.40000000e-01	1.739280451707e+00	1.827949102115e+00
5.41000000e-01	1.741109575707e+00	1.830299962142e+00
5.42000000e-01	1.742941053762e+00	1.832657215681e+00
5.43000000e-01	1.744774892281e+00	1.835020895602e+00
5.44000000e-01	1.746611097706e+00	1.837391034961e+00
5.45000000e-01	1.748449676515e+00	1.839767667000e+00
5.46000000e-01	1.750290635216e+00	1.842150825151e+00
5.47000000e-01	1.752133980352e+00	1.844540543035e+00
5.48000000e-01	1.753979718500e+00	1.846936854465e+00
5.49000000e-01	1.755827856270e+00	1.849339793445e+00
5.50000000e-01	1.757678400307e+00	1.851749394177e+00
5.51000000e-01	1.759531357290e+00	1.854165691054e+00
5.52000000e-01	1.761386733933e+00	1.856588718668e+00
5.53000000e-01	1.763244536983e+00	1.859018511810e+00
5.54000000e-01	1.765104773223e+00	1.861455105470e+00
5.55000000e-01	1.766967449472e+00	1.863898534837e+00
5.56000000e-01	1.768832572583e+00	1.866348835306e+00
5.57000000e-01	1.770700149445e+00	1.868806042475e+00
5.58000000e-01	1.772570186982e+00	1.871270192145e+00
5.59000000e-01	1.774442692156e+00	1.873741320328e+00
5.60000000e-01	1.776317671961e+00	1.876219463243e+00
5.61000000e-01	1.778195133432e+00	1.878704657317e+00
5.62000000e-01	1.780075083639e+00	1.881196939190e+00
5.63000000e-01	1.781957529686e+00	1.883696345718e+00
5.64000000e-01	1.783842478717e+00	1.886202913966e+00
5.65000000e-01	1.785729937913e+00	1.888716681220e+00
5.66000000e-01	1.787619914492e+00	1.891237684981e+00
5.67000000e-01	1.789512415708e+00	1.893765962971e+00
5.68000000e-01	1.791407448855e+00	1.896301553132e+00
5.69000000e-01	1.793305021264e+00	1.898844493628e+00
5.70000000e-01	1.795205140305e+00	1.901394822851e+00
5.71000000e-01	1.797107813386e+00	1.903952579413e+00
5.72000000e-01	1.799013047953e+00	1.906517802158e+00
5.73000000e-01	1.800920851492e+00	1.909090530158e+00
5.74000000e-01	1.802831231528e+00	1.911670802716e+00
5.75000000e-01	1.804744195625e+00	1.914258659367e+00
5.76000000e-01	1.806659751388e+00	1.916854139881e+00
5.77000000e-01	1.808577906460e+00	1.919457284264e+00
5.78000000e-01	1.810498668525e+00	1.922068132759e+00
5.79000000e-01	1.812422045307e+00	1.924686725850e+00
5.80000000e-01	1.814348044571e+00	1.927313104262e+00
5.81000000e-01	1.816276674124e+00	1.929947308963e+00
5.82000000e-01	1.818207941812e+00	1.932589381165e+00
5.83000000e-01	1.820141855523e+00	1.935239362329e+00
5.84000000e-01	1.822078423187e+00	1.937897294163e+00
5.85000000e-01	1.824017652775e+00	1.940563218625e+00
5.86000000e-01	1.825959552302e+00	1.943237177929e+00
5.87000000e-01	1.827904129824e+00	1.945919214538e+00
5.88000000e-01	1.829851393438e+00	1.948609371176e+00
5.89000000e-01	1.831801351287e+00	1.951307690823e+00
5.90000000e-01	1.833754011555e+00	1.954014216718e+00
5.91000000e-01	1.835709382470e+00	1.956728992365e+00
5.92000000e-01	1.837667472304e+00	1.959452061529e+00
5.93000000e-01	1.839628289373e+00	1.962183468243e+00
5.94000000e-01	1.841591842035e+00	1.964923256809e+00
5.95000000e-01	1.843558138695e+00	1.967671471795e+00
5.96000000e-01	1.845527187802e+00	1.970428158047e+00
5.97000000e-01	1.847498997850e+00	1.973193360679e+00
5.98000000e-01	1.849473577377e+00	1.975967125087e+00
5.99000000e-01	1.851450934969e+00	1.978749496941e+00
6.00000000e-01	1.853431079256e+00	1.981540522195e+00
6.01000000e-01	1.855414018913e+00	1.984340247083e+00
6.02000000e-01	1.857399762665e+00	1.987148718125e+00
6.03000000e-01	1.859388319281e+00	1.989965982129e+00
6.04000000e-01	1.861379697576e+00	1.992792086190e+00
6.05000000e-01	1.863373906416e+00	1.995627077697e+00
6.06000000e-01	1.865370954710e+00	1.998471004332e+00
6.07000000e-01	1.867370851419e+00	2.001323914071e+00
6.08000000e-01	1.869373605549e+00	2.004185855191e+00
6.09000000e-01	1.871379226156e+00	2.007056876269e+00
6.10000000e-01	1.873387722344e+00	2.009937026184e+00
6.11000000e-01	1.875399103267e+00	2.012826354120e+00
6.12000000e-01	1.877413378128e+00	2.015724909570e+00
6.13000000e-01	1.879430556179e+00	2.018632742336e+00
6.14000000e-01	1.881450646722e+00	2.021549902534e+00
6.15000000e-01	1.883473659110e+00	2.024476440593e+00
6.16000000e-01	1.885499602746e+00	2.027412407261e+00
6.17000000e-01	1.887528487084e+00	2.030357853604e+00
6.18000000e-01	1.889560321630e+00	2.033312831013e+00
6.19000000e-01	1.891595115941e+00	2.036277391200e+00
6.20000000e-01	1.893632879624e+00	2.039251586209e+00
6.21000000e-01	1.895673622342e+00	2.042235468411e+00
6.22000000e-01	1.897717353808e+00	2.045229090510e+00
6.23000000e-01	1.899764083787e+00	2.048232505547e+00
6.24000000e-01	1.901813822101e+00	2.051245766898e+00
6.25000000e-01	1.903866578621e+00	2.054268928281e+00
6.26000000e-01	1.905922363275e+00	2.057302043759e+00
6.27000000e-01	1.907981186045e+00	2.060345167739e+00
6.28000000e-01	1.910043056965e+00	2.063398354976e+00
6.29000000e-01	1.912107986128e+00	2.066461660578e+00
6.30000000e-01	1.914175983678e+00	2.069535140008e+00
6.31000000e-01	1.916247059817e+00	2.072618849084e+00
6.32000000e-01	1.918321224805e+00	2.075712843986e+00
6.33000000e-01	1.920398488953e+00	2.078817181256e+00
6.34000000e-01	1.922478862633e+00	2.081931917801e+00
6.35000000e-01	1.924562356274e+00	2.085057110898e+00
6.36000000e-01	1.926648980360e+00	2.088192818195e+00
6.37000000e-01	1.928738745434e+00	2.091339097715e+00
6.38000000e-01	1.930831662099e+00	2.094496007859e+00
6.39000000e-01	1.932927741013e+00	2.097663607408e+00
6.40000000e-01	1.935026992897e+00	2.100841955527e+00
6.41000000e-01	1.937129428527e+00	2.104031111769e+00
6.42000000e-01	1.939235058743e+00	2.107231136075e+00
6.43000000e-01	1.941343894442e+00	2.110442088781e+00
6.44000000e-01	1.943455946583e+00	2.113664030620e+00
6.45000000e-01	1.945571226187e+00	2.116897022722e+00
6.46000000e-01	1.947689744333e+00	2.120141126622e+00
6.47000000e-01	1.949811512165e+00	2.123396404261e+00
6.48000000e-01	1.951936540887e+00	2.126662917989e+00
6.49000000e-01	1.954064841767e+00	2.129940730569e+00
6.50000000e-01	1.956196426135e+00	2.133229905181e+00
6.51000000e-01	1.958331305386e+00	2.136530505424e+00
6.52000000e-01	1.960469490976e+00	2.139842595320e+00
6.53000000e-01	1.962610994428e+00	2.143166239318e+00
6.54000000e-01	1.964755827328e+00	2.146501502297e+00
6.55000000e-01	1.966904001327e+00	2.149848449571e+00
6.56000000e-01	1.969055528143e+00	2.153207146889e+00
6.57000000e-01	1.971210419560e+00	2.156577660442e+00
6.58000000e-01	1.973368687425e+00	2.159960056866e+00
6.59000000e-01	1.975530343657e+00	2.163354403245e+00
6.60000000e-01	1.977695400237e+00	2.166760767115e+00
6.61000000e-01	1.979863869219e+00	2.170179216467e+00
6.62000000e-01	1.982035762722e+00	2.173609819754e+00
6.63000000e-01	1.984211092933e+00	2.177052645889e+00
6.64000000e-01	1.986389872111e+00	2.180507764255e+00
6.65000000e-01	1.988572112582e+00	2.183975244705e+00
6.66000000e-01	1.990757826744e+00	2.187455157568e+00
6.67000000e-01	1.992947027065e+00	2.190947573652e+00
6.68000000e-01	1.995139726083e+00	2.194452564247e+00
6.69000000e-01	1.997335936409e+00	2.197970201131e+00
6.70000000e-01	1.999535670725e+00	2.201500556574e+00
6.71000000e-01	2.001738941786e+00	2.205043703342e+00
6.72000000e-01	2.003945762420e+00	2.208599714700e+00
6.73000000e-01	2.006156145528e+00	2.212168664415e+00
6.74000000e-01	2.008370104086e+00	2.215750626767e+00
6.75000000e-01	2.010587651144e+00	2.219345676544e+00
6.76000000e-01	2.012808799827e+00	2.222953889054e+00
6.77000000e-01	2.015033563335e+00	2.226575340126e+00
6.78000000e-01	2.017261954945e+00	2.230210106112e+00
6.79000000e-01	2.019493988011e+00	2.233858263899e+00
6.80000000e-01	2.021729675963e+00	2.237519890905e+00
6.81000000e-01	2.023969032309e+00	2.241195065089e+00
6.82000000e-01	2.026212070635e+00	2.244883864956e+00
6.83000000e-01	2.028458804607e+00	2.248586369557e+00
6.84000000e-01	2.030709247969e+00	2.252302658497e+00
6.85000000e-01	2.032963414545e+00	2.256032811941e+00
6.86000000e-01	2.035221318241e+00	2.259776910617e+00
6.87000000e-01	2.037482973042e+00	2.263535035819e+00
6.88000000e-01	2.039748393016e+00	2.267307269416e+00
6.89000000e-01	2.042017592311e+00	2.271093693854e+00
6.90000000e-01	2.044290585161e+00	2.274894392164e+00
6.91000000e-01	2.046567385881e+00	2.278709447962e+00
6.92000000e-01	2.048848008871e+00	2.282538945459e+00
6.93000000e-01	2.051132468615e+00	2.286382969466e+00
6.94000000e-01	2.053420779681e+00	2.290241605395e+00
6.95000000e-01	2.055712956725e+00	2.294114939268e+00
6.96000000e-01	2.058009014487e+00	2.298003057722e+00
6.97000000e-01	2.060308967797e+00	2.301906048013e+00
6.98000000e-01	2.062612831570e+00	2.305823998022e+00
6.99000000e-01	2.064920620809e+00	2.309756996262e+00
7.00000000e-01	2.067232350608e+00	2.313705131882e+00
7.01000000e-01	2.069548036149e+00	2.317668494672e+00
7.02000000e-01	2.071867692704e+00	2.321647175071e+00
7.03000000e-01	2.074191335635e+00	2.325641264171e+00
7.04000000e-01	2.076518980399e+00	2.329650853722e+00
7.05000000e-01	2.078850642540e+00	2.333676036140e+00
7.06000000e-01	2.081186337700e+00	2.337716904514e+00
7.07000000e-01	2.083526081609e+00	2.341773552608e+00
7.08000000e-01	2.085869890096e+00	2.345846074868e+00
7.09000000e-01	2.088217779082e+00	2.349934566433e+00
7.10000000e-01	2.090569764584e+00	2.354039123135e+00
7.11000000e-01	2.092925862716e+00	2.358159841507e+00
7.12000000e-01	2.095286089687e+00	2.362296818792e+00
7.13000000e-01	2.097650461805e+00	2.366450152946e+00
7.14000000e-01	2.100018995478e+00	2.370619942649e+00
7.15000000e-01	2.102391707209e+00	2.374806287303e+00
7.16000000e-01	2.104768613604e+00	2.379009287050e+00
7.17000000e-01	2.107149731368e+00	2.383229042768e+00
7.18000000e-01	2.109535077309e+00	2.387465656086e+00
7.19000000e-01	2.111924668334e+00	2.391719229384e+00
7.20000000e-01	2.114318521455e+00	2.395989865808e+00
7.21000000e-01	2.116716653788e+00	2.400277669266e+00
7.22000000e-01	2.119119082551e+00	2.404582744447e+00
7.23000000e-01	2.121525825069e+00	2.408905196819e+00
7.24000000e-01	2.123936898773e+00	2.413245132640e+00
7.25000000e-01	2.126352321198e+00	2.417602658965e+00
7.26000000e-01	2.128772109990e+00	2.421977883655e+00
7.27000000e-01	2.131196282901e+00	2.426370915379e+00
7.28000000e-01	2.133624857793e+00	2.430781863628e+00
7.29000000e-01	2.136057852637e+00	2.435210838718e+00
7.30000000e-01	2.138495285516e+00	2.439657951802e+00
7.31000000e-01	2.140937174624e+00	2.444123314871e+00
7.32000000e-01	2.143383538267e+00	2.448607040770e+00
7.33000000e-01	2.145834394864e+00	2.453109243200e+00
7.34000000e-01	2.148289762950e+00	2.457630036727e+00
7.35000000e-01	2.150749661173e+00	2.462169536793e+00
7.36000000e-01	2.153214108298e+00	2.466727859722e+00
7.37000000e-01	2.155683123206e+00	2.471305122728e+00
7.38000000e-01	2.158156724896e+00	2.475901443923e+00
7.39000000e-01	2.160634932486e+00	2.480516942328e+00
7.40000000e-01	2.163117765213e+00	2.485151737880e+00
7.41000000e-01	2.165605242435e+00	2.489805951439e+00
7.42000000e-01	2.168097383630e+00	2.494479704799e+00
7.43000000e-01	2.170594208399e+00	2.499173120699e+00
7.44000000e-01	2.173095736466e+00	2.503886322825e+00
7.45000000e-01	2.175601987681e+00	2.508619435826e+00
7.46000000e-01	2.178112982017e+00	2.513372585319e+00
7.47000000e-01	2.180628739573e+00	2.518145897901e+00
7.48000000e-01	2.183149280576e+00	2.522939501156e+00
7.49000000e-01	2.185674625382e+00	2.527753523666e+00
7.50000000e-01	2.188204794473e+00	2.532588095021e+00
7.51000000e-01	2.190739808465e+00	2.537443345827e+00
7.52000000e-01	2.193279688102e+00	2.542319407716e+00
7.53000000e-01	2.195824454261e+00	2.547216413357e+00
7.54000000e-01	2.198374127954e+00	2.552134496466e+00
7.55000000e-01	2.200928730325e+00	2.557073791816e+00
7.56000000e-01	2.203488282654e+00	2.562034435246e+00
7.57000000e-01	2.206052806357e+00	2.567016563673e+00
7.58000000e-01	2.208622322989e+00	2.572020315101e+00
7.59000000e-01	2.211196854241e+00	2.577045828635e+00
7.60000000e-01	2.213776421947e+00	2.582093244485e+00
7.61000000e-01	2.216361048078e+00	2.587162703985e+00
7.62000000e-01	2.218950754750e+00	2.592254349597e+00
7.63000000e-01	2.221545564221e+00	2.597368324928e+00
7.64000000e-01	2.224145498892e+00	2.602504774736e+00
7.65000000e-01	2.226750581310e+00	2.607663844945e+00
7.66000000e-01	2.229360834171e+00	2.612845682656e+00
7.67000000e-01	2.231976280314e+00	2.618050436155e+00
7.68000000e-01	2.234596942731e+00	2.623278254930e+00
7.69000000e-01	2.237222844563e+00	2.628529289682e+00
7.70000000e-01	2.239854009100e+00	2.633803692331e+00
7.71000000e-01	2.242490459788e+00	2.639101616038e+00
7.72000000e-01	2.245132220224e+00	2.644423215209e+00
7.73000000e-01	2.247779314162e+00	2.649768645511e+00
7.74000000e-01	2.250431765511e+00	2.655138063885e+00
7.75000000e-01	2.253089598338e+00	2.660531628559e+00
7.76000000e-01	2.255752836870e+00	2.665949499058e+00
7.77000000e-01	2.258421505492e+00	2.671391836219e+00
7.78000000e-01	2.261095628752e+00	2.676858802207e+00
7.79000000e-01	2.263775231361e+00	2.682350560524e+00
7.80000000e-01	2.266460338192e+00	2.687867276023e+00
7.81000000e-01	2.269150974287e+00	2.693409114925e+00
7.82000000e-01	2.271847164852e+00	2.698976244830e+00
7.83000000e-01	2.274548935263e+00	2.704568834733e+00
7.84000000e-01	2.277256311065e+00	2.710187055035e+00
7.85000000e-01	2.279969317974e+00	2.715831077562e+00
7.86000000e-01	2.282687981879e+00	2.721501075576e+00
7.87000000e-01	2.285412328842e+00	2.727197223790e+00
7.88000000e-01	2.288142385102e+00	2.732919698385e+00
7.89000000e-01	2.290878177073e+00	2.738668677024e+00
7.90000000e-01	2.293619731350e+00	2.744444338866e+00
7.91000000e-01	2.296367074706e+00	2.750246864584e+00
7.92000000e-01	2.299120234095e+00	2.756076436378e+00
7.93000000e-01	2.301879236655e+00	2.761933237994e+00
7.94000000e-01	2.304644109709e+00	2.767817454735e+00
7.95000000e-01	2.307414880765e+00	2.773729273484e+00
7.96000000e-01	2.310191577520e+00	2.779668882715e+00
7.97000000e-01	2.312974227858e+00	2.785636472512e+00
7.98000000e-01	2.315762859855e+00	2.791632234584e+00
7.99000000e-01	2.318557501782e+00	2.797656362286e+00
8.00000000e-01	2.321358182100e+00	2.803709050632e+00
8.01000000e-01	2.324164929469e+00	2.809790496314e+00
8.02000000e-01	2.326977772745e+00	2.815900897721e+00
8.03000000e-01	2.329796740983e+00	2.822040454955e+00
8.04000000e-01	2.332621863440e+00	2.828209369850e+00
8.05000000e-01	2.335453169576e+00	2.834407845991e+00
8.06000000e-01	2.338290689055e+00	2.840636088731e+00
8.07000000e-01	2.341134451745e+00	2.846894305211e+00
8.08000000e-01	2.343984487726e+00	2.853182704380e+00
8.09000000e-01	2.346840827285e+00	2.859501497011e+00
8.10000000e-01	2.349703500922e+00	2.865850895724e+00
8.11000000e-01	2.352572539350e+00	2.872231115006e+00
8.12000000e-01	2.355447973498e+00	2.878642371226e+00
8.13000000e-01	2.358329834511e+00	2.885084882662e+00
8.14000000e-01	2.361218153755e+00	2.891558869517e+00
8.15000000e-01	2.364112962816e+00	2.898064553942e+00
8.16000000e-01	2.367014293503e+00	2.904602160056e+00
8.17000000e-01	2.369922177852e+00	2.911171913967e+00
8.18000000e-01	2.372836648123e+00	2.917774043795e+00
8.19000000e-01	2.375757736808e+00	2.924408779695e+00
8.20000000e-01	2.378685476628e+00	2.931076353875e+00
8.21000000e-01	2.381619900540e+00	2.937777000621e+00
8.22000000e-01	2.384561041733e+00	2.944510956323e+00
8.23000000e-01	2.387508933635e+00	2.951278459490e+00
8.24000000e-01	2.390463609914e+00	2.958079750783e+00
8.25000000e-01	2.393425104480e+00	2.964915073031e+00
8.26000000e-01	2.396393451486e+00	2.971784671258e+00
8.27000000e-01	2.399368685330e+00	2.978688792709e+00
8.28000000e-01	2.402350840662e+00	2.985627686871e+00
8.29000000e-01	2.405339952379e+00	2.992601605499e+00
8.30000000e-01	2.408336055632e+00	2.999610802646e+00
8.31000000e-01	2.411339185829e+00	3.006655534680e+00
8.32000000e-01	2.414349378633e+00	3.013736060318e+00
8.33000000e-01	2.417366669968e+00	3.020852640646e+00
8.34000000e-01	2.420391096020e+00	3.028005539150e+00
8.35000000e-01	2.423422693241e+00	3.035195021742e+00
8.36000000e-01	2.426461498348e+00	3.042421356786e+00
8.37000000e-01	2.429507548329e+00	3.049684815126e+00
8.38000000e-01	2.432560880444e+00	3.056985670115e+00
8.39000000e-01	2.435621532227e+00	3.064324197644e+00
8.40000000e-01	2.438689541489e+00	3.071700676168e+00
8.41000000e-01	2.441764946323e+00	3.079115386739e+00
8.42000000e-01	2.444847785101e+00	3.086568613031e+00
8.43000000e-01	2.447938096483e+00	3.094060641376e+00
8.44000000e-01	2.451035919414e+00	3.101591760788e+00
8.45000000e-01	2.454141293132e+00	3.109162262999e+00
8.46000000e-01	2.457254257166e+00	3.116772442487e+00
8.47000000e-01	2.460374851342e+00	3.124422596510e+00
8.48000000e-01	2.463503115784e+00	3.132113025136e+00
8.49000000e-01	2.466639090918e+00	3.139844031276e+00
8.50000000e-01	2.469782817474e+00	3.147615920719e+00
8.51000000e-01	2.472934336490e+00	3.155429002163e+00
8.52000000e-01	2.476093689313e+00	3.163283587249e+00
8.53000000e-01	2.479260917604e+00	3.171179990598e+00
8.54000000e-01	2.482436063339e+00	3.179118529842e+00
8.55000000e-01	2.485619168816e+00	3.187099525663e+00
8.56000000e-01	2.488810276651e+00	3.195123301826e+00
8.57000000e-01	2.492009429788e+00	3.203190185217e+00
8.58000000e-01	2.495216671500e+00	3.211300505879e+00
8.59000000e-01	2.498432045390e+00	3.219454597049e+00
8.60000000e-01	2.501655595397e+00	3.227652795199e+00
8.61000000e-01	2.504887365796e+00	3.235895440067e+00
8.62000000e-01	2.508127401207e+00	3.244182874705e+00
8.63000000e-01	2.511375746591e+00	3.252515445513e+00
8.64000000e-01	2.514632447260e+00	3.260893502279e+00
8.65000000e-01	2.517897548875e+00	3.269317398222e+00
8.66000000e-01	2.521171097455e+00	3.277787490031e+00
8.67000000e-01	2.524453139374e+00	3.286304137908e+00
8.68000000e-01	2.527743721371e+00	3.294867705611e+00
8.69000000e-01	2.531042890548e+00	3.303478560494e+00
8.70000000e-01	2.534350694378e+00	3.312137073555e+00
8.71000000e-01	2.537667180706e+00	3.320843619474e+00
8.72000000e-01	2.540992397754e+00	3.329598576666e+00
8.73000000e-01	2.544326394123e+00	3.338402327317e+00
8.74000000e-01	2.547669218801e+00	3.347255257440e+00
8.75000000e-01	2.551020921161e+00	3.356157756912e+00
8.76000000e-01	2.554381550969e+00	3.365110219530e+00
8.77000000e-01	2.557751158387e+00	3.374113043054e+00
8.78000000e-01	2.561129793976e+00	3.383166629256e+00
8.79000000e-01	2.564517508702e+00	3.392271383972e+00
8.80000000e-01	2.567914353937e+00	3.401427717152e+00
8.81000000e-01	2.571320381467e+00	3.410636042908e+00
8.82000000e-01	2.574735643493e+00	3.419896779568e+00
8.83000000e-01	2.578160192637e+00	3.429210349731e+00
8.84000000e-01	2.581594081946e+00	3.438577180314e+00
8.85000000e-01	2.585037364895e+00	3.447997702611e+00
8.86000000e-01	2.588490095394e+00	3.457472352347e+00
8.87000000e-01	2.591952327789e+00	3.467001569733e+00
8.88000000e-01	2.595424116871e+00	3.476585799523e+00
8.89000000e-01	2.598905517875e+00	3.486225491070e+00
8.90000000e-01	2.602396586491e+00	3.495921098387e+00
8.91000000e-01	2.605897378863e+00	3.505673080202e+00
8.92000000e-01	2.609407951598e+00	3.515481900023e+00
8.93000000e-01	2.612928361766e+00	3.525348026194e+00
8.94000000e-01	2.616458666910e+00	3.535271931960e+00
8.95000000e-01	2.619998925049e+00	3.545254095529e+00
8.96000000e-01	2.623549194681e+00	3.555295000136e+00
8.97000000e-01	2.627109534792e+00	3.565395134104e+00
8.98000000e-01	2.630680004857e+00	3.575554990916e+00
8.99000000e-01	2.634260664848e+00	3.585775069277e+00
9.00000000e-01	2.637851575237e+00	3.596055873183e+00
9.01000000e-01	2.641452797006e+00	3.606397911989e+00
9.02000000e-01	2.645064391644e+00	3.616801700480e+00
9.03000000e-01	2.648686421163e+00	3.627267758942e+00
9.04000000e-01	2.652318948094e+00	3.637796613230e+00
9.05000000e-01	2.655962035499e+00	3.648388794848e+00
9.06000000e-01	2.659615746972e+00	3.659044841015e+00
9.07000000e-01	2.663280146650e+00	3.669765294748e+00
9.08000000e-01	2.666955299214e+00	3.680550704934e+00
9.09000000e-01	2.670641269897e+00	3.691401626406e+00
9.10000000e-01	2.674338124490e+00	3.702318620028e+00
9.11000000e-01	2.678045929350e+00	3.713302252770e+00
9.12000000e-01	2.681764751400e+00	3.724353097789e+00
9.13000000e-01	2.685494658142e+00	3.735471734517e+00
9.14000000e-01	2.689235717661e+00	3.746658748739e+00
9.15000000e-01	2.692987998630e+00	3.757914732682e+00
9.16000000e-01	2.696751570316e+00	3.769240285099e+00
9.17000000e-01	2.700526502591e+00	3.780636011360e+00
9.18000000e-01	2.704312865934e+00	3.792102523538e+00
9.19000000e-01	2.708110731440e+00	3.803640440505e+00
9.20000000e-01	2.711920170825e+00	3.815250388016e+00
9.21000000e-01	2.715741256437e+00	3.826932998812e+00
9.22000000e-01	2.719574061257e+00	3.838688912709e+00
9.23000000e-01	2.723418658912e+00	3.850518776697e+00
9.24000000e-01	2.727275123679e+00	3.862423245038e+00
9.25000000e-01	2.731143530491e+00	3.874402979368e+00
9.26000000e-01	2.735023954949e+00	3.886458648795e+00
9.27000000e-01	2.738916473326e+00	3.898590930005e+00
9.28000000e-01	2.742821162574e+00	3.910800507365e+00
9.29000000e-01	2.746738100336e+00	3.923088073032e+00
9.30000000e-01	2.750667364950e+00	3.935454327060e+00
9.31000000e-01	2.754609035456e+00	3.947899977511e+00
9.32000000e-01	2.758563191609e+00	3.960425740565e+00
9.33000000e-01	2.762529913883e+00	3.973032340636e+00
9.34000000e-01	2.766509283480e+00	3.985720510488e+00
9.35000000e-01	2.770501382340e+00	3.998490991352e+00
9.36000000e-01	2.774506293149e+00	4.011344533043e+00
9.37000000e-01	2.778524099346e+00	4.024281894088e+00
9.38000000e-01	2.782554885133e+00	4.037303841844e+00
9.39000000e-01	2.786598735484e+00	4.050411152625e+00
9.40000000e-01	2.790655736154e+00	4.063604611834e+00
9.41000000e-01	2.794725973689e+00	4.076885014085e+00
9.42000000e-01	2.798809535431e+00	4.090253163344e+00
9.43000000e-01	2.802906509535e+00	4.103709873058e+00
9.44000000e-01	2.807016984972e+00	4.117255966294e+00
9.45000000e-01	2.811141051540e+00	4.130892275877e+00
9.46000000e-01	2.815278799877e+00	4.144619644533e+00
9.47000000e-01	2.819430321466e+00	4.158438925032e+00
9.48000000e-01	2.823595708651e+00	4.172350980334e+00
9.49000000e-01	2.827775054643e+00	4.186356683739e+00
9.50000000e-01	2.831968453529e+00	4.200456919037e+00
9.51000000e-01	2.836176000290e+00	4.214652580666e+00
9.52000000e-01	2.840397790801e+00	4.228944573863e+00
9.53000000e-01	2.844633921853e+00	4.243333814829e+00
9.54000000e-01	2.848884491156e+00	4.257821230888e+00
9.55000000e-01	2.853149597353e+00	4.272407760654e+00
9.56000000e-01	2.857429340031e+00	4.287094354199e+00
9.57000000e-01	2.861723819736e+00	4.301881973221e+00
9.58000000e-01	2.866033137977e+00	4.316771591225e+00
9.59000000e-01	2.870357397246e+00	4.331764193692e+00
9.60000000e-01	2.874696701025e+00	4.346860778267e+00
9.61000000e-01	2.879051153800e+00	4.362062354935e+00
9.62000000e-01	2.883420861073e+00	4.377369946214e+00
9.63000000e-01	2.887805929376e+00	4.392784587344e+00
9.64000000e-01	2.892206466281e+00	4.408307326478e+00
9.65000000e-01	2.896622580415e+00	4.423939224881e+00
9.66000000e-01	2.901054381475e+00	4.439681357130e+00
9.67000000e-01	2.905501980236e+00	4.455534811319e+00
9.68000000e-01	2.909965488572e+00	4.471500689269e+00
9.69000000e-01	2.914445019461e+00	4.487580106733e+00
9.70000000e-01	2.918940687008e+00	4.503774193620e+00
9.71000000e-01	2.923452606453e+00	4.520084094208e+00
9.72000000e-01	2.927980894187e+00	4.536510967374e+00
9.73000000e-01	2.932525667770e+00	4.553055986816e+00
9.74000000e-01	2.937087045939e+00	4.569720341286e+00
9.75000000e-01	2.941665148632e+00	4.586505234829e+00
9.76000000e-01	2.946260096995e+00	4.603411887024e+00
9.77000000e-01	2.950872013404e+00	4.620441533225e+00
9.78000000e-01	2.955501021476e+00	4.637595424812e+00
9.79000000e-01	2.960147246091e+00	4.654874829450e+00
9.80000000e-01	2.964810813401e+00	4.672281031343e+00
9.81000000e-01	2.969491850853e+00	4.689815331499e+00
9.82000000e-01	2.974190487202e+00	4.707479048001e+00
9.83000000e-01	2.978906852532e+00	4.725273516279e+00
9.84000000e-01	2.983641078270e+00	4.743200089393e+00
9.85000000e-01	2.988393297203e+00	4.761260138311e+00
9.86000000e-01	2.993163643501e+00	4.779455052208e+00
9.87000000e-01	2.997952252731e+00	4.797786238753e+00
9.88000000e-01	3.002759261878e+00	4.816255124418e+00
9.89000000e-01	3.007584809361e+00	4.834863154778e+00
9.90000000e-01	3.012429035057e+00	4.853611794831e+00
9.91000000e-01	3.017292080316e+00	4.872502529313e+00
9.92000000e-01	3.022174087982e+00	4.891536863024e+00
9.93000000e-01	3.027075202416e+00	4.910716321162e+00
9.94000000e-01	3.031995569514e+00	4.930042449657e+00
9.95000000e-01	3.036935336728e+00	4.949516815521e+00
9.96000000e-01	3.041894653087e+00	4.969141007198e+00
9.97000000e-01	3.046873669221e+00	4.988916634919e+00
9.98000000e-01	3.051872537379e+00	5.008845331074e+00
9.99000000e-01	3.056891411457e+00	5.028928750581e+00
1.00000000e+00	3.061930447014e+00	5.049168571267e+00
1.00100000e+00	3.066989801300e+00	5.069566494258e+00
1.00200000e+00	3.072069633278e+00	5.090124244372e+00
1.00300000e+00	3.077170103647e+00	5.110843570525e+00
1.00400000e+00	3.082291374868e+00	5.131726246143e+00
1.00500000e+00	3.087433611188e+00	5.152774069583e+00
1.00600000e+00	3.092596978665e+00	5.173988864559e+00
1.00700000e+00	3.097781645191e+00	5.195372480581e+00
1.00800000e+00	3.102987780524e+00	5.216926793406e+00
1.00900000e+00	3.108215556311e+00	5.238653705484e+00
1.01000000e+00	3.113465146111e+00	5.260555146435e+00
1.01100000e+00	3.118736725432e+00	5.282633073514e+00
1.01200000e+00	3.124030471748e+00	5.304889472101e+00
1.01300000e+00	3.129346564537e+00	5.327326356192e+00
1.01400000e+00	3.134685185303e+00	5.349945768909e+00
1.01500000e+00	3.140046517609e+00	5.372749783009e+00
1.01600000e+00	3.145430747104e+00	5.395740501417e+00
1.01700000e+00	3.150838061557e+00	5.418920057758e+00
1.01800000e+00	3.156268650887e+00	5.442290616908e+00
1.01900000e+00	3.161722707190e+00	5.465854375554e+00
1.02000000e+00	3.167200424780e+00	5.489613562767e+00
1.02100000e+00	3.172702000212e+00	5.513570440584e+00
1.02200000e+00	3.178227632323e+00	5.537727304608e+00
1.02300000e+00	3.183777522260e+00	5.562086484617e+00
1.02400000e+00	3.189351873519e+00	5.586650345184e+00
1.02500000e+00	3.194950891977e+00	5.611421286315e+00
1.02600000e+00	3.200574785930e+00	5.636401744103e+00
1.02700000e+00	3.206223766128e+00	5.661594191384e+00
1.02800000e+00	3.211898045812e+00	5.687001138422e+00
1.02900000e+00	3.217597840753e+00	5.712625133603e+00
1.03000000e+00	3.223323369291e+00	5.738468764138e+00
1.03100000e+00	3.229074852369e+00	5.764534656791e+00
1.03200000e+00	3.234852513580e+00	5.790825478621e+00
1.03300000e+00	3.240656579205e+00	5.817343937736e+00
1.03400000e+00	3.246487278251e+00	5.844092784066e+00
1.03500000e+00	3.252344842499e+00	5.871074810158e+00
1.03600000e+00	3.258229506543e+00	5.898292851979e+00
1.03700000e+00	3.264141507834e+00	5.925749789746e+00
1.03800000e+00	3.270081086729e+00	5.953448548774e+00
1.03900000e+00	3.276048486529e+00	5.981392100334e+00
1.04000000e+00	3.282043953532e+00	6.009583462542e+00
1.04100000e+00	3.288067737079e+00	6.038025701263e+00
1.04200000e+00	3.294120089598e+00	6.066721931034e+00
1.04300000e+00	3.300201266659e+00	6.095675316011e+00
1.04400000e+00	3.306311527019e+00	6.124889070940e+00
1.04500000e+00	3.312451132679e+00	6.154366462141e+00
1.04600000e+00	3.318620348928e+00	6.184110808529e+00
1.04700000e+00	3.324819444404e+00	6.214125482644e+00
1.04800000e+00	3.331048691144e+00	6.244413911719e+00
1.04900000e+00	3.337308364640e+00	6.274979578761e+00
1.05000000e+00	3.343598743894e+00	6.305826023663e+00
1.05100000e+00	3.349920111478e+00	6.336956844347e+00
1.05200000e+00	3.356272753593e+00	6.368375697922e+00
1.05300000e+00	3.362656960124e+00	6.400086301881e+00
1.05400000e+00	3.369073024706e+00	6.432092435322e+00
1.05500000e+00	3.375521244784e+00	6.464397940196e+00
1.05600000e+00	3.382001921678e+00	6.497006722592e+00
1.05700000e+00	3.388515360645e+00	6.529922754041e+00
1.05800000e+00	3.395061870948e+00	6.563150072867e+00
1.05900000e+00	3.401641765921e+00	6.596692785559e+00
1.06000000e+00	3.408255363041e+00	6.630555068179e+00
1.06100000e+00	3.414902983996e+00	6.664741167811e+00
1.06200000e+00	3.421584954755e+00	6.699255404035e+00
1.06300000e+00	3.428301605646e+00	6.734102170445e+00
1.06400000e+00	3.435053271428e+00	6.769285936206e+00
1.06500000e+00	3.441840291366e+00	6.804811247642e+00
1.06600000e+00	3.448663009313e+00	6.840682729868e+00
1.06700000e+00	3.455521773784e+00	6.876905088466e+00
1.06800000e+00	3.462416938043e+00	6.913483111199e+00
1.06900000e+00	3.469348860184e+00	6.950421669768e+00
1.07000000e+00	3.476317903213e+00	6.987725721617e+00
1.07100000e+00	3.483324435139e+00	7.025400311779e+00
1.07200000e+00	3.490368829060e+00	7.063450574778e+00
1.07300000e+00	3.497451463254e+00	7.101881736566e+00
1.07400000e+00	3.504572721271e+00	7.140699116525e+00
1.07500000e+00	3.511732992030e+00	7.179908129509e+00
1.07600000e+00	3.518932669911e+00	7.219514287947e+00
1.07700000e+00	3.526172154857e+00	7.259523203996e+00
1.07800000e+00	3.533451852475e+00	7.299940591750e+00
1.07900000e+00	3.540772174136e+00	7.340772269513e+00
1.08000000e+00	3.548133537084e+00	7.382024162126e+00
1.08100000e+00	3.555536364542e+00	7.423702303358e+00
1.08200000e+00	3.562981085821e+00	7.465812838358e+00
1.08300000e+00	3.570468136435e+00	7.508362026178e+00
1.08400000e+00	3.577997958215e+00	7.551356242361e+00
1.08500000e+00	3.585570999426e+00	7.594801981594e+00
1.08600000e+00	3.593187714890e+00	7.638705860441e+00
1.08700000e+00	3.600848566106e+00	7.683074620144e+00
1.08800000e+00	3.608554021378e+00	7.727915129502e+00
1.08900000e+00	3.616304555946e+00	7.773234387835e+00
1.09000000e+00	3.624100652113e+00	7.819039528015e+00
1.09100000e+00	3.631942799384e+00	7.865337819597e+00
1.09200000e+00	3.639831494604e+00	7.912136672027e+00
1.09300000e+00	3.647767242098e+00	7.959443637941e+00
1.09400000e+00	3.655750553816e+00	8.007266416560e+00
1.09500000e+00	3.663781949483e+00	8.055612857175e+00
1.09600000e+00	3.671861956750e+00	8.104490962734e+00
1.09700000e+00	3.679991111349e+00	8.153908893530e+00
1.09800000e+00	3.688169957251e+00	8.203874970994e+00
1.09900000e+00	3.696399046833e+00	8.254397681593e+00
1.10000000e+00	3.704678941042e+00	8.305485680850e+00
1.10100000e+00	3.713010209565e+00	8.357147797464e+00
1.10200000e+00	3.721393431009e+00	8.409393037568e+00
1.10300000e+00	3.729829193075e+00	8.462230589092e+00
1.10400000e+00	3.738318092747e+00	8.515669826270e+00
1.10500000e+00	3.746860736476e+00	8.569720314270e+00
1.10600000e+00	3.755457740377e+00	8.624391813960e+00
1.10700000e+00	3.764109730426e+00	8.679694286824e+00
1.10800000e+00	3.772817342662e+00	8.735637900012e+00
1.10900000e+00	3.781581223396e+00	8.792233031552e+00
1.11000000e+00	3.790402029426e+00	8.849490275713e+00
1.11100000e+00	3.799280428254e+00	8.907420448529e+00
1.11200000e+00	3.808217098311e+00	8.966034593494e+00
1.11300000e+00	3.817212729188e+00	9.025343987430e+00
1.11400000e+00	3.826268021872e+00	9.085360146531e+00
1.11500000e+00	3.835383688987e+00	9.146094832597e+00
1.11600000e+00	3.844560455048e+00	9.207560059460e+00
1.11700000e+00	3.853799056708e+00	9.269768099604e+00
1.11800000e+00	3.863100243028e+00	9.332731491001e+00
1.11900000e+00	3.872464775740e+00	9.396463044155e+00
1.12000000e+00	3.881893429530e+00	9.460975849368e+00
1.12100000e+00	3.891386992312e+00	9.526283284236e+00
1.12200000e+00	3.900946265529e+00	9.592399021389e+00
1.12300000e+00	3.910572064444e+00	9.659337036469e+00
1.12400000e+00	3.920265218453e+00	9.727111616371e+00
1.12500000e+00	3.930026571397e+00	9.795737367750e+00
1.12600000e+00	3.939856981887e+00	9.865229225796e+00
1.12700000e+00	3.949757323638e+00	9.935602463310e+00
1.12800000e+00	3.959728485809e+00	1.000687270006e+01
1.12900000e+00	3.969771373359e+00	1.007905591246e+01
1.13000000e+00	3.979886907403e+00	1.015216844356e+01
1.13100000e+00	3.990076025588e+00	1.022622701336e+01
1.13200000e+00	4.000339682474e+00	1.030124872952e+01
1.13300000e+00	4.010678849926e+00	1.037725109832e+01
1.13400000e+00	4.021094517522e+00	1.045425203613e+01
1.13500000e+00	4.031587692963e+00	1.053226988117e+01
1.13600000e+00	4.042159402506e+00	1.061132340570e+01
1.13700000e+00	4.052810691402e+00	1.069143182861e+01
1.13800000e+00	4.063542624350e+00	1.077261482851e+01
1.13900000e+00	4.074356285963e+00	1.085489255720e+01
1.14000000e+00	4.085252781248e+00	1.093828565364e+01
1.14100000e+00	4.096233236100e+00	1.102281525839e+01
1.14200000e+00	4.107298797813e+00	1.110850302863e+01
1.14300000e+00	4.118450635603e+00	1.119537115358e+01
1.14400000e+00	4.129689941145e+00	1.128344237062e+01
1.14500000e+00	4.141017929135e+00	1.137273998187e+01
1.14600000e+00	4.152435837861e+00	1.146328787144e+01
1.14700000e+00	4.163944929792e+00	1.155511052327e+01
1.14800000e+00	4.175546492189e+00	1.164823303959e+01
1.14900000e+00	4.187241837732e+00	1.174268116016e+01
1.15000000e+00	4.199032305168e+00	1.183848128211e+01
1.15100000e+00	4.210919259980e+00	1.193566048057e+01
1.15200000e+00	4.222904095071e+00	1.203424653003e+01
1.15300000e+00	4.234988231480e+00	1.213426792658e+01
1.15400000e+00	4.247173119112e+00	1.223575391088e+01
1.15500000e+00	4.259460237492e+00	1.233873449210e+01
1.15600000e+00	4.271851096553e+00	1.244324047270e+01
1.15700000e+00	4.284347237435e+00	1.254930347418e+01
1.15800000e+00	4.296950233321e+00	1.265695596389e+01
1.15900000e+00	4.309661690295e+00	1.276623128274e+01
1.16000000e+00	4.322483248233e+00	1.287716367415e+01
1.16100000e+00	4.335416581715e+00	1.298978831404e+01
1.16200000e+00	4.348463400979e+00	1.310414134198e+01
1.16300000e+00	4.361625452895e+00	1.322025989370e+01
1.16400000e+00	4.374904521984e+00	1.333818213480e+01
1.16500000e+00	4.388302431459e+00	1.345794729582e+01
1.16600000e+00	4.401821044313e+00	1.357959570877e+01
1.16700000e+00	4.415462264437e+00	1.370316884518e+01
1.16800000e+00	4.429228037781e+00	1.382870935557e+01
1.16900000e+00	4.443120353549e+00	1.395626111074e+01
1.17000000e+00	4.457141245447e+00	1.408586924461e+01
1.17100000e+00	4.471292792963e+00	1.421758019896e+01
1.17200000e+00	4.485577122701e+00	1.435144177000e+01
1.17300000e+00	4.499996409758e+00	1.448750315692e+01
1.17400000e+00	4.514552879154e+00	1.462581501252e+01
1.17500000e+00	4.529248807308e+00	1.476642949602e+01
1.17600000e+00	4.544086523577e+00	1.490940032810e+01
1.17700000e+00	4.559068411841e+00	1.505478284842e+01
1.17800000e+00	4.574196912156e+00	1.520263407558e+01
1.17900000e+00	4.589474522460e+00	1.535301276975e+01
1.18000000e+00	4.604903800352e+00	1.550597949810e+01
1.18100000e+00	4.620487364926e+00	1.566159670311e+01
1.18200000e+00	4.636227898690e+00	1.581992877401e+01
1.18300000e+00	4.652128149543e+00	1.598104212138e+01
1.18400000e+00	4.668190932837e+00	1.614500525524e+01
1.18500000e+00	4.684419133520e+00	1.631188886667e+01
1.18600000e+00	4.700815708355e+00	1.648176591317e+01
1.18700000e+00	4.717383688234e+00	1.665471170815e+01
1.18800000e+00	4.734126180579e+00	1.683080401440e+01
1.18900000e+00	4.751046371839e+00	1.701012314220e+01
1.19000000e+00	4.768147530092e+00	1.719275205191e+01
1.19100000e+00	4.785433007744e+00	1.737877646163e+01
1.19200000e+00	4.802906244344e+00	1.756828495996e+01
1.19300000e+00	4.820570769517e+00	1.776136912434e+01
1.19400000e+00	4.838430206008e+00	1.795812364508e+01
1.19500000e+00	4.856488272865e+00	1.815864645564e+01
1.19600000e+00	4.874748788746e+00	1.836303886931e+01
1.19700000e+00	4.893215675374e+00	1.857140572280e+01
1.19800000e+00	4.911892961131e+00	1.878385552710e+01
1.19900000e+00	4.930784784814e+00	1.900050062595e+01
1.20000000e+00	4.949895399548e+00	1.922145736256e+01
1.20100000e+00	4.969229176874e+00	1.944684625488e+01
1.20200000e+00	4.988790611016e+00	1.967679218007e+01
1.20300000e+00	5.008584323334e+00	1.991142456864e+01
1.20400000e+00	5.028615066981e+00	2.015087760895e+01
1.20500000e+00	5.048887731764e+00	2.039529046254e+01
1.20600000e+00	5.069407349235e+00	2.064480749119e+01
1.20700000e+00	5.090179098006e+00	2.089957849628e+01
1.20800000e+00	5.111208309316e+00	2.115975897123e+01
1.20900000e+00	5.132500472851e+00	2.142551036798e+01
1.21000000e+00	5.154061242848e+00	2.169700037831e+01
1.21100000e+00	5.175896444476e+00	2.197440323093e+01
1.21200000e+00	5.198012080535e+00	2.225790000553e+01
1.21300000e+00	5.220414338463e+00	2.254767896474e+01
1.21400000e+00	5.243109597700e+00	2.284393590527e+01
1.21500000e+00	5.266104437406e+00	2.314687452953e+01
1.21600000e+00	5.289405644555e+00	2.345670683913e+01
1.21700000e+00	5.313020222447e+00	2.377365355165e+01
1.21800000e+00	5.336955399640e+00	2.409794454248e+01
1.21900000e+00	5.361218639342e+00	2.442981931324e+01
1.22000000e+00	5.385817649279e+00	2.476952748892e+01
1.22100000e+00	5.410760392085e+00	2.511732934548e+01
1.22200000e+00	5.436055096224e+00	2.547349637041e+01
1.22300000e+00	5.461710267504e+00	2.583831185837e+01
1.22400000e+00	5.487734701190e+00	2.621207154463e+01
1.22500000e+00	5.514137494784e+00	2.659508427904e+01
1.22600000e+00	5.540928061491e+00	2.698767274363e+01
1.22700000e+00	5.568116144430e+00	2.739017421693e+01
1.22800000e+00	5.595711831637e+00	2.780294138889e+01
1.22900000e+00	5.623725571901e+00	2.822634322995e+01
1.23000000e+00	5.652168191504e+00	2.866076591865e+01
1.23100000e+00	5.681050911925e+00	2.910661383242e+01
1.23200000e+00	5.710385368555e+00	2.956431060641e+01
1.23300000e+00	5.740183630519e+00	3.003430026588e+01
1.23400000e+00	5.770458221662e+00	3.051704843819e+01
1.23500000e+00	5.801222142796e+00	3.101304365073e+01
1.23600000e+00	5.832488895287e+00	3.152279872216e+01
1.23700000e+00	5.864272506080e+00	3.204685225446e+01
1.23800000e+00	5.896587554278e+00	3.258577023465e+01
1.23900000e+00	5.929449199374e+00	3.314014775532e+01
1.24000000e+00	5.962873211273e+00	3.371061086439e+01
1.24100000e+00	5.996876002228e+00	3.429781855543e+01
1.24200000e+00	6.031474660843e+00	3.490246491091e+01
1.24300000e+00	6.066686988307e+00	3.552528141223e+01
1.24400000e+00	6.102531537019e+00	3.616703943162e+01
1.24500000e+00	6.139027651806e+00	3.682855292255e+01
1.24600000e+00	6.176195513944e+00	3.751068132731e+01
1.24700000e+00	6.214056188193e+00	3.821433272210e+01
1.24800000e+00	6.252631673117e+00	3.894046722226e+01
1.24900000e+00	6.291944954936e+00	3.969010067299e+01
1.25000000e+00	6.332020065238e+00	4.046430865328e+01
1.25100000e+00	6.372882142850e+00	4.126423082430e+01
1.25200000e+00	6.414557500258e+00	4.209107565687e+01
1.25300000e+00	6.457073694947e+00	4.294612557653e+01
1.25400000e+00	6.500459606120e+00	4.383074256957e+01
1.25500000e+00	6.544745517272e+00	4.474637429814e+01
1.25600000e+00	6.589963205157e+00	4.569456077863e+01
1.25700000e+00	6.636146035736e+00	4.667694168401e+01
1.25800000e+00	6.683329067772e+00	4.769526433843e+01
1.25900000e+00	6.731549164796e+00	4.875139248077e+01
1.26000000e+00	6.780845116254e+00	4.984731588392e+01
1.26100000e+00	6.831257768744e+00	5.098516092757e+01
1.26200000e+00	6.882830168350e+00	5.216720223526e+01
1.26300000e+00	6.935607715191e+00	5.339587550126e+01
1.26400000e+00	6.989638331458e+00	5.467379164983e+01
1.26500000e+00	7.044972644333e+00	5.600375248918e+01
1.26600000e+00	7.101664185400e+00	5.738876804517e+01
1.26700000e+00	7.159769608299e+00	5.883207578616e+01
1.26800000e+00	7.219348926665e+00	6.033716198119e+01
1.26900000e+00	7.280465774597e+00	6.190778546927e+01
1.27000000e+00	7.343187692236e+00	6.354800415946e+01
1.27100000e+00	7.407586439361e+00	6.526220463014e+01
1.27200000e+00	7.473738340307e+00	6.705513525342e+01
1.27300000e+00	7.541724663970e+00	6.893194333793e+01
1.27400000e+00	7.611632043206e+00	7.089821686328e+01
1.27500000e+00	7.683552938528e+00	7.296003147376e+01
1.27600000e+00	7.757586151745e+00	7.512400351093e+01
1.27700000e+00	7.833837396036e+00	7.739734999866e+01
1.27800000e+00	7.912419929916e+00	7.978795665374e+01
1.27900000e+00	7.993455263745e+00	8.230445518698e+01
1.28000000e+00	8.077073948803e+00	8.495631139052e+01
1.28100000e+00	8.163416460560e+00	8.775392578582e+01
1.28200000e+00	8.252634189749e+00	9.070874894525e+01
1.28300000e+00	8.344890557124e+00	9.383341401203e+01
1.28400000e+00	8.440362270578e+00	9.714188944716e+01
1.28500000e+00	8.539240746613e+00	1.006496556512e+02
1.28600000e+00	8.641733722162e+00	1.043739098724e+02
1.28700000e+00	8.748067087667e+00	1.083338047595e+02
1.28800000e+00	8.858486978180e+00	1.125507270987e+02
1.28900000e+00	8.973262166581e+00	1.170486247516e+02
1.29000000e+00	9.092686811846e+00	1.218543916743e+02
1.29100000e+00	9.217083626373e+00	1.269983232567e+02
1.29200000e+00	9.346807540003e+00	1.325146572279e+02
1.29300000e+00	9.482249955508e+00	1.384422192325e+02
1.29400000e+00	9.623843711782e+00	1.448251971630e+02
1.29500000e+00	9.772068898155e+00	1.517140748147e+02
1.29600000e+00	9.927459697886e+00	1.591667639201e+02
1.29700000e+00	1.009061248326e+01	1.672499848378e+02
1.29800000e+00	1.026219544213e+01	1.760409611148e+02
1.29900000e+00	1.044296009051e+01	1.856295132276e+02
1.30000000e+00	1.063375512402e+01	1.961206640705e+02
1.30100000e+00	1.083554319122e+01	2.076379061381e+02
1.30200000e+00	1.104942134648e+01	2.203273321621e+02
1.30300000e+00	1.127664617575e+01	2.343629036330e+02
1.30400000e+00	1.151866491178e+01	2.499532348521e+02
1.30500000e+00	1.177715430265e+01	2.673504187647e+02
1.30600000e+00	1.205406962534e+01	2.868616379534e+02
1.30700000e+00	1.235170712960e+01	3.088646265167e+02
1.30800000e+00	1.267278448988e+01	3.338285355044e+02
1.30900000e+00	1.302054574281e+01	3.623425042795e+02
1.31000000e+00	1.339890003424e+01	3.951554187519e+02
1.31100000e+00	1.381260785186e+01	4.332322333615e+02
1.31200000e+00	1.426753522743e+01	4.778353625155e+02
1.31300000e+00	1.477100731488e+01	5.306449599180e+02
1.31400000e+00	1.533231077949e+01	5.939412187980e+02
1.31500000e+00	1.596342516916e+01	6.708887599638e+02
1.31600000e+00	1.668011779401e+01	7.659952628439e+02
1.31700000e+00	1.750363693343e+01	8.858802780092e+02
1.31800000e+00	1.846343261642e+01	1.040624234304e+03
1.31900000e+00	1.960173385777e+01	1.246268804922e+03
1.32000000e+00	2.098169267383e+01	1.529772644440e+03
