# Układ: x' = x(y-1),  y' = 3x - 2y + x^2 - 2y^2
# IC: x0=1, y0=1, dt=1.000e-03, nsteps=10000
# t	x(t)	y(t)
0.00000000e+00	1.000000000000e+00	1.000000000000e+00
1.00000000e-03	1.001001000000e+00	1.002000000834e+00
2.00000000e-03	1.002004000003e+00	1.004000006683e+00
3.00000000e-03	1.003009000017e+00	1.006000022581e+00
4.00000000e-03	1.004016000054e+00	1.008000053590e+00
5.00000000e-03	1.005025000131e+00	1.010000104794e+00
6.00000000e-03	1.006036000272e+00	1.012000181301e+00
7.00000000e-03	1.007049000504e+00	1.014000288246e+00
8.00000000e-03	1.008064000860e+00	1.016000430785e+00
9.00000000e-03	1.009081001379e+00	1.018000614101e+00
1.00000000e-02	1.010100002103e+00	1.020000843401e+00
1.10000000e-02	1.011121003083e+00	1.022001123916e+00
1.20000000e-02	1.012144004370e+00	1.024001460904e+00
1.30000000e-02	1.013169006025e+00	1.026001859645e+00
1.40000000e-02	1.014196008112e+00	1.028002325446e+00
1.50000000e-02	1.015225010700e+00	1.030002863639e+00
1.60000000e-02	1.016256013865e+00	1.032003479579e+00
1.70000000e-02	1.017289017687e+00	1.034004178650e+00
1.80000000e-02	1.018324022252e+00	1.036004966258e+00
1.90000000e-02	1.019361027651e+00	1.038005847836e+00
2.00000000e-02	1.020400033981e+00	1.040006828842e+00
2.10000000e-02	1.021441041343e+00	1.042007914760e+00
2.20000000e-02	1.022484049847e+00	1.044009111100e+00
2.30000000e-02	1.023529059604e+00	1.046010423396e+00
2.40000000e-02	1.024576070734e+00	1.048011857211e+00
2.50000000e-02	1.025625083361e+00	1.050013418130e+00
2.60000000e-02	1.026676097615e+00	1.052015111768e+00
2.70000000e-02	1.027729113631e+00	1.054016943764e+00
2.80000000e-02	1.028784131550e+00	1.056018919782e+00
2.90000000e-02	1.029841151520e+00	1.058021045517e+00
3.00000000e-02	1.030900173693e+00	1.060023326684e+00
3.10000000e-02	1.031961198227e+00	1.062025769031e+00
3.20000000e-02	1.033024225287e+00	1.064028378327e+00
3.30000000e-02	1.034089255041e+00	1.066031160372e+00
3.40000000e-02	1.035156287667e+00	1.068034120990e+00
3.50000000e-02	1.036225323345e+00	1.070037266034e+00
3.60000000e-02	1.037296362263e+00	1.072040601382e+00
3.70000000e-02	1.038369404613e+00	1.074044132940e+00
3.80000000e-02	1.039444450596e+00	1.076047866642e+00
3.90000000e-02	1.040521500416e+00	1.078051808449e+00
4.00000000e-02	1.041600554284e+00	1.080055964348e+00
4.10000000e-02	1.042681612418e+00	1.082060340355e+00
4.20000000e-02	1.043764675040e+00	1.084064942513e+00
4.30000000e-02	1.044849742380e+00	1.086069776894e+00
4.40000000e-02	1.045936814673e+00	1.088074849594e+00
4.50000000e-02	1.047025892161e+00	1.090080166742e+00
4.60000000e-02	1.048116975090e+00	1.092085734492e+00
4.70000000e-02	1.049210063716e+00	1.094091559026e+00
4.80000000e-02	1.050305158296e+00	1.096097646555e+00
4.90000000e-02	1.051402259098e+00	1.098104003320e+00
5.00000000e-02	1.052501366395e+00	1.100110635586e+00
5.10000000e-02	1.053602480463e+00	1.102117549651e+00
5.20000000e-02	1.054705601590e+00	1.104124751840e+00
5.30000000e-02	1.055810730065e+00	1.106132248506e+00
5.40000000e-02	1.056917866187e+00	1.108140046031e+00
5.50000000e-02	1.058027010260e+00	1.110148150828e+00
5.60000000e-02	1.059138162593e+00	1.112156569336e+00
5.70000000e-02	1.060251323505e+00	1.114165308026e+00
5.80000000e-02	1.061366493318e+00	1.116174373396e+00
5.90000000e-02	1.062483672363e+00	1.118183771976e+00
6.00000000e-02	1.063602860976e+00	1.120193510323e+00
6.10000000e-02	1.064724059499e+00	1.122203595025e+00
6.20000000e-02	1.065847268283e+00	1.124214032699e+00
6.30000000e-02	1.066972487684e+00	1.126224829993e+00
6.40000000e-02	1.068099718065e+00	1.128235993584e+00
6.50000000e-02	1.069228959796e+00	1.130247530179e+00
6.60000000e-02	1.070360213252e+00	1.132259446516e+00
6.70000000e-02	1.071493478818e+00	1.134271749364e+00
6.80000000e-02	1.072628756882e+00	1.136284445519e+00
6.90000000e-02	1.073766047842e+00	1.138297541813e+00
7.00000000e-02	1.074905352101e+00	1.140311045103e+00
7.10000000e-02	1.076046670070e+00	1.142324962282e+00
7.20000000e-02	1.077190002166e+00	1.144339300270e+00
7.30000000e-02	1.078335348814e+00	1.146354066019e+00
7.40000000e-02	1.079482710443e+00	1.148369266514e+00
7.50000000e-02	1.080632087494e+00	1.150384908770e+00
7.60000000e-02	1.081783480410e+00	1.152400999833e+00
7.70000000e-02	1.082936889645e+00	1.154417546780e+00
7.80000000e-02	1.084092315658e+00	1.156434556723e+00
7.90000000e-02	1.085249758916e+00	1.158452036802e+00
8.00000000e-02	1.086409219891e+00	1.160469994190e+00
8.10000000e-02	1.087570699065e+00	1.162488436094e+00
8.20000000e-02	1.088734196927e+00	1.164507369751e+00
8.30000000e-02	1.089899713971e+00	1.166526802430e+00
8.40000000e-02	1.091067250701e+00	1.168546741435e+00
8.50000000e-02	1.092236807625e+00	1.170567194101e+00
8.60000000e-02	1.093408385263e+00	1.172588167795e+00
8.70000000e-02	1.094581984137e+00	1.174609669917e+00
8.80000000e-02	1.095757604781e+00	1.176631707903e+00
8.90000000e-02	1.096935247734e+00	1.178654289217e+00
9.00000000e-02	1.098114913543e+00	1.180677421361e+00
9.10000000e-02	1.099296602763e+00	1.182701111867e+00
9.20000000e-02	1.100480315955e+00	1.184725368303e+00
9.30000000e-02	1.101666053691e+00	1.186750198268e+00
9.40000000e-02	1.102853816546e+00	1.188775609398e+00
9.50000000e-02	1.104043605106e+00	1.190801609361e+00
9.60000000e-02	1.105235419963e+00	1.192828205859e+00
9.70000000e-02	1.106429261719e+00	1.194855406629e+00
9.80000000e-02	1.107625130981e+00	1.196883219441e+00
9.90000000e-02	1.108823028364e+00	1.198911652101e+00
1.00000000e-01	1.110022954494e+00	1.200940712450e+00
1.01000000e-01	1.111224910001e+00	1.202970408362e+00
1.02000000e-01	1.112428895525e+00	1.205000747747e+00
1.03000000e-01	1.113634911714e+00	1.207031738550e+00
1.04000000e-01	1.114842959222e+00	1.209063388751e+00
1.05000000e-01	1.116053038714e+00	1.211095706366e+00
1.06000000e-01	1.117265150860e+00	1.213128699447e+00
1.07000000e-01	1.118479296340e+00	1.215162376079e+00
1.08000000e-01	1.119695475843e+00	1.217196744386e+00
1.09000000e-01	1.120913690063e+00	1.219231812526e+00
1.10000000e-01	1.122133939704e+00	1.221267588695e+00
1.11000000e-01	1.123356225479e+00	1.223304081122e+00
1.12000000e-01	1.124580548108e+00	1.225341298076e+00
1.13000000e-01	1.125806908319e+00	1.227379247862e+00
1.14000000e-01	1.127035306850e+00	1.229417938819e+00
1.15000000e-01	1.128265744447e+00	1.231457379326e+00
1.16000000e-01	1.129498221862e+00	1.233497577797e+00
1.17000000e-01	1.130732739858e+00	1.235538542686e+00
1.18000000e-01	1.131969299205e+00	1.237580282482e+00
1.19000000e-01	1.133207900684e+00	1.239622805711e+00
1.20000000e-01	1.134448545081e+00	1.241666120939e+00
1.21000000e-01	1.135691233193e+00	1.243710236769e+00
1.22000000e-01	1.136935965824e+00	1.245755161842e+00
1.23000000e-01	1.138182743789e+00	1.247800904836e+00
1.24000000e-01	1.139431567909e+00	1.249847474470e+00
1.25000000e-01	1.140682439016e+00	1.251894879499e+00
1.26000000e-01	1.141935357950e+00	1.253943128718e+00
1.27000000e-01	1.143190325558e+00	1.255992230962e+00
1.28000000e-01	1.144447342699e+00	1.258042195102e+00
1.29000000e-01	1.145706410238e+00	1.260093030052e+00
1.30000000e-01	1.146967529052e+00	1.262144744762e+00
1.31000000e-01	1.148230700024e+00	1.264197348225e+00
1.32000000e-01	1.149495924048e+00	1.266250849470e+00
1.33000000e-01	1.150763202025e+00	1.268305257568e+00
1.34000000e-01	1.152032534868e+00	1.270360581632e+00
1.35000000e-01	1.153303923497e+00	1.272416830812e+00
1.36000000e-01	1.154577368841e+00	1.274474014299e+00
1.37000000e-01	1.155852871840e+00	1.276532141328e+00
1.38000000e-01	1.157130433442e+00	1.278591221170e+00
1.39000000e-01	1.158410054603e+00	1.280651263141e+00
1.40000000e-01	1.159691736292e+00	1.282712276596e+00
1.41000000e-01	1.160975479483e+00	1.284774270933e+00
1.42000000e-01	1.162261285164e+00	1.286837255589e+00
1.43000000e-01	1.163549154328e+00	1.288901240047e+00
1.44000000e-01	1.164839087980e+00	1.290966233828e+00
1.45000000e-01	1.166131087135e+00	1.293032246497e+00
1.46000000e-01	1.167425152816e+00	1.295099287662e+00
1.47000000e-01	1.168721286057e+00	1.297167366971e+00
1.48000000e-01	1.170019487899e+00	1.299236494118e+00
1.49000000e-01	1.171319759397e+00	1.301306678838e+00
1.50000000e-01	1.172622101613e+00	1.303377930910e+00
1.51000000e-01	1.173926515618e+00	1.305450260155e+00
1.52000000e-01	1.175233002495e+00	1.307523676440e+00
1.53000000e-01	1.176541563337e+00	1.309598189673e+00
1.54000000e-01	1.177852199244e+00	1.311673809809e+00
1.55000000e-01	1.179164911329e+00	1.313750546843e+00
1.56000000e-01	1.180479700713e+00	1.315828410820e+00
1.57000000e-01	1.181796568529e+00	1.317907411824e+00
1.58000000e-01	1.183115515919e+00	1.319987559987e+00
1.59000000e-01	1.184436544035e+00	1.322068865486e+00
1.60000000e-01	1.185759654039e+00	1.324151338542e+00
1.61000000e-01	1.187084847105e+00	1.326234989423e+00
1.62000000e-01	1.188412124414e+00	1.328319828440e+00
1.63000000e-01	1.189741487161e+00	1.330405865953e+00
1.64000000e-01	1.191072936549e+00	1.332493112365e+00
1.65000000e-01	1.192406473792e+00	1.334581578129e+00
1.66000000e-01	1.193742100115e+00	1.336671273740e+00
1.67000000e-01	1.195079816753e+00	1.338762209745e+00
1.68000000e-01	1.196419624952e+00	1.340854396734e+00
1.69000000e-01	1.197761525967e+00	1.342947845344e+00
1.70000000e-01	1.199105521067e+00	1.345042566263e+00
1.71000000e-01	1.200451611527e+00	1.347138570224e+00
1.72000000e-01	1.201799798638e+00	1.349235868008e+00
1.73000000e-01	1.203150083698e+00	1.351334470444e+00
1.74000000e-01	1.204502468018e+00	1.353434388411e+00
1.75000000e-01	1.205856952917e+00	1.355535632834e+00
1.76000000e-01	1.207213539729e+00	1.357638214690e+00
1.77000000e-01	1.208572229796e+00	1.359742145003e+00
1.78000000e-01	1.209933024472e+00	1.361847434845e+00
1.79000000e-01	1.211295925123e+00	1.363954095341e+00
1.80000000e-01	1.212660933124e+00	1.366062137663e+00
1.81000000e-01	1.214028049862e+00	1.368171573035e+00
1.82000000e-01	1.215397276738e+00	1.370282412729e+00
1.83000000e-01	1.216768615160e+00	1.372394668069e+00
1.84000000e-01	1.218142066550e+00	1.374508350430e+00
1.85000000e-01	1.219517632340e+00	1.376623471238e+00
1.86000000e-01	1.220895313975e+00	1.378740041969e+00
1.87000000e-01	1.222275112911e+00	1.380858074152e+00
1.88000000e-01	1.223657030615e+00	1.382977579367e+00
1.89000000e-01	1.225041068565e+00	1.385098569245e+00
1.90000000e-01	1.226427228252e+00	1.387221055473e+00
1.91000000e-01	1.227815511178e+00	1.389345049785e+00
1.92000000e-01	1.229205918858e+00	1.391470563973e+00
1.93000000e-01	1.230598452817e+00	1.393597609880e+00
1.94000000e-01	1.231993114592e+00	1.395726199401e+00
1.95000000e-01	1.233389905734e+00	1.397856344487e+00
1.96000000e-01	1.234788827804e+00	1.399988057142e+00
1.97000000e-01	1.236189882375e+00	1.402121349423e+00
1.98000000e-01	1.237593071033e+00	1.404256233442e+00
1.99000000e-01	1.238998395377e+00	1.406392721368e+00
2.00000000e-01	1.240405857015e+00	1.408530825422e+00
2.01000000e-01	1.241815457570e+00	1.410670557882e+00
2.02000000e-01	1.243227198678e+00	1.412811931080e+00
2.03000000e-01	1.244641081983e+00	1.414954957405e+00
2.04000000e-01	1.246057109148e+00	1.417099649303e+00
2.05000000e-01	1.247475281841e+00	1.419246019274e+00
2.06000000e-01	1.248895601750e+00	1.421394079876e+00
2.07000000e-01	1.250318070569e+00	1.423543843725e+00
2.08000000e-01	1.251742690009e+00	1.425695323493e+00
2.09000000e-01	1.253169461792e+00	1.427848531910e+00
2.10000000e-01	1.254598387653e+00	1.430003481763e+00
2.11000000e-01	1.256029469340e+00	1.432160185899e+00
2.12000000e-01	1.257462708614e+00	1.434318657221e+00
2.13000000e-01	1.258898107248e+00	1.436478908692e+00
2.14000000e-01	1.260335667029e+00	1.438640953336e+00
2.15000000e-01	1.261775389757e+00	1.440804804234e+00
2.16000000e-01	1.263217277244e+00	1.442970474527e+00
2.17000000e-01	1.264661331317e+00	1.445137977416e+00
2.18000000e-01	1.266107553814e+00	1.447307326163e+00
2.19000000e-01	1.267555946589e+00	1.449478534090e+00
2.20000000e-01	1.269006511507e+00	1.451651614581e+00
2.21000000e-01	1.270459250447e+00	1.453826581081e+00
2.22000000e-01	1.271914165302e+00	1.456003447094e+00
2.23000000e-01	1.273371257979e+00	1.458182226190e+00
2.24000000e-01	1.274830530397e+00	1.460362931999e+00
2.25000000e-01	1.276291984489e+00	1.462545578213e+00
2.26000000e-01	1.277755622204e+00	1.464730178589e+00
2.27000000e-01	1.279221445503e+00	1.466916746946e+00
2.28000000e-01	1.280689456359e+00	1.469105297166e+00
2.29000000e-01	1.282159656762e+00	1.471295843196e+00
2.30000000e-01	1.283632048715e+00	1.473488399046e+00
2.31000000e-01	1.285106634235e+00	1.475682978794e+00
2.32000000e-01	1.286583415352e+00	1.477879596578e+00
2.33000000e-01	1.288062394112e+00	1.480078266605e+00
2.34000000e-01	1.289543572574e+00	1.482279003146e+00
2.35000000e-01	1.291026952812e+00	1.484481820538e+00
2.36000000e-01	1.292512536914e+00	1.486686733186e+00
2.37000000e-01	1.294000326982e+00	1.488893755561e+00
2.38000000e-01	1.295490325133e+00	1.491102902198e+00
2.39000000e-01	1.296982533499e+00	1.493314187705e+00
2.40000000e-01	1.298476954226e+00	1.495527626754e+00
2.41000000e-01	1.299973589475e+00	1.497743234085e+00
2.42000000e-01	1.301472441422e+00	1.499961024509e+00
2.43000000e-01	1.302973512257e+00	1.502181012905e+00
2.44000000e-01	1.304476804186e+00	1.504403214219e+00
2.45000000e-01	1.305982319428e+00	1.506627643471e+00
2.46000000e-01	1.307490060220e+00	1.508854315747e+00
2.47000000e-01	1.309000028812e+00	1.511083246206e+00
2.48000000e-01	1.310512227470e+00	1.513314450077e+00
2.49000000e-01	1.312026658475e+00	1.515547942660e+00
2.50000000e-01	1.313543324124e+00	1.517783739328e+00
2.51000000e-01	1.315062226727e+00	1.520021855523e+00
2.52000000e-01	1.316583368613e+00	1.522262306763e+00
2.53000000e-01	1.318106752124e+00	1.524505108637e+00
2.54000000e-01	1.319632379619e+00	1.526750276807e+00
2.55000000e-01	1.321160253472e+00	1.528997827009e+00
2.56000000e-01	1.322690376072e+00	1.531247775053e+00
2.57000000e-01	1.324222749827e+00	1.533500136825e+00
2.58000000e-01	1.325757377156e+00	1.535754928283e+00
2.59000000e-01	1.327294260498e+00	1.538012165463e+00
2.60000000e-01	1.328833402308e+00	1.540271864475e+00
2.61000000e-01	1.330374805053e+00	1.542534041505e+00
2.62000000e-01	1.331918471222e+00	1.544798712818e+00
2.63000000e-01	1.333464403316e+00	1.547065894752e+00
2.64000000e-01	1.335012603854e+00	1.549335603727e+00
2.65000000e-01	1.336563075371e+00	1.551607856238e+00
2.66000000e-01	1.338115820420e+00	1.553882668858e+00
2.67000000e-01	1.339670841568e+00	1.556160058241e+00
2.68000000e-01	1.341228141401e+00	1.558440041118e+00
2.69000000e-01	1.342787722520e+00	1.560722634302e+00
2.70000000e-01	1.344349587545e+00	1.563007854683e+00
2.71000000e-01	1.345913739111e+00	1.565295719235e+00
2.72000000e-01	1.347480179871e+00	1.567586245011e+00
2.73000000e-01	1.349048912494e+00	1.569879449145e+00
2.74000000e-01	1.350619939667e+00	1.572175348855e+00
2.75000000e-01	1.352193264096e+00	1.574473961440e+00
2.76000000e-01	1.353768888500e+00	1.576775304282e+00
2.77000000e-01	1.355346815620e+00	1.579079394848e+00
2.78000000e-01	1.356927048212e+00	1.581386250686e+00
2.79000000e-01	1.358509589049e+00	1.583695889431e+00
2.80000000e-01	1.360094440924e+00	1.586008328801e+00
2.81000000e-01	1.361681606646e+00	1.588323586601e+00
2.82000000e-01	1.363271089043e+00	1.590641680721e+00
2.83000000e-01	1.364862890959e+00	1.592962629136e+00
2.84000000e-01	1.366457015259e+00	1.595286449912e+00
2.85000000e-01	1.368053464822e+00	1.597613161197e+00
2.86000000e-01	1.369652242551e+00	1.599942781231e+00
2.87000000e-01	1.371253351361e+00	1.602275328340e+00
2.88000000e-01	1.372856794189e+00	1.604610820940e+00
2.89000000e-01	1.374462573991e+00	1.606949277537e+00
2.90000000e-01	1.376070693738e+00	1.609290716725e+00
2.91000000e-01	1.377681156424e+00	1.611635157190e+00
2.92000000e-01	1.379293965059e+00	1.613982617710e+00
2.93000000e-01	1.380909122673e+00	1.616333117151e+00
2.94000000e-01	1.382526632313e+00	1.618686674475e+00
2.95000000e-01	1.384146497047e+00	1.621043308735e+00
2.96000000e-01	1.385768719962e+00	1.623403039076e+00
2.97000000e-01	1.387393304164e+00	1.625765884739e+00
2.98000000e-01	1.389020252777e+00	1.628131865058e+00
2.99000000e-01	1.390649568945e+00	1.630500999462e+00
3.00000000e-01	1.392281255834e+00	1.632873307475e+00
3.01000000e-01	1.393915316625e+00	1.635248808719e+00
3.02000000e-01	1.395551754522e+00	1.637627522910e+00
3.03000000e-01	1.397190572748e+00	1.640009469863e+00
3.04000000e-01	1.398831774546e+00	1.642394669489e+00
3.05000000e-01	1.400475363178e+00	1.644783141800e+00
3.06000000e-01	1.402121341927e+00	1.647174906904e+00
3.07000000e-01	1.403769714096e+00	1.649569985012e+00
3.08000000e-01	1.405420483008e+00	1.651968396430e+00
3.09000000e-01	1.407073652007e+00	1.654370161570e+00
3.10000000e-01	1.408729224456e+00	1.656775300943e+00
3.11000000e-01	1.410387203740e+00	1.659183835161e+00
3.12000000e-01	1.412047593265e+00	1.661595784941e+00
3.13000000e-01	1.413710396456e+00	1.664011171101e+00
3.14000000e-01	1.415375616760e+00	1.666430014565e+00
3.15000000e-01	1.417043257644e+00	1.668852336358e+00
3.16000000e-01	1.418713322599e+00	1.671278157615e+00
3.17000000e-01	1.420385815133e+00	1.673707499572e+00
3.18000000e-01	1.422060738779e+00	1.676140383575e+00
3.19000000e-01	1.423738097088e+00	1.678576831075e+00
3.20000000e-01	1.425417893636e+00	1.681016863632e+00
3.21000000e-01	1.427100132018e+00	1.683460502913e+00
3.22000000e-01	1.428784815851e+00	1.685907770696e+00
3.23000000e-01	1.430471948776e+00	1.688358688866e+00
3.24000000e-01	1.432161534453e+00	1.690813279421e+00
3.25000000e-01	1.433853576566e+00	1.693271564469e+00
3.26000000e-01	1.435548078821e+00	1.695733566230e+00
3.27000000e-01	1.437245044945e+00	1.698199307036e+00
3.28000000e-01	1.438944478689e+00	1.700668809333e+00
3.29000000e-01	1.440646383825e+00	1.703142095680e+00
3.30000000e-01	1.442350764149e+00	1.705619188752e+00
3.31000000e-01	1.444057623479e+00	1.708100111338e+00
3.32000000e-01	1.445766965656e+00	1.710584886344e+00
3.33000000e-01	1.447478794544e+00	1.713073536792e+00
3.34000000e-01	1.449193114029e+00	1.715566085822e+00
3.35000000e-01	1.450909928022e+00	1.718062556691e+00
3.36000000e-01	1.452629240457e+00	1.720562972777e+00
3.37000000e-01	1.454351055291e+00	1.723067357578e+00
3.38000000e-01	1.456075376503e+00	1.725575734710e+00
3.39000000e-01	1.457802208099e+00	1.728088127912e+00
3.40000000e-01	1.459531554106e+00	1.730604561044e+00
3.41000000e-01	1.461263418576e+00	1.733125058091e+00
3.42000000e-01	1.462997805585e+00	1.735649643160e+00
3.43000000e-01	1.464734719233e+00	1.738178340482e+00
3.44000000e-01	1.466474163645e+00	1.740711174413e+00
3.45000000e-01	1.468216142969e+00	1.743248169438e+00
3.46000000e-01	1.469960661379e+00	1.745789350165e+00
3.47000000e-01	1.471707723072e+00	1.748334741331e+00
3.48000000e-01	1.473457332273e+00	1.750884367803e+00
3.49000000e-01	1.475209493228e+00	1.753438254575e+00
3.50000000e-01	1.476964210211e+00	1.755996426772e+00
3.51000000e-01	1.478721487519e+00	1.758558909650e+00
3.52000000e-01	1.480481329475e+00	1.761125728597e+00
3.53000000e-01	1.482243740430e+00	1.763696909134e+00
3.54000000e-01	1.484008724756e+00	1.766272476913e+00
3.55000000e-01	1.485776286855e+00	1.768852457723e+00
3.56000000e-01	1.487546431151e+00	1.771436877489e+00
3.57000000e-01	1.489319162098e+00	1.774025762269e+00
3.58000000e-01	1.491094484173e+00	1.776619138259e+00
3.59000000e-01	1.492872401880e+00	1.779217031795e+00
3.60000000e-01	1.494652919751e+00	1.781819469350e+00
3.61000000e-01	1.496436042342e+00	1.784426477536e+00
3.62000000e-01	1.498221774239e+00	1.787038083108e+00
3.63000000e-01	1.500010120050e+00	1.789654312960e+00
3.64000000e-01	1.501801084415e+00	1.792275194130e+00
3.65000000e-01	1.503594671998e+00	1.794900753798e+00
3.66000000e-01	1.505390887491e+00	1.797531019292e+00
3.67000000e-01	1.507189735614e+00	1.800166018081e+00
3.68000000e-01	1.508991221114e+00	1.802805777781e+00
3.69000000e-01	1.510795348766e+00	1.805450326159e+00
3.70000000e-01	1.512602123372e+00	1.808099691125e+00
3.71000000e-01	1.514411549763e+00	1.810753900741e+00
3.72000000e-01	1.516223632798e+00	1.813412983221e+00
3.73000000e-01	1.518038377363e+00	1.816076966925e+00
3.74000000e-01	1.519855788375e+00	1.818745880371e+00
3.75000000e-01	1.521675870777e+00	1.821419752225e+00
3.76000000e-01	1.523498629542e+00	1.824098611312e+00
3.77000000e-01	1.525324069672e+00	1.826782486609e+00
3.78000000e-01	1.527152196197e+00	1.829471407251e+00
3.79000000e-01	1.528983014178e+00	1.832165402529e+00
3.80000000e-01	1.530816528703e+00	1.834864501893e+00
3.81000000e-01	1.532652744893e+00	1.837568734954e+00
3.82000000e-01	1.534491667894e+00	1.840278131481e+00
3.83000000e-01	1.536333302887e+00	1.842992721406e+00
3.84000000e-01	1.538177655078e+00	1.845712534825e+00
3.85000000e-01	1.540024729708e+00	1.848437601995e+00
3.86000000e-01	1.541874532044e+00	1.851167953341e+00
3.87000000e-01	1.543727067386e+00	1.853903619452e+00
3.88000000e-01	1.545582341064e+00	1.856644631085e+00
3.89000000e-01	1.547440358440e+00	1.859391019165e+00
3.90000000e-01	1.549301124905e+00	1.862142814787e+00
3.91000000e-01	1.551164645883e+00	1.864900049216e+00
3.92000000e-01	1.553030926827e+00	1.867662753891e+00
3.93000000e-01	1.554899973224e+00	1.870430960420e+00
3.94000000e-01	1.556771790592e+00	1.873204700590e+00
3.95000000e-01	1.558646384481e+00	1.875984006359e+00
3.96000000e-01	1.560523760471e+00	1.878768909865e+00
3.97000000e-01	1.562403924177e+00	1.881559443422e+00
3.98000000e-01	1.564286881245e+00	1.884355639523e+00
3.99000000e-01	1.566172637355e+00	1.887157530843e+00
4.00000000e-01	1.568061198216e+00	1.889965150236e+00
4.01000000e-01	1.569952569575e+00	1.892778530742e+00
4.02000000e-01	1.571846757209e+00	1.895597705581e+00
4.03000000e-01	1.573743766929e+00	1.898422708163e+00
4.04000000e-01	1.575643604579e+00	1.901253572082e+00
4.05000000e-01	1.577546276038e+00	1.904090331119e+00
4.06000000e-01	1.579451787218e+00	1.906933019247e+00
4.07000000e-01	1.581360144065e+00	1.909781670627e+00
4.08000000e-01	1.583271352559e+00	1.912636319614e+00
4.09000000e-01	1.585185418715e+00	1.915497000756e+00
4.10000000e-01	1.587102348582e+00	1.918363748794e+00
4.11000000e-01	1.589022148246e+00	1.921236598666e+00
4.12000000e-01	1.590944823825e+00	1.924115585509e+00
4.13000000e-01	1.592870381475e+00	1.927000744655e+00
4.14000000e-01	1.594798827384e+00	1.929892111641e+00
4.15000000e-01	1.596730167779e+00	1.932789722202e+00
4.16000000e-01	1.598664408921e+00	1.935693612277e+00
4.17000000e-01	1.600601557109e+00	1.938603818010e+00
4.18000000e-01	1.602541618675e+00	1.941520375750e+00
4.19000000e-01	1.604484599990e+00	1.944443322055e+00
4.20000000e-01	1.606430507461e+00	1.947372693691e+00
4.21000000e-01	1.608379347531e+00	1.950308527633e+00
4.22000000e-01	1.610331126682e+00	1.953250861069e+00
4.23000000e-01	1.612285851432e+00	1.956199731403e+00
4.24000000e-01	1.614243528337e+00	1.959155176249e+00
4.25000000e-01	1.616204163989e+00	1.962117233441e+00
4.26000000e-01	1.618167765020e+00	1.965085941030e+00
4.27000000e-01	1.620134338101e+00	1.968061337287e+00
4.28000000e-01	1.622103889937e+00	1.971043460703e+00
4.29000000e-01	1.624076427277e+00	1.974032349993e+00
4.30000000e-01	1.626051956906e+00	1.977028044096e+00
4.31000000e-01	1.628030485647e+00	1.980030582177e+00
4.32000000e-01	1.630012020364e+00	1.983040003628e+00
4.33000000e-01	1.631996567962e+00	1.986056348072e+00
4.34000000e-01	1.633984135382e+00	1.989079655362e+00
4.35000000e-01	1.635974729607e+00	1.992109965583e+00
4.36000000e-01	1.637968357660e+00	1.995147319055e+00
4.37000000e-01	1.639965026606e+00	1.998191756334e+00
4.38000000e-01	1.641964743548e+00	2.001243318215e+00
4.39000000e-01	1.643967515631e+00	2.004302045731e+00
4.40000000e-01	1.645973350042e+00	2.007367980156e+00
4.41000000e-01	1.647982254008e+00	2.010441163009e+00
4.42000000e-01	1.649994234798e+00	2.013521636052e+00
4.43000000e-01	1.652009299724e+00	2.016609441294e+00
4.44000000e-01	1.654027456139e+00	2.019704620994e+00
4.45000000e-01	1.656048711438e+00	2.022807217660e+00
4.46000000e-01	1.658073073061e+00	2.025917274053e+00
4.47000000e-01	1.660100548487e+00	2.029034833186e+00
4.48000000e-01	1.662131145242e+00	2.032159938330e+00
4.49000000e-01	1.664164870894e+00	2.035292633014e+00
4.50000000e-01	1.666201733053e+00	2.038432961026e+00
4.51000000e-01	1.668241739375e+00	2.041580966415e+00
4.52000000e-01	1.670284897559e+00	2.044736693496e+00
4.53000000e-01	1.672331215351e+00	2.047900186846e+00
4.54000000e-01	1.674380700537e+00	2.051071491314e+00
4.55000000e-01	1.676433360952e+00	2.054250652015e+00
4.56000000e-01	1.678489204475e+00	2.057437714338e+00
4.57000000e-01	1.680548239030e+00	2.060632723944e+00
4.58000000e-01	1.682610472587e+00	2.063835726771e+00
4.59000000e-01	1.684675913163e+00	2.067046769034e+00
4.60000000e-01	1.686744568820e+00	2.070265897229e+00
4.61000000e-01	1.688816447668e+00	2.073493158133e+00
4.62000000e-01	1.690891557863e+00	2.076728598808e+00
4.63000000e-01	1.692969907608e+00	2.079972266601e+00
4.64000000e-01	1.695051505155e+00	2.083224209150e+00
4.65000000e-01	1.697136358801e+00	2.086484474381e+00
4.66000000e-01	1.699224476894e+00	2.089753110515e+00
4.67000000e-01	1.701315867828e+00	2.093030166068e+00
4.68000000e-01	1.703410540049e+00	2.096315689852e+00
4.69000000e-01	1.705508502047e+00	2.099609730980e+00
4.70000000e-01	1.707609762366e+00	2.102912338867e+00
4.71000000e-01	1.709714329597e+00	2.106223563231e+00
4.72000000e-01	1.711822212381e+00	2.109543454099e+00
4.73000000e-01	1.713933419411e+00	2.112872061805e+00
4.74000000e-01	1.716047959428e+00	2.116209436995e+00
4.75000000e-01	1.718165841224e+00	2.119555630630e+00
4.76000000e-01	1.720287073645e+00	2.122910693986e+00
4.77000000e-01	1.722411665586e+00	2.126274678658e+00
4.78000000e-01	1.724539625994e+00	2.129647636562e+00
4.79000000e-01	1.726670963868e+00	2.133029619938e+00
4.80000000e-01	1.728805688260e+00	2.136420681352e+00
4.81000000e-01	1.730943808274e+00	2.139820873700e+00
4.82000000e-01	1.733085333068e+00	2.143230250208e+00
4.83000000e-01	1.735230271854e+00	2.146648864435e+00
4.84000000e-01	1.737378633894e+00	2.150076770279e+00
4.85000000e-01	1.739530428510e+00	2.153514021975e+00
4.86000000e-01	1.741685665072e+00	2.156960674101e+00
4.87000000e-01	1.743844353010e+00	2.160416781580e+00
4.88000000e-01	1.746006501805e+00	2.163882399680e+00
4.89000000e-01	1.748172120998e+00	2.167357584022e+00
4.90000000e-01	1.750341220181e+00	2.170842390577e+00
4.91000000e-01	1.752513809005e+00	2.174336875674e+00
4.92000000e-01	1.754689897177e+00	2.177841095997e+00
4.93000000e-01	1.756869494461e+00	2.181355108596e+00
4.94000000e-01	1.759052610678e+00	2.184878970880e+00
4.95000000e-01	1.761239255705e+00	2.188412740629e+00
4.96000000e-01	1.763429439481e+00	2.191956475989e+00
4.97000000e-01	1.765623171999e+00	2.195510235484e+00
4.98000000e-01	1.767820463313e+00	2.199074078008e+00
4.99000000e-01	1.770021323535e+00	2.202648062839e+00
5.00000000e-01	1.772225762839e+00	2.206232249633e+00
5.01000000e-01	1.774433791455e+00	2.209826698433e+00
5.02000000e-01	1.776645419677e+00	2.213431469669e+00
5.03000000e-01	1.778860657856e+00	2.217046624164e+00
5.04000000e-01	1.781079516406e+00	2.220672223133e+00
5.05000000e-01	1.783302005804e+00	2.224308328190e+00
5.06000000e-01	1.785528136586e+00	2.227955001348e+00
5.07000000e-01	1.787757919350e+00	2.231612305027e+00
5.08000000e-01	1.789991364760e+00	2.235280302051e+00
5.09000000e-01	1.792228483540e+00	2.238959055657e+00
5.10000000e-01	1.794469286478e+00	2.242648629494e+00
5.11000000e-01	1.796713784427e+00	2.246349087630e+00
5.12000000e-01	1.798961988303e+00	2.250060494552e+00
5.13000000e-01	1.801213909087e+00	2.253782915173e+00
5.14000000e-01	1.803469557826e+00	2.257516414832e+00
5.15000000e-01	1.805728945632e+00	2.261261059300e+00
5.16000000e-01	1.807992083682e+00	2.265016914781e+00
5.17000000e-01	1.810258983221e+00	2.268784047921e+00
5.18000000e-01	1.812529655559e+00	2.272562525803e+00
5.19000000e-01	1.814804112076e+00	2.276352415959e+00
5.20000000e-01	1.817082364218e+00	2.280153786370e+00
5.21000000e-01	1.819364423499e+00	2.283966705467e+00
5.22000000e-01	1.821650301501e+00	2.287791242141e+00
5.23000000e-01	1.823940009879e+00	2.291627465742e+00
5.24000000e-01	1.826233560352e+00	2.295475446084e+00
5.25000000e-01	1.828530964713e+00	2.299335253449e+00
5.26000000e-01	1.830832234825e+00	2.303206958593e+00
5.27000000e-01	1.833137382620e+00	2.307090632744e+00
5.28000000e-01	1.835446420104e+00	2.310986347615e+00
5.29000000e-01	1.837759359353e+00	2.314894175399e+00
5.30000000e-01	1.840076212516e+00	2.318814188779e+00
5.31000000e-01	1.842396991817e+00	2.322746460929e+00
5.32000000e-01	1.844721709549e+00	2.326691065522e+00
5.33000000e-01	1.847050378083e+00	2.330648076727e+00
5.34000000e-01	1.849383009863e+00	2.334617569222e+00
5.35000000e-01	1.851719617407e+00	2.338599618191e+00
5.36000000e-01	1.854060213310e+00	2.342594299334e+00
5.37000000e-01	1.856404810242e+00	2.346601688866e+00
5.38000000e-01	1.858753420949e+00	2.350621863526e+00
5.39000000e-01	1.861106058256e+00	2.354654900578e+00
5.40000000e-01	1.863462735064e+00	2.358700877818e+00
5.41000000e-01	1.865823464352e+00	2.362759873578e+00
5.42000000e-01	1.868188259177e+00	2.366831966729e+00
5.43000000e-01	1.870557132677e+00	2.370917236688e+00
5.44000000e-01	1.872930098069e+00	2.375015763419e+00
5.45000000e-01	1.875307168650e+00	2.379127627443e+00
5.46000000e-01	1.877688357797e+00	2.383252909839e+00
5.47000000e-01	1.880073678970e+00	2.387391692249e+00
5.48000000e-01	1.882463145709e+00	2.391544056884e+00
5.49000000e-01	1.884856771638e+00	2.395710086529e+00
5.50000000e-01	1.887254570465e+00	2.399889864547e+00
5.51000000e-01	1.889656555978e+00	2.404083474884e+00
5.52000000e-01	1.892062742053e+00	2.408291002076e+00
5.53000000e-01	1.894473142650e+00	2.412512531251e+00
5.54000000e-01	1.896887771812e+00	2.416748148138e+00
5.55000000e-01	1.899306643671e+00	2.420997939069e+00
5.56000000e-01	1.901729772444e+00	2.425261990984e+00
5.57000000e-01	1.904157172435e+00	2.429540391440e+00
5.58000000e-01	1.906588858039e+00	2.433833228614e+00
5.59000000e-01	1.909024843734e+00	2.438140591307e+00
5.60000000e-01	1.911465144093e+00	2.442462568952e+00
5.61000000e-01	1.913909773774e+00	2.446799251618e+00
5.62000000e-01	1.916358747528e+00	2.451150730018e+00
5.63000000e-01	1.918812080196e+00	2.455517095512e+00
5.64000000e-01	1.921269786712e+00	2.459898440113e+00
5.65000000e-01	1.923731882101e+00	2.464294856494e+00
5.66000000e-01	1.926198381480e+00	2.468706437994e+00
5.67000000e-01	1.928669300063e+00	2.473133278622e+00
5.68000000e-01	1.931144653155e+00	2.477575473066e+00
5.69000000e-01	1.933624456159e+00	2.482033116697e+00
5.70000000e-01	1.936108724570e+00	2.486506305573e+00
5.71000000e-01	1.938597473984e+00	2.490995136451e+00
5.72000000e-01	1.941090720090e+00	2.495499706788e+00
5.73000000e-01	1.943588478677e+00	2.500020114749e+00
5.74000000e-01	1.946090765631e+00	2.504556459216e+00
5.75000000e-01	1.948597596940e+00	2.509108839788e+00
5.76000000e-01	1.951108988690e+00	2.513677356795e+00
5.77000000e-01	1.953624957067e+00	2.518262111300e+00
5.78000000e-01	1.956145518359e+00	2.522863205107e+00
5.79000000e-01	1.958670688957e+00	2.527480740765e+00
5.80000000e-01	1.961200485355e+00	2.532114821582e+00
5.81000000e-01	1.963734924150e+00	2.536765551623e+00
5.82000000e-01	1.966274022043e+00	2.541433035723e+00
5.83000000e-01	1.968817795842e+00	2.546117379493e+00
5.84000000e-01	1.971366262458e+00	2.550818689323e+00
5.85000000e-01	1.973919438911e+00	2.555537072397e+00
5.86000000e-01	1.976477342330e+00	2.560272636691e+00
5.87000000e-01	1.979039989948e+00	2.565025490989e+00
5.88000000e-01	1.981607399111e+00	2.569795744883e+00
5.89000000e-01	1.984179587274e+00	2.574583508787e+00
5.90000000e-01	1.986756572003e+00	2.579388893939e+00
5.91000000e-01	1.989338370973e+00	2.584212012413e+00
5.92000000e-01	1.991925001976e+00	2.589052977123e+00
5.93000000e-01	1.994516482914e+00	2.593911901834e+00
5.94000000e-01	1.997112831805e+00	2.598788901169e+00
5.95000000e-01	1.999714066780e+00	2.603684090616e+00
5.96000000e-01	2.002320206088e+00	2.608597586535e+00
5.97000000e-01	2.004931268094e+00	2.613529506171e+00
5.98000000e-01	2.007547271281e+00	2.618479967657e+00
5.99000000e-01	2.010168234250e+00	2.623449090026e+00
6.00000000e-01	2.012794175721e+00	2.628436993216e+00
6.01000000e-01	2.015425114537e+00	2.633443798083e+00
6.02000000e-01	2.018061069659e+00	2.638469626404e+00
6.03000000e-01	2.020702060172e+00	2.643514600893e+00
6.04000000e-01	2.023348105284e+00	2.648578845201e+00
6.05000000e-01	2.025999224327e+00	2.653662483933e+00
6.06000000e-01	2.028655436758e+00	2.658765642653e+00
6.07000000e-01	2.031316762161e+00	2.663888447893e+00
6.08000000e-01	2.033983220245e+00	2.669031027165e+00
6.09000000e-01	2.036654830850e+00	2.674193508965e+00
6.10000000e-01	2.039331613941e+00	2.679376022789e+00
6.11000000e-01	2.042013589616e+00	2.684578699138e+00
6.12000000e-01	2.044700778104e+00	2.689801669529e+00
6.13000000e-01	2.047393199764e+00	2.695045066506e+00
6.14000000e-01	2.050090875090e+00	2.700309023648e+00
6.15000000e-01	2.052793824709e+00	2.705593675579e+00
6.16000000e-01	2.055502069385e+00	2.710899157980e+00
6.17000000e-01	2.058215630014e+00	2.716225607598e+00
6.18000000e-01	2.060934527635e+00	2.721573162255e+00
6.19000000e-01	2.063658783420e+00	2.726941960862e+00
6.20000000e-01	2.066388418685e+00	2.732332143425e+00
6.21000000e-01	2.069123454882e+00	2.737743851061e+00
6.22000000e-01	2.071863913609e+00	2.743177226004e+00
6.23000000e-01	2.074609816604e+00	2.748632411619e+00
6.24000000e-01	2.077361185751e+00	2.754109552412e+00
6.25000000e-01	2.080118043076e+00	2.759608794039e+00
6.26000000e-01	2.082880410755e+00	2.765130283323e+00
6.27000000e-01	2.085648311108e+00	2.770674168261e+00
6.28000000e-01	2.088421766606e+00	2.776240598035e+00
6.29000000e-01	2.091200799869e+00	2.781829723026e+00
6.30000000e-01	2.093985433668e+00	2.787441694828e+00
6.31000000e-01	2.096775690925e+00	2.793076666255e+00
6.32000000e-01	2.099571594718e+00	2.798734791354e+00
6.33000000e-01	2.102373168278e+00	2.804416225422e+00
6.34000000e-01	2.105180434991e+00	2.810121125013e+00
6.35000000e-01	2.107993418402e+00	2.815849647955e+00
6.36000000e-01	2.110812142214e+00	2.821601953357e+00
6.37000000e-01	2.113636630290e+00	2.827378201629e+00
6.38000000e-01	2.116466906652e+00	2.833178554490e+00
6.39000000e-01	2.119302995488e+00	2.839003174983e+00
6.40000000e-01	2.122144921146e+00	2.844852227487e+00
6.41000000e-01	2.124992708142e+00	2.850725877733e+00
6.42000000e-01	2.127846381157e+00	2.856624292816e+00
6.43000000e-01	2.130705965039e+00	2.862547641210e+00
6.44000000e-01	2.133571484807e+00	2.868496092778e+00
6.45000000e-01	2.136442965649e+00	2.874469818792e+00
6.46000000e-01	2.139320432927e+00	2.880468991945e+00
6.47000000e-01	2.142203912174e+00	2.886493786364e+00
6.48000000e-01	2.145093429098e+00	2.892544377625e+00
6.49000000e-01	2.147989009587e+00	2.898620942771e+00
6.50000000e-01	2.150890679701e+00	2.904723660323e+00
6.51000000e-01	2.153798465685e+00	2.910852710299e+00
6.52000000e-01	2.156712393960e+00	2.917008274225e+00
6.53000000e-01	2.159632491132e+00	2.923190535155e+00
6.54000000e-01	2.162558783991e+00	2.929399677684e+00
6.55000000e-01	2.165491299510e+00	2.935635887966e+00
6.56000000e-01	2.168430064852e+00	2.941899353728e+00
6.57000000e-01	2.171375107366e+00	2.948190264287e+00
6.58000000e-01	2.174326454592e+00	2.954508810569e+00
6.59000000e-01	2.177284134263e+00	2.960855185123e+00
6.60000000e-01	2.180248174303e+00	2.967229582138e+00
6.61000000e-01	2.183218602833e+00	2.973632197463e+00
6.62000000e-01	2.186195448170e+00	2.980063228620e+00
6.63000000e-01	2.189178738829e+00	2.986522874828e+00
6.64000000e-01	2.192168503525e+00	2.993011337012e+00
6.65000000e-01	2.195164771176e+00	2.999528817831e+00
6.66000000e-01	2.198167570902e+00	3.006075521690e+00
6.67000000e-01	2.201176932029e+00	3.012651654757e+00
6.68000000e-01	2.204192884090e+00	3.019257424990e+00
6.69000000e-01	2.207215456828e+00	3.025893042147e+00
6.70000000e-01	2.210244680194e+00	3.032558717811e+00
6.71000000e-01	2.213280584354e+00	3.039254665406e+00
6.72000000e-01	2.216323199687e+00	3.045981100220e+00
6.73000000e-01	2.219372556789e+00	3.052738239423e+00
6.74000000e-01	2.222428686474e+00	3.059526302087e+00
6.75000000e-01	2.225491619775e+00	3.066345509208e+00
6.76000000e-01	2.228561387948e+00	3.073196083724e+00
6.77000000e-01	2.231638022473e+00	3.080078250540e+00
6.78000000e-01	2.234721555056e+00	3.086992236547e+00
6.79000000e-01	2.237812017629e+00	3.093938270642e+00
6.80000000e-01	2.240909442357e+00	3.100916583755e+00
6.81000000e-01	2.244013861634e+00	3.107927408863e+00
6.82000000e-01	2.247125308090e+00	3.114970981022e+00
6.83000000e-01	2.250243814591e+00	3.122047537383e+00
6.84000000e-01	2.253369414239e+00	3.129157317215e+00
6.85000000e-01	2.256502140380e+00	3.136300561934e+00
6.86000000e-01	2.259642026599e+00	3.143477515120e+00
6.87000000e-01	2.262789106728e+00	3.150688422545e+00
6.88000000e-01	2.265943414845e+00	3.157933532195e+00
6.89000000e-01	2.269104985277e+00	3.165213094296e+00
6.90000000e-01	2.272273852602e+00	3.172527361340e+00
6.91000000e-01	2.275450051653e+00	3.179876588107e+00
6.92000000e-01	2.278633617517e+00	3.187261031691e+00
6.93000000e-01	2.281824585541e+00	3.194680951529e+00
6.94000000e-01	2.285022991333e+00	3.202136609424e+00
6.95000000e-01	2.288228870761e+00	3.209628269574e+00
6.96000000e-01	2.291442259961e+00	3.217156198596e+00
6.97000000e-01	2.294663195337e+00	3.224720665556e+00
6.98000000e-01	2.297891713562e+00	3.232321941995e+00
6.99000000e-01	2.301127851583e+00	3.239960301957e+00
7.00000000e-01	2.304371646620e+00	3.247636022020e+00
7.01000000e-01	2.307623136173e+00	3.255349381319e+00
7.02000000e-01	2.310882358023e+00	3.263100661582e+00
7.03000000e-01	2.314149350231e+00	3.270890147154e+00
7.04000000e-01	2.317424151148e+00	3.278718125031e+00
7.05000000e-01	2.320706799409e+00	3.286584884887e+00
7.06000000e-01	2.323997333942e+00	3.294490719107e+00
7.07000000e-01	2.327295793970e+00	3.302435922817e+00
7.08000000e-01	2.330602219010e+00	3.310420793915e+00
7.09000000e-01	2.333916648880e+00	3.318445633107e+00
7.10000000e-01	2.337239123700e+00	3.326510743933e+00
7.11000000e-01	2.340569683894e+00	3.334616432804e+00
7.12000000e-01	2.343908370195e+00	3.342763009036e+00
7.13000000e-01	2.347255223646e+00	3.350950784880e+00
7.14000000e-01	2.350610285603e+00	3.359180075562e+00
7.15000000e-01	2.353973597741e+00	3.367451199312e+00
7.16000000e-01	2.357345202053e+00	3.375764477401e+00
7.17000000e-01	2.360725140855e+00	3.384120234178e+00
7.18000000e-01	2.364113456790e+00	3.392518797107e+00
7.19000000e-01	2.367510192828e+00	3.400960496799e+00
7.20000000e-01	2.370915392274e+00	3.409445667056e+00
7.21000000e-01	2.374329098765e+00	3.417974644901e+00
7.22000000e-01	2.377751356280e+00	3.426547770624e+00
7.23000000e-01	2.381182209137e+00	3.435165387815e+00
7.24000000e-01	2.384621702001e+00	3.443827843406e+00
7.25000000e-01	2.388069879886e+00	3.452535487710e+00
7.26000000e-01	2.391526788157e+00	3.461288674463e+00
7.27000000e-01	2.394992472535e+00	3.470087760861e+00
7.28000000e-01	2.398466979099e+00	3.478933107608e+00
7.29000000e-01	2.401950354292e+00	3.487825078953e+00
7.30000000e-01	2.405442644921e+00	3.496764042732e+00
7.31000000e-01	2.408943898165e+00	3.505750370418e+00
7.32000000e-01	2.412454161575e+00	3.514784437159e+00
7.33000000e-01	2.415973483079e+00	3.523866621823e+00
7.34000000e-01	2.419501910986e+00	3.532997307047e+00
7.35000000e-01	2.423039493989e+00	3.542176879280e+00
7.36000000e-01	2.426586281170e+00	3.551405728829e+00
7.37000000e-01	2.430142322003e+00	3.560684249911e+00
7.38000000e-01	2.433707666359e+00	3.570012840694e+00
7.39000000e-01	2.437282364509e+00	3.579391903351e+00
7.40000000e-01	2.440866467125e+00	3.588821844107e+00
7.41000000e-01	2.444460025293e+00	3.598303073292e+00
7.42000000e-01	2.448063090506e+00	3.607836005386e+00
7.43000000e-01	2.451675714678e+00	3.617421059078e+00
7.44000000e-01	2.455297950139e+00	3.627058657311e+00
7.45000000e-01	2.458929849649e+00	3.636749227340e+00
7.46000000e-01	2.462571466395e+00	3.646493200786e+00
7.47000000e-01	2.466222853997e+00	3.656291013688e+00
7.48000000e-01	2.469884066516e+00	3.666143106559e+00
7.49000000e-01	2.473555158452e+00	3.676049924443e+00
7.50000000e-01	2.477236184756e+00	3.686011916975e+00
7.51000000e-01	2.480927200829e+00	3.696029538433e+00
7.52000000e-01	2.484628262529e+00	3.706103247800e+00
7.53000000e-01	2.488339426175e+00	3.716233508827e+00
7.54000000e-01	2.492060748553e+00	3.726420790088e+00
7.55000000e-01	2.495792286920e+00	3.736665565044e+00
7.56000000e-01	2.499534099007e+00	3.746968312106e+00
7.57000000e-01	2.503286243029e+00	3.757329514700e+00
7.58000000e-01	2.507048777685e+00	3.767749661326e+00
7.59000000e-01	2.510821762164e+00	3.778229245628e+00
7.60000000e-01	2.514605256155e+00	3.788768766462e+00
7.61000000e-01	2.518399319844e+00	3.799368727957e+00
7.62000000e-01	2.522204013927e+00	3.810029639588e+00
7.63000000e-01	2.526019399611e+00	3.820752016246e+00
7.64000000e-01	2.529845538621e+00	3.831536378306e+00
7.65000000e-01	2.533682493205e+00	3.842383251699e+00
7.66000000e-01	2.537530326139e+00	3.853293167986e+00
7.67000000e-01	2.541389100734e+00	3.864266664432e+00
7.68000000e-01	2.545258880842e+00	3.875304284081e+00
7.69000000e-01	2.549139730860e+00	3.886406575828e+00
7.70000000e-01	2.553031715736e+00	3.897574094504e+00
7.71000000e-01	2.556934900978e+00	3.908807400949e+00
7.72000000e-01	2.560849352656e+00	3.920107062092e+00
7.73000000e-01	2.564775137411e+00	3.931473651035e+00
7.74000000e-01	2.568712322461e+00	3.942907747134e+00
7.75000000e-01	2.572660975603e+00	3.954409936080e+00
7.76000000e-01	2.576621165228e+00	3.965980809988e+00
7.77000000e-01	2.580592960318e+00	3.977620967483e+00
7.78000000e-01	2.584576430459e+00	3.989331013783e+00
7.79000000e-01	2.588571645845e+00	4.001111560795e+00
7.80000000e-01	2.592578677287e+00	4.012963227198e+00
7.81000000e-01	2.596597596215e+00	4.024886638542e+00
7.82000000e-01	2.600628474690e+00	4.036882427338e+00
7.83000000e-01	2.604671385408e+00	4.048951233151e+00
7.84000000e-01	2.608726401710e+00	4.061093702701e+00
7.85000000e-01	2.612793597586e+00	4.073310489958e+00
7.86000000e-01	2.616873047683e+00	4.085602256243e+00
7.87000000e-01	2.620964827315e+00	4.097969670326e+00
7.88000000e-01	2.625069012465e+00	4.110413408534e+00
7.89000000e-01	2.629185679801e+00	4.122934154854e+00
7.90000000e-01	2.633314906675e+00	4.135532601034e+00
7.91000000e-01	2.637456771136e+00	4.148209446701e+00
7.92000000e-01	2.641611351937e+00	4.160965399460e+00
7.93000000e-01	2.645778728542e+00	4.173801175013e+00
7.94000000e-01	2.649958981136e+00	4.186717497272e+00
7.95000000e-01	2.654152190630e+00	4.199715098470e+00
7.96000000e-01	2.658358438673e+00	4.212794719281e+00
7.97000000e-01	2.662577807658e+00	4.225957108941e+00
7.98000000e-01	2.666810380733e+00	4.239203025365e+00
7.99000000e-01	2.671056241806e+00	4.252533235274e+00
8.00000000e-01	2.675315475560e+00	4.265948514319e+00
8.01000000e-01	2.679588167453e+00	4.279449647206e+00
8.02000000e-01	2.683874403736e+00	4.293037427831e+00
8.03000000e-01	2.688174271459e+00	4.306712659407e+00
8.04000000e-01	2.692487858476e+00	4.320476154598e+00
8.05000000e-01	2.696815253463e+00	4.334328735660e+00
8.06000000e-01	2.701156545920e+00	4.348271234575e+00
8.07000000e-01	2.705511826185e+00	4.362304493193e+00
8.08000000e-01	2.709881185444e+00	4.376429363376e+00
8.09000000e-01	2.714264715737e+00	4.390646707145e+00
8.10000000e-01	2.718662509973e+00	4.404957396826e+00
8.11000000e-01	2.723074661940e+00	4.419362315201e+00
8.12000000e-01	2.727501266311e+00	4.433862355665e+00
8.13000000e-01	2.731942418660e+00	4.448458422379e+00
8.14000000e-01	2.736398215469e+00	4.463151430428e+00
8.15000000e-01	2.740868754143e+00	4.477942305988e+00
8.16000000e-01	2.745354133016e+00	4.492831986483e+00
8.17000000e-01	2.749854451367e+00	4.507821420760e+00
8.18000000e-01	2.754369809429e+00	4.522911569254e+00
8.19000000e-01	2.758900308401e+00	4.538103404164e+00
8.20000000e-01	2.763446050460e+00	4.553397909628e+00
8.21000000e-01	2.768007138775e+00	4.568796081905e+00
8.22000000e-01	2.772583677516e+00	4.584298929556e+00
8.23000000e-01	2.777175771867e+00	4.599907473629e+00
8.24000000e-01	2.781783528040e+00	4.615622747850e+00
8.25000000e-01	2.786407053288e+00	4.631445798816e+00
8.26000000e-01	2.791046455916e+00	4.647377686193e+00
8.27000000e-01	2.795701845296e+00	4.663419482909e+00
8.28000000e-01	2.800373331880e+00	4.679572275366e+00
8.29000000e-01	2.805061027212e+00	4.695837163642e+00
8.30000000e-01	2.809765043944e+00	4.712215261702e+00
8.31000000e-01	2.814485495848e+00	4.728707697616e+00
8.32000000e-01	2.819222497832e+00	4.745315613775e+00
8.33000000e-01	2.823976165955e+00	4.762040167113e+00
8.34000000e-01	2.828746617436e+00	4.778882529335e+00
8.35000000e-01	2.833533970678e+00	4.795843887151e+00
8.36000000e-01	2.838338345276e+00	4.812925442505e+00
8.37000000e-01	2.843159862035e+00	4.830128412820e+00
8.38000000e-01	2.847998642984e+00	4.847454031239e+00
8.39000000e-01	2.852854811396e+00	4.864903546874e+00
8.40000000e-01	2.857728491799e+00	4.882478225063e+00
8.41000000e-01	2.862619809994e+00	4.900179347622e+00
8.42000000e-01	2.867528893075e+00	4.918008213112e+00
8.43000000e-01	2.872455869440e+00	4.935966137107e+00
8.44000000e-01	2.877400868813e+00	4.954054452463e+00
8.45000000e-01	2.882364022258e+00	4.972274509602e+00
8.46000000e-01	2.887345462202e+00	4.990627676791e+00
8.47000000e-01	2.892345322444e+00	5.009115340432e+00
8.48000000e-01	2.897363738183e+00	5.027738905358e+00
8.49000000e-01	2.902400846029e+00	5.046499795130e+00
8.50000000e-01	2.907456784028e+00	5.065399452346e+00
8.51000000e-01	2.912531691677e+00	5.084439338950e+00
8.52000000e-01	2.917625709943e+00	5.103620936553e+00
8.53000000e-01	2.922738981287e+00	5.122945746752e+00
8.54000000e-01	2.927871649681e+00	5.142415291468e+00
8.55000000e-01	2.933023860629e+00	5.162031113273e+00
8.56000000e-01	2.938195761188e+00	5.181794775743e+00
8.57000000e-01	2.943387499989e+00	5.201707863801e+00
8.58000000e-01	2.948599227259e+00	5.221771984076e+00
8.59000000e-01	2.953831094844e+00	5.241988765272e+00
8.60000000e-01	2.959083256227e+00	5.262359858530e+00
8.61000000e-01	2.964355866556e+00	5.282886937815e+00
8.62000000e-01	2.969649082663e+00	5.303571700298e+00
8.63000000e-01	2.974963063091e+00	5.324415866753e+00
8.64000000e-01	2.980297968113e+00	5.345421181955e+00
8.65000000e-01	2.985653959760e+00	5.366589415094e+00
8.66000000e-01	2.991031201847e+00	5.387922360190e+00
8.67000000e-01	2.996429859991e+00	5.409421836523e+00
8.68000000e-01	3.001850101645e+00	5.431089689068e+00
8.69000000e-01	3.007292096118e+00	5.452927788936e+00
8.70000000e-01	3.012756014604e+00	5.474938033832e+00
8.71000000e-01	3.018242030208e+00	5.497122348517e+00
8.72000000e-01	3.023750317975e+00	5.519482685277e+00
8.73000000e-01	3.029281054913e+00	5.542021024409e+00
8.74000000e-01	3.034834420027e+00	5.564739374713e+00
8.75000000e-01	3.040410594345e+00	5.587639773991e+00
8.76000000e-01	3.046009760947e+00	5.610724289566e+00
8.77000000e-01	3.051632104995e+00	5.633995018798e+00
8.78000000e-01	3.057277813764e+00	5.657454089625e+00
8.79000000e-01	3.062947076674e+00	5.681103661107e+00
8.80000000e-01	3.068640085317e+00	5.704945923983e+00
8.81000000e-01	3.074357033493e+00	5.728983101239e+00
8.82000000e-01	3.080098117242e+00	5.753217448692e+00
8.83000000e-01	3.085863534877e+00	5.777651255585e+00
8.84000000e-01	3.091653487014e+00	5.802286845188e+00
8.85000000e-01	3.097468176613e+00	5.827126575424e+00
8.86000000e-01	3.103307809009e+00	5.852172839499e+00
8.87000000e-01	3.109172591946e+00	5.877428066546e+00
8.88000000e-01	3.115062735618e+00	5.902894722294e+00
8.89000000e-01	3.120978452701e+00	5.928575309732e+00
8.90000000e-01	3.126919958394e+00	5.954472369811e+00
8.91000000e-01	3.132887470458e+00	5.980588482137e+00
8.92000000e-01	3.138881209249e+00	6.006926265701e+00
8.93000000e-01	3.144901397765e+00	6.033488379611e+00
8.94000000e-01	3.150948261684e+00	6.060277523847e+00
8.95000000e-01	3.157022029403e+00	6.087296440028e+00
8.96000000e-01	3.163122932082e+00	6.114547912199e+00
8.97000000e-01	3.169251203688e+00	6.142034767638e+00
8.98000000e-01	3.175407081035e+00	6.169759877677e+00
8.99000000e-01	3.181590803833e+00	6.197726158542e+00
9.00000000e-01	3.187802614730e+00	6.225936572212e+00
9.01000000e-01	3.194042759358e+00	6.254394127303e+00
9.02000000e-01	3.200311486383e+00	6.283101879962e+00
9.03000000e-01	3.206609047551e+00	6.312062934791e+00
9.04000000e-01	3.212935697737e+00	6.341280445786e+00
9.05000000e-01	3.219291694995e+00	6.370757617302e+00
9.06000000e-01	3.225677300610e+00	6.400497705033e+00
9.07000000e-01	3.232092779146e+00	6.430504017028e+00
9.08000000e-01	3.238538398505e+00	6.460779914714e+00
9.09000000e-01	3.245014429976e+00	6.491328813958e+00
9.10000000e-01	3.251521148290e+00	6.522154186143e+00
9.11000000e-01	3.258058831681e+00	6.553259559274e+00
9.12000000e-01	3.264627761937e+00	6.584648519112e+00
9.13000000e-01	3.271228224462e+00	6.616324710329e+00
9.14000000e-01	3.277860508336e+00	6.648291837700e+00
9.15000000e-01	3.284524906371e+00	6.680553667308e+00
9.16000000e-01	3.291221715180e+00	6.713114027795e+00
9.17000000e-01	3.297951235234e+00	6.745976811633e+00
9.18000000e-01	3.304713770929e+00	6.779145976428e+00
9.19000000e-01	3.311509630654e+00	6.812625546253e+00
9.20000000e-01	3.318339126853e+00	6.846419613019e+00
9.21000000e-01	3.325202576099e+00	6.880532337877e+00
9.22000000e-01	3.332100299158e+00	6.914967952651e+00
9.23000000e-01	3.339032621068e+00	6.949730761309e+00
9.24000000e-01	3.345999871204e+00	6.984825141473e+00
9.25000000e-01	3.353002383358e+00	7.020255545961e+00
9.26000000e-01	3.360040495813e+00	7.056026504371e+00
9.27000000e-01	3.367114551420e+00	7.092142624702e+00
9.28000000e-01	3.374224897678e+00	7.128608595021e+00
9.29000000e-01	3.381371886815e+00	7.165429185162e+00
9.30000000e-01	3.388555875872e+00	7.202609248480e+00
9.31000000e-01	3.395777226782e+00	7.240153723638e+00
9.32000000e-01	3.403036306464e+00	7.278067636450e+00
9.33000000e-01	3.410333486905e+00	7.316356101761e+00
9.34000000e-01	3.417669145252e+00	7.355024325382e+00
9.35000000e-01	3.425043663907e+00	7.394077606076e+00
9.36000000e-01	3.432457430614e+00	7.433521337585e+00
9.37000000e-01	3.439910838561e+00	7.473361010724e+00
9.38000000e-01	3.447404286478e+00	7.513602215519e+00
9.39000000e-01	3.454938178732e+00	7.554250643404e+00
9.40000000e-01	3.462512925436e+00	7.595312089477e+00
9.41000000e-01	3.470128942550e+00	7.636792454815e+00
9.42000000e-01	3.477786651987e+00	7.678697748847e+00
9.43000000e-01	3.485486481729e+00	7.721034091797e+00
9.44000000e-01	3.493228865931e+00	7.763807717184e+00
9.45000000e-01	3.501014245039e+00	7.807024974395e+00
9.46000000e-01	3.508843065911e+00	7.850692331327e+00
9.47000000e-01	3.516715781930e+00	7.894816377093e+00
9.48000000e-01	3.524632853131e+00	7.939403824814e+00
9.49000000e-01	3.532594746326e+00	7.984461514477e+00
9.50000000e-01	3.540601935229e+00	8.029996415872e+00
9.51000000e-01	3.548654900594e+00	8.076015631616e+00
9.52000000e-01	3.556754130342e+00	8.122526400256e+00
9.53000000e-01	3.564900119703e+00	8.169536099457e+00
9.54000000e-01	3.573093371356e+00	8.217052249280e+00
9.55000000e-01	3.581334395572e+00	8.265082515553e+00
9.56000000e-01	3.589623710362e+00	8.313634713336e+00
9.57000000e-01	3.597961841630e+00	8.362716810482e+00
9.58000000e-01	3.606349323323e+00	8.412336931301e+00
9.59000000e-01	3.614786697593e+00	8.462503360326e+00
9.60000000e-01	3.623274514960e+00	8.513224546189e+00
9.61000000e-01	3.631813334475e+00	8.564509105606e+00
9.62000000e-01	3.640403723890e+00	8.616365827479e+00
9.63000000e-01	3.649046259837e+00	8.668803677116e+00
9.64000000e-01	3.657741528001e+00	8.721831800568e+00
9.65000000e-01	3.666490123304e+00	8.775459529108e+00
9.66000000e-01	3.675292650099e+00	8.829696383820e+00
9.67000000e-01	3.684149722350e+00	8.884552080343e+00
9.68000000e-01	3.693061963843e+00	8.940036533742e+00
9.69000000e-01	3.702030008374e+00	8.996159863531e+00
9.70000000e-01	3.711054499969e+00	9.052932398845e+00
9.71000000e-01	3.720136093086e+00	9.110364683762e+00
9.72000000e-01	3.729275452839e+00	9.168467482793e+00
9.73000000e-01	3.738473255217e+00	9.227251786533e+00
9.74000000e-01	3.747730187318e+00	9.286728817489e+00
9.75000000e-01	3.757046947579e+00	9.346910036075e+00
9.76000000e-01	3.766424246018e+00	9.407807146810e+00
9.77000000e-01	3.775862804485e+00	9.469432104688e+00
9.78000000e-01	3.785363356911e+00	9.531797121756e+00
9.79000000e-01	3.794926649570e+00	9.594914673897e+00
9.80000000e-01	3.804553441349e+00	9.658797507821e+00
9.81000000e-01	3.814244504018e+00	9.723458648280e+00
9.82000000e-01	3.824000622515e+00	9.788911405506e+00
9.83000000e-01	3.833822595233e+00	9.855169382891e+00
9.84000000e-01	3.843711234319e+00	9.922246484911e+00
9.85000000e-01	3.853667365978e+00	9.990156925300e+00
9.86000000e-01	3.863691830789e+00	1.005891523549e+01
9.87000000e-01	3.873785484021e+00	1.012853627333e+01
9.88000000e-01	3.883949195972e+00	1.019903523207e+01
9.89000000e-01	3.894183852301e+00	1.027042764968e+01
9.90000000e-01	3.904490354384e+00	1.034272941842e+01
9.91000000e-01	3.914869619669e+00	1.041595679475e+01
9.92000000e-01	3.925322582049e+00	1.049012640962e+01
9.93000000e-01	3.935850192236e+00	1.056525527901e+01
9.94000000e-01	3.946453418157e+00	1.064136081488e+01
9.95000000e-01	3.957133245356e+00	1.071846083651e+01
9.96000000e-01	3.967890677400e+00	1.079657358214e+01
9.97000000e-01	3.978726736313e+00	1.087571772113e+01
9.98000000e-01	3.989642463006e+00	1.095591236642e+01
9.99000000e-01	4.000638917732e+00	1.103717708746e+01
1.00000000e+00	4.011717180547e+00	1.111953192367e+01
1.00100000e+00	4.022878351786e+00	1.120299739819e+01
1.00200000e+00	4.034123552557e+00	1.128759453230e+01
1.00300000e+00	4.045453925243e+00	1.137334486022e+01
1.00400000e+00	4.056870634024e+00	1.146027044450e+01
1.00500000e+00	4.068374865413e+00	1.154839389192e+01
1.00600000e+00	4.079967828811e+00	1.163773836997e+01
1.00700000e+00	4.091650757072e+00	1.172832762395e+01
1.00800000e+00	4.103424907091e+00	1.182018599464e+01
1.00900000e+00	4.115291560411e+00	1.191333843666e+01
1.01000000e+00	4.127252023843e+00	1.200781053747e+01
1.01100000e+00	4.139307630111e+00	1.210362853707e+01
1.01200000e+00	4.151459738513e+00	1.220081934845e+01
1.01300000e+00	4.163709735606e+00	1.229941057878e+01
1.01400000e+00	4.176059035910e+00	1.239943055142e+01
1.01500000e+00	4.188509082635e+00	1.250090832872e+01
1.01600000e+00	4.201061348435e+00	1.260387373570e+01
1.01700000e+00	4.213717336178e+00	1.270835738467e+01
1.01800000e+00	4.226478579750e+00	1.281439070070e+01
1.01900000e+00	4.239346644880e+00	1.292200594821e+01
1.02000000e+00	4.252323129990e+00	1.303123625841e+01
1.02100000e+00	4.265409667082e+00	1.314211565802e+01
1.02200000e+00	4.278607922643e+00	1.325467909890e+01
1.02300000e+00	4.291919598585e+00	1.336896248904e+01
1.02400000e+00	4.305346433224e+00	1.348500272466e+01
1.02500000e+00	4.318890202277e+00	1.360283772362e+01
1.02600000e+00	4.332552719905e+00	1.372250646020e+01
1.02700000e+00	4.346335839786e+00	1.384404900128e+01
1.02800000e+00	4.360241456228e+00	1.396750654394e+01
1.02900000e+00	4.374271505316e+00	1.409292145469e+01
1.03000000e+00	4.388427966104e+00	1.422033731022e+01
1.03100000e+00	4.402712861846e+00	1.434979893994e+01
1.03200000e+00	4.417128261269e+00	1.448135247020e+01
1.03300000e+00	4.431676279894e+00	1.461504537042e+01
1.03400000e+00	4.446359081403e+00	1.475092650120e+01
1.03500000e+00	4.461178879057e+00	1.488904616438e+01
1.03600000e+00	4.476137937157e+00	1.502945615535e+01
1.03700000e+00	4.491238572573e+00	1.517220981755e+01
1.03800000e+00	4.506483156313e+00	1.531736209938e+01
1.03900000e+00	4.521874115162e+00	1.546496961353e+01
1.04000000e+00	4.537413933376e+00	1.561509069901e+01
1.04100000e+00	4.553105154440e+00	1.576778548584e+01
1.04200000e+00	4.568950382889e+00	1.592311596272e+01
1.04300000e+00	4.584952286211e+00	1.608114604763e+01
1.04400000e+00	4.601113596804e+00	1.624194166172e+01
1.04500000e+00	4.617437114020e+00	1.640557080650e+01
1.04600000e+00	4.633925706289e+00	1.657210364460e+01
1.04700000e+00	4.650582313316e+00	1.674161258429e+01
1.04800000e+00	4.667409948378e+00	1.691417236781e+01
1.04900000e+00	4.684411700694e+00	1.708986016403e+01
1.05000000e+00	4.701590737910e+00	1.726875566527e+01
1.05100000e+00	4.718950308667e+00	1.745094118894e+01
1.05200000e+00	4.736493745279e+00	1.763650178381e+01
1.05300000e+00	4.754224466522e+00	1.782552534166e+01
1.05400000e+00	4.772145980532e+00	1.801810271413e+01
1.05500000e+00	4.790261887830e+00	1.821432783542e+01
1.05600000e+00	4.808575884463e+00	1.841429785105e+01
1.05700000e+00	4.827091765287e+00	1.861811325293e+01
1.05800000e+00	4.845813427383e+00	1.882587802127e+01
1.05900000e+00	4.864744873614e+00	1.903769977365e+01
1.06000000e+00	4.883890216350e+00	1.925368992163e+01
1.06100000e+00	4.903253681332e+00	1.947396383544e+01
1.06200000e+00	4.922839611727e+00	1.969864101716e+01
1.06300000e+00	4.942652472343e+00	1.992784528293e+01
1.06400000e+00	4.962696854041e+00	2.016170495470e+01
1.06500000e+00	4.982977478341e+00	2.040035306218e+01
1.06600000e+00	5.003499202235e+00	2.064392755554e+01
1.06700000e+00	5.024267023217e+00	2.089257152956e+01
1.06800000e+00	5.045286084548e+00	2.114643345999e+01
1.06900000e+00	5.066561680757e+00	2.140566745273e+01
1.07000000e+00	5.088099263403e+00	2.167043350692e+01
1.07100000e+00	5.109904447107e+00	2.194089779256e+01
1.07200000e+00	5.131983015866e+00	2.221723294375e+01
1.07300000e+00	5.154340929671e+00	2.249961836853e+01
1.07400000e+00	5.176984331445e+00	2.278824057649e+01
1.07500000e+00	5.199919554315e+00	2.308329352512e+01
1.07600000e+00	5.223153129239e+00	2.338497898645e+01
1.07700000e+00	5.246691793018e+00	2.369350693513e+01
1.07800000e+00	5.270542496697e+00	2.400909595947e+01
1.07900000e+00	5.294712414399e+00	2.433197369709e+01
1.08000000e+00	5.319208952597e+00	2.466237729684e+01
1.08100000e+00	5.344039759876e+00	2.500055390880e+01
1.08200000e+00	5.369212737182e+00	2.534676120440e+01
1.08300000e+00	5.394736048627e+00	2.570126792885e+01
1.08400000e+00	5.420618132844e+00	2.606435448814e+01
1.08500000e+00	5.446867714963e+00	2.643631357312e+01
1.08600000e+00	5.473493819222e+00	2.681745082349e+01
1.08700000e+00	5.500505782265e+00	2.720808553462e+01
1.08800000e+00	5.527913267172e+00	2.760855141035e+01
1.08900000e+00	5.555726278261e+00	2.801919736539e+01
1.09000000e+00	5.583955176728e+00	2.844038838102e+01
1.09100000e+00	5.612610697158e+00	2.887250641826e+01
1.09200000e+00	5.641703964992e+00	2.931595139298e+01
1.09300000e+00	5.671246514997e+00	2.977114221795e+01
1.09400000e+00	5.701250310809e+00	3.023851791705e+01
1.09500000e+00	5.731727765639e+00	3.071853881751e+01
1.09600000e+00	5.762691764205e+00	3.121168782663e+01
1.09700000e+00	5.794155685989e+00	3.171847179984e+01
1.09800000e+00	5.826133429907e+00	3.223942300789e+01
1.09900000e+00	5.858639440507e+00	3.277510071130e+01
1.10000000e+00	5.891688735792e+00	3.332609285150e+01
1.10100000e+00	5.925296936797e+00	3.389301786854e+01
1.10200000e+00	5.959480299056e+00	3.447652665653e+01
1.10300000e+00	5.994255746095e+00	3.507730466899e+01
1.10400000e+00	6.029640905112e+00	3.569607418747e+01
1.10500000e+00	6.065654145010e+00	3.633359676824e+01
1.10600000e+00	6.102314616980e+00	3.699067588351e+01
1.10700000e+00	6.139642297820e+00	3.766815977495e+01
1.10800000e+00	6.177658036234e+00	3.836694453977e+01
1.10900000e+00	6.216383602327e+00	3.908797747128e+01
1.11000000e+00	6.255841740594e+00	3.983226067857e+01
1.11100000e+00	6.296056226670e+00	4.060085501246e+01
1.11200000e+00	6.337051928171e+00	4.139488432819e+01
1.11300000e+00	6.378854869984e+00	4.221554011834e+01
1.11400000e+00	6.421492304393e+00	4.306408655393e+01
1.11500000e+00	6.464992786456e+00	4.394186597546e+01
1.11600000e+00	6.509386255131e+00	4.485030488101e+01
1.11700000e+00	6.554704120655e+00	4.579092046403e+01
1.11800000e+00	6.600979358752e+00	4.676532775988e+01
1.11900000e+00	6.648246612335e+00	4.777524746741e+01
1.12000000e+00	6.696542301384e+00	4.882251452030e+01
1.12100000e+00	6.745904741812e+00	4.990908749228e+01
1.12200000e+00	6.796374274191e+00	5.103705893125e+01
1.12300000e+00	6.847993403317e+00	5.220866672979e+01
1.12400000e+00	6.900806949723e+00	5.342630665388e+01
1.12500000e+00	6.954862214344e+00	5.469254616803e+01
1.12600000e+00	7.010209157732e+00	5.601013971424e+01
1.12700000e+00	7.066900595341e+00	5.738204562387e+01
1.12800000e+00	7.124992410633e+00	5.881144486732e+01
1.12900000e+00	7.184543787941e+00	6.030176187581e+01
1.13000000e+00	7.245617467305e+00	6.185668770391e+01
1.13100000e+00	7.308280023769e+00	6.348020584196e+01
1.13200000e+00	7.372602173955e+00	6.517662103425e+01
1.13300000e+00	7.438659113134e+00	6.695059151421e+01
1.13400000e+00	7.506530886432e+00	6.880716513285e+01
1.13500000e+00	7.576302798339e+00	7.075181993295e+01
1.13600000e+00	7.648065865280e+00	7.279050981275e+01
1.13700000e+00	7.721917316699e+00	7.492971602979e+01
1.13800000e+00	7.797961150932e+00	7.717650542430e+01
1.13900000e+00	7.876308753081e+00	7.953859639413e+01
1.14000000e+00	7.957079583242e+00	8.202443383686e+01
1.14100000e+00	8.040401944742e+00	8.464327449529e+01
1.14200000e+00	8.126413843622e+00	8.740528440896e+01
1.14300000e+00	8.215263952456e+00	9.032165049702e+01
1.14400000e+00	8.307112693800e+00	9.340470869078e+01
1.14500000e+00	8.402133461244e+00	9.666809151399e+01
1.14600000e+00	8.500513999184e+00	1.001268985979e+02
1.14700000e+00	8.602457966299e+00	1.037978943438e+02
1.14800000e+00	8.708186712358e+00	1.076997378458e+02
1.14900000e+00	8.817941303613e+00	1.118532513029e+02
1.15000000e+00	8.931984838968e+00	1.162817345541e+02
1.15100000e+00	9.050605107569e+00	1.210113351247e+02
1.15200000e+00	9.174117648933e+00	1.260714854069e+02
1.15300000e+00	9.302869289707e+00	1.314954214273e+02
1.15400000e+00	9.437242247348e+00	1.373208012883e+02
1.15500000e+00	9.577658911342e+00	1.435904460524e+02
1.15600000e+00	9.724587438244e+00	1.503532319168e+02
1.15700000e+00	9.878548329482e+00	1.576651704769e+02
1.15800000e+00	1.004012220265e+01	1.655907243643e+02
1.15900000e+00	1.020995902095e+01	1.742044194776e+02
1.16000000e+00	1.038878911549e+01	1.835928337233e+02
1.16100000e+00	1.057743642718e+01	1.938570674892e+02
1.16200000e+00	1.077683451646e+01	2.051158356934e+02
1.16300000e+00	1.098804605163e+01	2.175093691029e+02
1.16400000e+00	1.121228670580e+01	2.312043795404e+02
1.16500000e+00	1.145095469157e+01	2.464004383555e+02
1.16600000e+00	1.170566757604e+01	2.633382535053e+02
1.16700000e+00	1.197830859642e+01	2.823105285334e+02
1.16800000e+00	1.227108551657e+01	3.036763794443e+02
1.16900000e+00	1.258660624588e+01	3.278807257320e+02
1.17000000e+00	1.292797717064e+01	3.554807464649e+02
1.17100000e+00	1.329893272668e+01	3.871825473946e+02
1.17200000e+00	1.370400866428e+01	4.238928726003e+02
1.17300000e+00	1.414877755675e+01	4.667934613604e+02
1.17400000e+00	1.464017483005e+01	5.174503161544e+02
1.17500000e+00	1.518695953003e+01	5.779782614079e+02
1.17600000e+00	1.580038099694e+01	6.512957890795e+02
1.17700000e+00	1.649516984337e+01	7.415325951972e+02
1.17800000e+00	1.729105783506e+01	8.547060334578e+02
1.17900000e+00	1.821519629508e+01	9.998942437459e+02
1.18000000e+00	1.930617678431e+01	1.191379997476e+03
1.18100000e+00	2.062108146272e+01	1.452826327751e+03
