# Układ: x' = x(y-1),  y' = 3x - 2y + x^2 - 2y^2
# IC: x0=2, y0=0, dt=1.000e-03, nsteps=10000
# t	x(t)	y(t)
0.00000000e+00	2.000000000000e+00	0.000000000000e+00
1.00000000e-03	2.000000500250e+00	1.000750208599e-03
2.00000000e-03	2.000002002001e+00	2.003001670927e-03
3.00000000e-03	2.000004506754e+00	3.006755646593e-03
4.00000000e-03	2.000008016013e+00	4.012013401661e-03
5.00000000e-03	2.000012531283e+00	5.018776208683e-03
6.00000000e-03	2.000018054068e+00	6.027045346742e-03
7.00000000e-03	2.000024585876e+00	7.036822101489e-03
8.00000000e-03	2.000032128215e+00	8.048107765183e-03
9.00000000e-03	2.000040682595e+00	9.060903636729e-03
1.00000000e-02	2.000050250526e+00	1.007521102172e-02
1.10000000e-02	2.000060833521e+00	1.109103123247e-02
1.20000000e-02	2.000072433093e+00	1.210836558807e-02
1.30000000e-02	2.000085050758e+00	1.312721541440e-02
1.40000000e-02	2.000098688030e+00	1.414758204420e-02
1.50000000e-02	2.000113346428e+00	1.516946681709e-02
1.60000000e-02	2.000129027470e+00	1.619287107962e-02
1.70000000e-02	2.000145732677e+00	1.721779618529e-02
1.80000000e-02	2.000163463570e+00	1.824424349464e-02
1.90000000e-02	2.000182221672e+00	1.927221437524e-02
2.00000000e-02	2.000202008507e+00	2.030171020173e-02
2.10000000e-02	2.000222825601e+00	2.133273235592e-02
2.20000000e-02	2.000244674481e+00	2.236528222676e-02
2.30000000e-02	2.000267556675e+00	2.339936121043e-02
2.40000000e-02	2.000291473713e+00	2.443497071036e-02
2.50000000e-02	2.000316427127e+00	2.547211213728e-02
2.60000000e-02	2.000342418449e+00	2.651078690926e-02
2.70000000e-02	2.000369449212e+00	2.755099645173e-02
2.80000000e-02	2.000397520954e+00	2.859274219759e-02
2.90000000e-02	2.000426635209e+00	2.963602558716e-02
3.00000000e-02	2.000456793518e+00	3.068084806828e-02
3.10000000e-02	2.000487997419e+00	3.172721109637e-02
3.20000000e-02	2.000520248454e+00	3.277511613441e-02
3.30000000e-02	2.000553548166e+00	3.382456465304e-02
3.40000000e-02	2.000587898098e+00	3.487555813056e-02
3.50000000e-02	2.000623299798e+00	3.592809805302e-02
3.60000000e-02	2.000659754810e+00	3.698218591423e-02
3.70000000e-02	2.000697264686e+00	3.803782321579e-02
3.80000000e-02	2.000735830974e+00	3.909501146719e-02
3.90000000e-02	2.000775455226e+00	4.015375218581e-02
4.00000000e-02	2.000816138996e+00	4.121404689696e-02
4.10000000e-02	2.000857883839e+00	4.227589713396e-02
4.20000000e-02	2.000900691310e+00	4.333930443816e-02
4.30000000e-02	2.000944562967e+00	4.440427035898e-02
4.40000000e-02	2.000989500370e+00	4.547079645398e-02
4.50000000e-02	2.001035505080e+00	4.653888428888e-02
4.60000000e-02	2.001082578660e+00	4.760853543761e-02
4.70000000e-02	2.001130722673e+00	4.867975148239e-02
4.80000000e-02	2.001179938685e+00	4.975253401371e-02
4.90000000e-02	2.001230228264e+00	5.082688463043e-02
5.00000000e-02	2.001281592978e+00	5.190280493983e-02
5.10000000e-02	2.001334034397e+00	5.298029655761e-02
5.20000000e-02	2.001387554095e+00	5.405936110797e-02
5.30000000e-02	2.001442153644e+00	5.514000022365e-02
5.40000000e-02	2.001497834621e+00	5.622221554599e-02
5.50000000e-02	2.001554598601e+00	5.730600872494e-02
5.60000000e-02	2.001612447165e+00	5.839138141915e-02
5.70000000e-02	2.001671381891e+00	5.947833529601e-02
5.80000000e-02	2.001731404363e+00	6.056687203165e-02
5.90000000e-02	2.001792516164e+00	6.165699331106e-02
6.00000000e-02	2.001854718878e+00	6.274870082809e-02
6.10000000e-02	2.001918014095e+00	6.384199628553e-02
6.20000000e-02	2.001982403401e+00	6.493688139510e-02
6.30000000e-02	2.002047888388e+00	6.603335787758e-02
6.40000000e-02	2.002114470648e+00	6.713142746281e-02
6.50000000e-02	2.002182151774e+00	6.823109188973e-02
6.60000000e-02	2.002250933364e+00	6.933235290646e-02
6.70000000e-02	2.002320817013e+00	7.043521227035e-02
6.80000000e-02	2.002391804322e+00	7.153967174800e-02
6.90000000e-02	2.002463896890e+00	7.264573311533e-02
7.00000000e-02	2.002537096322e+00	7.375339815763e-02
7.10000000e-02	2.002611404222e+00	7.486266866961e-02
7.20000000e-02	2.002686822195e+00	7.597354645544e-02
7.30000000e-02	2.002763351851e+00	7.708603332884e-02
7.40000000e-02	2.002840994799e+00	7.820013111305e-02
7.50000000e-02	2.002919752651e+00	7.931584164099e-02
7.60000000e-02	2.002999627021e+00	8.043316675520e-02
7.70000000e-02	2.003080619523e+00	8.155210830799e-02
7.80000000e-02	2.003162731777e+00	8.267266816142e-02
7.90000000e-02	2.003245965400e+00	8.379484818739e-02
8.00000000e-02	2.003330322014e+00	8.491865026769e-02
8.10000000e-02	2.003415803242e+00	8.604407629404e-02
8.20000000e-02	2.003502410708e+00	8.717112816814e-02
8.30000000e-02	2.003590146040e+00	8.829980780175e-02
8.40000000e-02	2.003679010867e+00	8.943011711670e-02
8.50000000e-02	2.003769006819e+00	9.056205804499e-02
8.60000000e-02	2.003860135528e+00	9.169563252883e-02
8.70000000e-02	2.003952398629e+00	9.283084252066e-02
8.80000000e-02	2.004045797758e+00	9.396768998325e-02
8.90000000e-02	2.004140334555e+00	9.510617688972e-02
9.00000000e-02	2.004236010659e+00	9.624630522364e-02
9.10000000e-02	2.004332827713e+00	9.738807697902e-02
9.20000000e-02	2.004430787362e+00	9.853149416044e-02
9.30000000e-02	2.004529891251e+00	9.967655878302e-02
9.40000000e-02	2.004630141029e+00	1.008232728726e-01
9.50000000e-02	2.004731538347e+00	1.019716384656e-01
9.60000000e-02	2.004834084857e+00	1.031216576092e-01
9.70000000e-02	2.004937782214e+00	1.042733323617e-01
9.80000000e-02	2.005042632075e+00	1.054266647917e-01
9.90000000e-02	2.005148636097e+00	1.065816569793e-01
1.00000000e-01	2.005255795943e+00	1.077383110152e-01
1.01000000e-01	2.005364113274e+00	1.088966290014e-01
1.02000000e-01	2.005473589756e+00	1.100566130506e-01
1.03000000e-01	2.005584227056e+00	1.112182652872e-01
1.04000000e-01	2.005696026843e+00	1.123815878464e-01
1.05000000e-01	2.005808990789e+00	1.135465828748e-01
1.06000000e-01	2.005923120567e+00	1.147132525304e-01
1.07000000e-01	2.006038417853e+00	1.158815989825e-01
1.08000000e-01	2.006154884325e+00	1.170516244119e-01
1.09000000e-01	2.006272521662e+00	1.182233310109e-01
1.10000000e-01	2.006391331548e+00	1.193967209832e-01
1.11000000e-01	2.006511315666e+00	1.205717965445e-01
1.12000000e-01	2.006632475704e+00	1.217485599219e-01
1.13000000e-01	2.006754813349e+00	1.229270133543e-01
1.14000000e-01	2.006878330294e+00	1.241071590925e-01
1.15000000e-01	2.007003028232e+00	1.252889993990e-01
1.16000000e-01	2.007128908859e+00	1.264725365485e-01
1.17000000e-01	2.007255973872e+00	1.276577728274e-01
1.18000000e-01	2.007384224972e+00	1.288447105343e-01
1.19000000e-01	2.007513663861e+00	1.300333519801e-01
1.20000000e-01	2.007644292244e+00	1.312236994875e-01
1.21000000e-01	2.007776111829e+00	1.324157553918e-01
1.22000000e-01	2.007909124325e+00	1.336095220404e-01
1.23000000e-01	2.008043331444e+00	1.348050017931e-01
1.24000000e-01	2.008178734901e+00	1.360021970222e-01
1.25000000e-01	2.008315336411e+00	1.372011101125e-01
1.26000000e-01	2.008453137694e+00	1.384017434612e-01
1.27000000e-01	2.008592140472e+00	1.396040994784e-01
1.28000000e-01	2.008732346468e+00	1.408081805868e-01
1.29000000e-01	2.008873757409e+00	1.420139892216e-01
1.30000000e-01	2.009016375024e+00	1.432215278313e-01
1.31000000e-01	2.009160201042e+00	1.444307988768e-01
1.32000000e-01	2.009305237200e+00	1.456418048324e-01
1.33000000e-01	2.009451485231e+00	1.468545481851e-01
1.34000000e-01	2.009598946876e+00	1.480690314351e-01
1.35000000e-01	2.009747623875e+00	1.492852570957e-01
1.36000000e-01	2.009897517972e+00	1.505032276937e-01
1.37000000e-01	2.010048630913e+00	1.517229457687e-01
1.38000000e-01	2.010200964447e+00	1.529444138742e-01
1.39000000e-01	2.010354520325e+00	1.541676345767e-01
1.40000000e-01	2.010509300301e+00	1.553926104565e-01
1.41000000e-01	2.010665306132e+00	1.566193441072e-01
1.42000000e-01	2.010822539576e+00	1.578478381362e-01
1.43000000e-01	2.010981002395e+00	1.590780951646e-01
1.44000000e-01	2.011140696355e+00	1.603101178273e-01
1.45000000e-01	2.011301623221e+00	1.615439087729e-01
1.46000000e-01	2.011463784763e+00	1.627794706640e-01
1.47000000e-01	2.011627182753e+00	1.640168061774e-01
1.48000000e-01	2.011791818967e+00	1.652559180035e-01
1.49000000e-01	2.011957695182e+00	1.664968088472e-01
1.50000000e-01	2.012124813179e+00	1.677394814275e-01
1.51000000e-01	2.012293174740e+00	1.689839384777e-01
1.52000000e-01	2.012462781651e+00	1.702301827453e-01
1.53000000e-01	2.012633635702e+00	1.714782169924e-01
1.54000000e-01	2.012805738683e+00	1.727280439955e-01
1.55000000e-01	2.012979092388e+00	1.739796665457e-01
1.56000000e-01	2.013153698615e+00	1.752330874488e-01
1.57000000e-01	2.013329559164e+00	1.764883095251e-01
1.58000000e-01	2.013506675836e+00	1.777453356100e-01
1.59000000e-01	2.013685050437e+00	1.790041685535e-01
1.60000000e-01	2.013864684776e+00	1.802648112206e-01
1.61000000e-01	2.014045580664e+00	1.815272664914e-01
1.62000000e-01	2.014227739914e+00	1.827915372612e-01
1.63000000e-01	2.014411164345e+00	1.840576264401e-01
1.64000000e-01	2.014595855774e+00	1.853255369537e-01
1.65000000e-01	2.014781816027e+00	1.865952717431e-01
1.66000000e-01	2.014969046927e+00	1.878668337643e-01
1.67000000e-01	2.015157550304e+00	1.891402259892e-01
1.68000000e-01	2.015347327990e+00	1.904154514052e-01
1.69000000e-01	2.015538381819e+00	1.916925130152e-01
1.70000000e-01	2.015730713629e+00	1.929714138378e-01
1.71000000e-01	2.015924325261e+00	1.942521569076e-01
1.72000000e-01	2.016119218558e+00	1.955347452748e-01
1.73000000e-01	2.016315395367e+00	1.968191820059e-01
1.74000000e-01	2.016512857539e+00	1.981054701830e-01
1.75000000e-01	2.016711606926e+00	1.993936129048e-01
1.76000000e-01	2.016911645384e+00	2.006836132857e-01
1.77000000e-01	2.017112974773e+00	2.019754744569e-01
1.78000000e-01	2.017315596954e+00	2.032691995655e-01
1.79000000e-01	2.017519513794e+00	2.045647917753e-01
1.80000000e-01	2.017724727161e+00	2.058622542666e-01
1.81000000e-01	2.017931238927e+00	2.071615902363e-01
1.82000000e-01	2.018139050967e+00	2.084628028979e-01
1.83000000e-01	2.018348165160e+00	2.097658954818e-01
1.84000000e-01	2.018558583386e+00	2.110708712352e-01
1.85000000e-01	2.018770307531e+00	2.123777334223e-01
1.86000000e-01	2.018983339483e+00	2.136864853243e-01
1.87000000e-01	2.019197681133e+00	2.149971302396e-01
1.88000000e-01	2.019413334375e+00	2.163096714836e-01
1.89000000e-01	2.019630301109e+00	2.176241123893e-01
1.90000000e-01	2.019848583235e+00	2.189404563068e-01
1.91000000e-01	2.020068182657e+00	2.202587066039e-01
1.92000000e-01	2.020289101284e+00	2.215788666657e-01
1.93000000e-01	2.020511341028e+00	2.229009398952e-01
1.94000000e-01	2.020734903803e+00	2.242249297131e-01
1.95000000e-01	2.020959791527e+00	2.255508395577e-01
1.96000000e-01	2.021186006123e+00	2.268786728855e-01
1.97000000e-01	2.021413549516e+00	2.282084331709e-01
1.98000000e-01	2.021642423633e+00	2.295401239062e-01
1.99000000e-01	2.021872630408e+00	2.308737486023e-01
2.00000000e-01	2.022104171776e+00	2.322093107881e-01
2.01000000e-01	2.022337049677e+00	2.335468140108e-01
2.02000000e-01	2.022571266052e+00	2.348862618363e-01
2.03000000e-01	2.022806822850e+00	2.362276578489e-01
2.04000000e-01	2.023043722019e+00	2.375710056517e-01
2.05000000e-01	2.023281965513e+00	2.389163088664e-01
2.06000000e-01	2.023521555289e+00	2.402635711336e-01
2.07000000e-01	2.023762493309e+00	2.416127961128e-01
2.08000000e-01	2.024004781537e+00	2.429639874826e-01
2.09000000e-01	2.024248421941e+00	2.443171489408e-01
2.10000000e-01	2.024493416493e+00	2.456722842041e-01
2.11000000e-01	2.024739767169e+00	2.470293970089e-01
2.12000000e-01	2.024987475947e+00	2.483884911108e-01
2.13000000e-01	2.025236544812e+00	2.497495702851e-01
2.14000000e-01	2.025486975751e+00	2.511126383265e-01
2.15000000e-01	2.025738770753e+00	2.524776990495e-01
2.16000000e-01	2.025991931814e+00	2.538447562885e-01
2.17000000e-01	2.026246460933e+00	2.552138138978e-01
2.18000000e-01	2.026502360110e+00	2.565848757515e-01
2.19000000e-01	2.026759631354e+00	2.579579457442e-01
2.20000000e-01	2.027018276672e+00	2.593330277904e-01
2.21000000e-01	2.027278298081e+00	2.607101258251e-01
2.22000000e-01	2.027539697597e+00	2.620892438036e-01
2.23000000e-01	2.027802477243e+00	2.634703857017e-01
2.24000000e-01	2.028066639045e+00	2.648535555162e-01
2.25000000e-01	2.028332185032e+00	2.662387572641e-01
2.26000000e-01	2.028599117238e+00	2.676259949836e-01
2.27000000e-01	2.028867437702e+00	2.690152727337e-01
2.28000000e-01	2.029137148465e+00	2.704065945947e-01
2.29000000e-01	2.029408251574e+00	2.717999646676e-01
2.30000000e-01	2.029680749078e+00	2.731953870751e-01
2.31000000e-01	2.029954643033e+00	2.745928659611e-01
2.32000000e-01	2.030229935497e+00	2.759924054910e-01
2.33000000e-01	2.030506628533e+00	2.773940098517e-01
2.34000000e-01	2.030784724206e+00	2.787976832520e-01
2.35000000e-01	2.031064224590e+00	2.802034299224e-01
2.36000000e-01	2.031345131759e+00	2.816112541152e-01
2.37000000e-01	2.031627447792e+00	2.830211601051e-01
2.38000000e-01	2.031911174774e+00	2.844331521885e-01
2.39000000e-01	2.032196314793e+00	2.858472346844e-01
2.40000000e-01	2.032482869942e+00	2.872634119340e-01
2.41000000e-01	2.032770842317e+00	2.886816883011e-01
2.42000000e-01	2.033060234020e+00	2.901020681719e-01
2.43000000e-01	2.033351047156e+00	2.915245559556e-01
2.44000000e-01	2.033643283836e+00	2.929491560840e-01
2.45000000e-01	2.033936946174e+00	2.943758730119e-01
2.46000000e-01	2.034232036289e+00	2.958047112173e-01
2.47000000e-01	2.034528556305e+00	2.972356752011e-01
2.48000000e-01	2.034826508349e+00	2.986687694879e-01
2.49000000e-01	2.035125894555e+00	3.001039986254e-01
2.50000000e-01	2.035426717060e+00	3.015413671849e-01
2.51000000e-01	2.035728978004e+00	3.029808797614e-01
2.52000000e-01	2.036032679536e+00	3.044225409737e-01
2.53000000e-01	2.036337823804e+00	3.058663554645e-01
2.54000000e-01	2.036644412966e+00	3.073123279004e-01
2.55000000e-01	2.036952449181e+00	3.087604629723e-01
2.56000000e-01	2.037261934614e+00	3.102107653953e-01
2.57000000e-01	2.037572871436e+00	3.116632399089e-01
2.58000000e-01	2.037885261820e+00	3.131178912771e-01
2.59000000e-01	2.038199107945e+00	3.145747242885e-01
2.60000000e-01	2.038514411997e+00	3.160337437567e-01
2.61000000e-01	2.038831176163e+00	3.174949545198e-01
2.62000000e-01	2.039149402638e+00	3.189583614413e-01
2.63000000e-01	2.039469093620e+00	3.204239694095e-01
2.64000000e-01	2.039790251312e+00	3.218917833384e-01
2.65000000e-01	2.040112877924e+00	3.233618081671e-01
2.66000000e-01	2.040436975667e+00	3.248340488603e-01
2.67000000e-01	2.040762546762e+00	3.263085104083e-01
2.68000000e-01	2.041089593430e+00	3.277851978274e-01
2.69000000e-01	2.041418117901e+00	3.292641161597e-01
2.70000000e-01	2.041748122408e+00	3.307452704733e-01
2.71000000e-01	2.042079609189e+00	3.322286658628e-01
2.72000000e-01	2.042412580488e+00	3.337143074487e-01
2.73000000e-01	2.042747038554e+00	3.352022003783e-01
2.74000000e-01	2.043082985641e+00	3.366923498254e-01
2.75000000e-01	2.043420424008e+00	3.381847609905e-01
2.76000000e-01	2.043759355919e+00	3.396794391011e-01
2.77000000e-01	2.044099783643e+00	3.411763894117e-01
2.78000000e-01	2.044441709457e+00	3.426756172037e-01
2.79000000e-01	2.044785135639e+00	3.441771277863e-01
2.80000000e-01	2.045130064475e+00	3.456809264955e-01
2.81000000e-01	2.045476498256e+00	3.471870186956e-01
2.82000000e-01	2.045824439279e+00	3.486954097780e-01
2.83000000e-01	2.046173889844e+00	3.502061051623e-01
2.84000000e-01	2.046524852259e+00	3.517191102961e-01
2.85000000e-01	2.046877328836e+00	3.532344306550e-01
2.86000000e-01	2.047231321894e+00	3.547520717430e-01
2.87000000e-01	2.047586833755e+00	3.562720390926e-01
2.88000000e-01	2.047943866749e+00	3.577943382648e-01
2.89000000e-01	2.048302423211e+00	3.593189748495e-01
2.90000000e-01	2.048662505480e+00	3.608459544652e-01
2.91000000e-01	2.049024115903e+00	3.623752827597e-01
2.92000000e-01	2.049387256830e+00	3.639069654100e-01
2.93000000e-01	2.049751930620e+00	3.654410081223e-01
2.94000000e-01	2.050118139635e+00	3.669774166322e-01
2.95000000e-01	2.050485886244e+00	3.685161967054e-01
2.96000000e-01	2.050855172821e+00	3.700573541369e-01
2.97000000e-01	2.051226001747e+00	3.716008947520e-01
2.98000000e-01	2.051598375407e+00	3.731468244059e-01
2.99000000e-01	2.051972296194e+00	3.746951489843e-01
3.00000000e-01	2.052347766505e+00	3.762458744031e-01
3.01000000e-01	2.052724788745e+00	3.777990066088e-01
3.02000000e-01	2.053103365322e+00	3.793545515790e-01
3.03000000e-01	2.053483498654e+00	3.809125153217e-01
3.04000000e-01	2.053865191161e+00	3.824729038763e-01
3.05000000e-01	2.054248445272e+00	3.840357233134e-01
3.06000000e-01	2.054633263420e+00	3.856009797350e-01
3.07000000e-01	2.055019648046e+00	3.871686792745e-01
3.08000000e-01	2.055407601595e+00	3.887388280971e-01
3.09000000e-01	2.055797126521e+00	3.903114324002e-01
3.10000000e-01	2.056188225281e+00	3.918864984127e-01
3.11000000e-01	2.056580900340e+00	3.934640323962e-01
3.12000000e-01	2.056975154170e+00	3.950440406445e-01
3.13000000e-01	2.057370989248e+00	3.966265294839e-01
3.14000000e-01	2.057768408058e+00	3.982115052737e-01
3.15000000e-01	2.058167413090e+00	3.997989744058e-01
3.16000000e-01	2.058568006840e+00	4.013889433053e-01
3.17000000e-01	2.058970191812e+00	4.029814184308e-01
3.18000000e-01	2.059373970515e+00	4.045764062739e-01
3.19000000e-01	2.059779345464e+00	4.061739133602e-01
3.20000000e-01	2.060186319183e+00	4.077739462489e-01
3.21000000e-01	2.060594894201e+00	4.093765115330e-01
3.22000000e-01	2.061005073053e+00	4.109816158401e-01
3.23000000e-01	2.061416858281e+00	4.125892658317e-01
3.24000000e-01	2.061830252435e+00	4.141994682040e-01
3.25000000e-01	2.062245258071e+00	4.158122296879e-01
3.26000000e-01	2.062661877750e+00	4.174275570491e-01
3.27000000e-01	2.063080114042e+00	4.190454570884e-01
3.28000000e-01	2.063499969524e+00	4.206659366419e-01
3.29000000e-01	2.063921446778e+00	4.222890025809e-01
3.30000000e-01	2.064344548394e+00	4.239146618127e-01
3.31000000e-01	2.064769276968e+00	4.255429212801e-01
3.32000000e-01	2.065195635105e+00	4.271737879620e-01
3.33000000e-01	2.065623625415e+00	4.288072688735e-01
3.34000000e-01	2.066053250517e+00	4.304433710662e-01
3.35000000e-01	2.066484513034e+00	4.320821016280e-01
3.36000000e-01	2.066917415598e+00	4.337234676837e-01
3.37000000e-01	2.067351960850e+00	4.353674763953e-01
3.38000000e-01	2.067788151434e+00	4.370141349617e-01
3.39000000e-01	2.068225990006e+00	4.386634506191e-01
3.40000000e-01	2.068665479224e+00	4.403154306416e-01
3.41000000e-01	2.069106621757e+00	4.419700823407e-01
3.42000000e-01	2.069549420282e+00	4.436274130662e-01
3.43000000e-01	2.069993877479e+00	4.452874302058e-01
3.44000000e-01	2.070439996040e+00	4.469501411858e-01
3.45000000e-01	2.070887778662e+00	4.486155534708e-01
3.46000000e-01	2.071337228050e+00	4.502836745645e-01
3.47000000e-01	2.071788346916e+00	4.519545120095e-01
3.48000000e-01	2.072241137982e+00	4.536280733875e-01
3.49000000e-01	2.072695603974e+00	4.553043663197e-01
3.50000000e-01	2.073151747627e+00	4.569833984669e-01
3.51000000e-01	2.073609571686e+00	4.586651775299e-01
3.52000000e-01	2.074069078901e+00	4.603497112494e-01
3.53000000e-01	2.074530272030e+00	4.620370074063e-01
3.54000000e-01	2.074993153839e+00	4.637270738222e-01
3.55000000e-01	2.075457727103e+00	4.654199183594e-01
3.56000000e-01	2.075923994604e+00	4.671155489209e-01
3.57000000e-01	2.076391959132e+00	4.688139734512e-01
3.58000000e-01	2.076861623485e+00	4.705151999359e-01
3.59000000e-01	2.077332990469e+00	4.722192364023e-01
3.60000000e-01	2.077806062897e+00	4.739260909195e-01
3.61000000e-01	2.078280843593e+00	4.756357715989e-01
3.62000000e-01	2.078757335385e+00	4.773482865937e-01
3.63000000e-01	2.079235541114e+00	4.790636441001e-01
3.64000000e-01	2.079715463624e+00	4.807818523569e-01
3.65000000e-01	2.080197105771e+00	4.825029196456e-01
3.66000000e-01	2.080680470419e+00	4.842268542913e-01
3.67000000e-01	2.081165560438e+00	4.859536646623e-01
3.68000000e-01	2.081652378710e+00	4.876833591708e-01
3.69000000e-01	2.082140928121e+00	4.894159462728e-01
3.70000000e-01	2.082631211569e+00	4.911514344685e-01
3.71000000e-01	2.083123231960e+00	4.928898323024e-01
3.72000000e-01	2.083616992207e+00	4.946311483638e-01
3.73000000e-01	2.084112495232e+00	4.963753912869e-01
3.74000000e-01	2.084609743968e+00	4.981225697509e-01
3.75000000e-01	2.085108741353e+00	4.998726924806e-01
3.76000000e-01	2.085609490337e+00	5.016257682463e-01
3.77000000e-01	2.086111993877e+00	5.033818058642e-01
3.78000000e-01	2.086616254939e+00	5.051408141967e-01
3.79000000e-01	2.087122276498e+00	5.069028021526e-01
3.80000000e-01	2.087630061539e+00	5.086677786873e-01
3.81000000e-01	2.088139613055e+00	5.104357528031e-01
3.82000000e-01	2.088650934047e+00	5.122067335497e-01
3.83000000e-01	2.089164027527e+00	5.139807300240e-01
3.84000000e-01	2.089678896516e+00	5.157577513706e-01
3.85000000e-01	2.090195544041e+00	5.175378067822e-01
3.86000000e-01	2.090713973144e+00	5.193209054997e-01
3.87000000e-01	2.091234186870e+00	5.211070568124e-01
3.88000000e-01	2.091756188278e+00	5.228962700584e-01
3.89000000e-01	2.092279980434e+00	5.246885546249e-01
3.90000000e-01	2.092805566414e+00	5.264839199485e-01
3.91000000e-01	2.093332949304e+00	5.282823755151e-01
3.92000000e-01	2.093862132198e+00	5.300839308607e-01
3.93000000e-01	2.094393118202e+00	5.318885955714e-01
3.94000000e-01	2.094925910429e+00	5.336963792836e-01
3.95000000e-01	2.095460512003e+00	5.355072916846e-01
3.96000000e-01	2.095996926059e+00	5.373213425125e-01
3.97000000e-01	2.096535155738e+00	5.391385415568e-01
3.98000000e-01	2.097075204194e+00	5.409588986586e-01
3.99000000e-01	2.097617074591e+00	5.427824237106e-01
4.00000000e-01	2.098160770101e+00	5.446091266580e-01
4.01000000e-01	2.098706293907e+00	5.464390174980e-01
4.02000000e-01	2.099253649202e+00	5.482721062810e-01
4.03000000e-01	2.099802839189e+00	5.501084031101e-01
4.04000000e-01	2.100353867081e+00	5.519479181418e-01
4.05000000e-01	2.100906736101e+00	5.537906615863e-01
4.06000000e-01	2.101461449484e+00	5.556366437077e-01
4.07000000e-01	2.102018010472e+00	5.574858748242e-01
4.08000000e-01	2.102576422320e+00	5.593383653087e-01
4.09000000e-01	2.103136688292e+00	5.611941255889e-01
4.10000000e-01	2.103698811664e+00	5.630531661477e-01
4.11000000e-01	2.104262795722e+00	5.649154975235e-01
4.12000000e-01	2.104828643760e+00	5.667811303102e-01
4.13000000e-01	2.105396359086e+00	5.686500751582e-01
4.14000000e-01	2.105965945018e+00	5.705223427741e-01
4.15000000e-01	2.106537404883e+00	5.723979439213e-01
4.16000000e-01	2.107110742021e+00	5.742768894203e-01
4.17000000e-01	2.107685959780e+00	5.761591901489e-01
4.18000000e-01	2.108263061523e+00	5.780448570428e-01
4.19000000e-01	2.108842050620e+00	5.799339010954e-01
4.20000000e-01	2.109422930454e+00	5.818263333590e-01
4.21000000e-01	2.110005704420e+00	5.837221649441e-01
4.22000000e-01	2.110590375921e+00	5.856214070206e-01
4.23000000e-01	2.111176948374e+00	5.875240708177e-01
4.24000000e-01	2.111765425207e+00	5.894301676244e-01
4.25000000e-01	2.112355809858e+00	5.913397087895e-01
4.26000000e-01	2.112948105777e+00	5.932527057226e-01
4.27000000e-01	2.113542316425e+00	5.951691698938e-01
4.28000000e-01	2.114138445276e+00	5.970891128344e-01
4.29000000e-01	2.114736495814e+00	5.990125461374e-01
4.30000000e-01	2.115336471536e+00	6.009394814572e-01
4.31000000e-01	2.115938375948e+00	6.028699305107e-01
4.32000000e-01	2.116542212572e+00	6.048039050773e-01
4.33000000e-01	2.117147984938e+00	6.067414169993e-01
4.34000000e-01	2.117755696589e+00	6.086824781822e-01
4.35000000e-01	2.118365351081e+00	6.106271005951e-01
4.36000000e-01	2.118976951981e+00	6.125752962714e-01
4.37000000e-01	2.119590502869e+00	6.145270773086e-01
4.38000000e-01	2.120206007335e+00	6.164824558690e-01
4.39000000e-01	2.120823468984e+00	6.184414441802e-01
4.40000000e-01	2.121442891431e+00	6.204040545351e-01
4.41000000e-01	2.122064278304e+00	6.223702992927e-01
4.42000000e-01	2.122687633245e+00	6.243401908782e-01
4.43000000e-01	2.123312959906e+00	6.263137417834e-01
4.44000000e-01	2.123940261952e+00	6.282909645672e-01
4.45000000e-01	2.124569543063e+00	6.302718718561e-01
4.46000000e-01	2.125200806929e+00	6.322564763443e-01
4.47000000e-01	2.125834057252e+00	6.342447907943e-01
4.48000000e-01	2.126469297751e+00	6.362368280372e-01
4.49000000e-01	2.127106532154e+00	6.382326009732e-01
4.50000000e-01	2.127745764203e+00	6.402321225720e-01
4.51000000e-01	2.128386997653e+00	6.422354058732e-01
4.52000000e-01	2.129030236273e+00	6.442424639865e-01
4.53000000e-01	2.129675483843e+00	6.462533100924e-01
4.54000000e-01	2.130322744160e+00	6.482679574427e-01
4.55000000e-01	2.130972021030e+00	6.502864193606e-01
4.56000000e-01	2.131623318275e+00	6.523087092411e-01
4.57000000e-01	2.132276639729e+00	6.543348405518e-01
4.58000000e-01	2.132931989241e+00	6.563648268330e-01
4.59000000e-01	2.133589370672e+00	6.583986816985e-01
4.60000000e-01	2.134248787898e+00	6.604364188356e-01
4.61000000e-01	2.134910244808e+00	6.624780520056e-01
4.62000000e-01	2.135573745305e+00	6.645235950446e-01
4.63000000e-01	2.136239293306e+00	6.665730618636e-01
4.64000000e-01	2.136906892742e+00	6.686264664492e-01
4.65000000e-01	2.137576547556e+00	6.706838228637e-01
4.66000000e-01	2.138248261709e+00	6.727451452460e-01
4.67000000e-01	2.138922039174e+00	6.748104478117e-01
4.68000000e-01	2.139597883937e+00	6.768797448537e-01
4.69000000e-01	2.140275800000e+00	6.789530507427e-01
4.70000000e-01	2.140955791379e+00	6.810303799276e-01
4.71000000e-01	2.141637862105e+00	6.831117469361e-01
4.72000000e-01	2.142322016224e+00	6.851971663748e-01
4.73000000e-01	2.143008257794e+00	6.872866529303e-01
4.74000000e-01	2.143696590890e+00	6.893802213690e-01
4.75000000e-01	2.144387019602e+00	6.914778865381e-01
4.76000000e-01	2.145079548034e+00	6.935796633660e-01
4.77000000e-01	2.145774180305e+00	6.956855668624e-01
4.78000000e-01	2.146470920548e+00	6.977956121193e-01
4.79000000e-01	2.147169772914e+00	6.999098143113e-01
4.80000000e-01	2.147870741568e+00	7.020281886960e-01
4.81000000e-01	2.148573830688e+00	7.041507506147e-01
4.82000000e-01	2.149279044470e+00	7.062775154926e-01
4.83000000e-01	2.149986387125e+00	7.084084988397e-01
4.84000000e-01	2.150695862879e+00	7.105437162512e-01
4.85000000e-01	2.151407475974e+00	7.126831834077e-01
4.86000000e-01	2.152121230667e+00	7.148269160762e-01
4.87000000e-01	2.152837131233e+00	7.169749301103e-01
4.88000000e-01	2.153555181960e+00	7.191272414509e-01
4.89000000e-01	2.154275387154e+00	7.212838661266e-01
4.90000000e-01	2.154997751136e+00	7.234448202544e-01
4.91000000e-01	2.155722278243e+00	7.256101200402e-01
4.92000000e-01	2.156448972830e+00	7.277797817791e-01
4.93000000e-01	2.157177839266e+00	7.299538218564e-01
4.94000000e-01	2.157908881938e+00	7.321322567477e-01
4.95000000e-01	2.158642105250e+00	7.343151030199e-01
4.96000000e-01	2.159377513620e+00	7.365023773312e-01
4.97000000e-01	2.160115111486e+00	7.386940964325e-01
4.98000000e-01	2.160854903300e+00	7.408902771669e-01
4.99000000e-01	2.161596893533e+00	7.430909364714e-01
5.00000000e-01	2.162341086672e+00	7.452960913764e-01
5.01000000e-01	2.163087487220e+00	7.475057590074e-01
5.02000000e-01	2.163836099700e+00	7.497199565844e-01
5.03000000e-01	2.164586928649e+00	7.519387014236e-01
5.04000000e-01	2.165339978624e+00	7.541620109372e-01
5.05000000e-01	2.166095254198e+00	7.563899026344e-01
5.06000000e-01	2.166852759963e+00	7.586223941219e-01
5.07000000e-01	2.167612500526e+00	7.608595031045e-01
5.08000000e-01	2.168374480514e+00	7.631012473858e-01
5.09000000e-01	2.169138704572e+00	7.653476448685e-01
5.10000000e-01	2.169905177361e+00	7.675987135557e-01
5.11000000e-01	2.170673903562e+00	7.698544715506e-01
5.12000000e-01	2.171444887873e+00	7.721149370582e-01
5.13000000e-01	2.172218135011e+00	7.743801283848e-01
5.14000000e-01	2.172993649711e+00	7.766500639397e-01
5.15000000e-01	2.173771436727e+00	7.789247622350e-01
5.16000000e-01	2.174551500830e+00	7.812042418869e-01
5.17000000e-01	2.175333846811e+00	7.834885216159e-01
5.18000000e-01	2.176118479479e+00	7.857776202477e-01
5.19000000e-01	2.176905403664e+00	7.880715567139e-01
5.20000000e-01	2.177694624212e+00	7.903703500524e-01
5.21000000e-01	2.178486145989e+00	7.926740194084e-01
5.22000000e-01	2.179279973882e+00	7.949825840348e-01
5.23000000e-01	2.180076112795e+00	7.972960632932e-01
5.24000000e-01	2.180874567653e+00	7.996144766544e-01
5.25000000e-01	2.181675343400e+00	8.019378436989e-01
5.26000000e-01	2.182478444999e+00	8.042661841182e-01
5.27000000e-01	2.183283877433e+00	8.065995177147e-01
5.28000000e-01	2.184091645705e+00	8.089378644032e-01
5.29000000e-01	2.184901754839e+00	8.112812442112e-01
5.30000000e-01	2.185714209878e+00	8.136296772795e-01
5.31000000e-01	2.186529015885e+00	8.159831838633e-01
5.32000000e-01	2.187346177944e+00	8.183417843327e-01
5.33000000e-01	2.188165701158e+00	8.207054991736e-01
5.34000000e-01	2.188987590654e+00	8.230743489883e-01
5.35000000e-01	2.189811851575e+00	8.254483544961e-01
5.36000000e-01	2.190638489088e+00	8.278275365346e-01
5.37000000e-01	2.191467508380e+00	8.302119160599e-01
5.38000000e-01	2.192298914660e+00	8.326015141476e-01
5.39000000e-01	2.193132713155e+00	8.349963519938e-01
5.40000000e-01	2.193968909117e+00	8.373964509154e-01
5.41000000e-01	2.194807507818e+00	8.398018323512e-01
5.42000000e-01	2.195648514550e+00	8.422125178628e-01
5.43000000e-01	2.196491934629e+00	8.446285291350e-01
5.44000000e-01	2.197337773391e+00	8.470498879771e-01
5.45000000e-01	2.198186036195e+00	8.494766163233e-01
5.46000000e-01	2.199036728421e+00	8.519087362338e-01
5.47000000e-01	2.199889855472e+00	8.543462698952e-01
5.48000000e-01	2.200745422773e+00	8.567892396221e-01
5.49000000e-01	2.201603435770e+00	8.592376678572e-01
5.50000000e-01	2.202463899935e+00	8.616915771725e-01
5.51000000e-01	2.203326820759e+00	8.641509902700e-01
5.52000000e-01	2.204192203758e+00	8.666159299827e-01
5.53000000e-01	2.205060054469e+00	8.690864192755e-01
5.54000000e-01	2.205930378454e+00	8.715624812457e-01
5.55000000e-01	2.206803181297e+00	8.740441391245e-01
5.56000000e-01	2.207678468605e+00	8.765314162772e-01
5.57000000e-01	2.208556246011e+00	8.790243362048e-01
5.58000000e-01	2.209436519167e+00	8.815229225441e-01
5.59000000e-01	2.210319293752e+00	8.840271990694e-01
5.60000000e-01	2.211204575470e+00	8.865371896929e-01
5.61000000e-01	2.212092370044e+00	8.890529184659e-01
5.62000000e-01	2.212982683227e+00	8.915744095793e-01
5.63000000e-01	2.213875520792e+00	8.941016873651e-01
5.64000000e-01	2.214770888539e+00	8.966347762971e-01
5.65000000e-01	2.215668792290e+00	8.991737009917e-01
5.66000000e-01	2.216569237895e+00	9.017184862090e-01
5.67000000e-01	2.217472231225e+00	9.042691568539e-01
5.68000000e-01	2.218377778178e+00	9.068257379768e-01
5.69000000e-01	2.219285884679e+00	9.093882547747e-01
5.70000000e-01	2.220196556675e+00	9.119567325923e-01
5.71000000e-01	2.221109800140e+00	9.145311969228e-01
5.72000000e-01	2.222025621073e+00	9.171116734090e-01
5.73000000e-01	2.222944025499e+00	9.196981878445e-01
5.74000000e-01	2.223865019470e+00	9.222907661744e-01
5.75000000e-01	2.224788609062e+00	9.248894344964e-01
5.76000000e-01	2.225714800378e+00	9.274942190621e-01
5.77000000e-01	2.226643599547e+00	9.301051462775e-01
5.78000000e-01	2.227575012727e+00	9.327222427049e-01
5.79000000e-01	2.228509046098e+00	9.353455350632e-01
5.80000000e-01	2.229445705871e+00	9.379750502290e-01
5.81000000e-01	2.230384998282e+00	9.406108152385e-01
5.82000000e-01	2.231326929594e+00	9.432528572875e-01
5.83000000e-01	2.232271506098e+00	9.459012037333e-01
5.84000000e-01	2.233218734112e+00	9.485558820953e-01
5.85000000e-01	2.234168619982e+00	9.512169200566e-01
5.86000000e-01	2.235121170081e+00	9.538843454647e-01
5.87000000e-01	2.236076390811e+00	9.565581863327e-01
5.88000000e-01	2.237034288602e+00	9.592384708407e-01
5.89000000e-01	2.237994869910e+00	9.619252273367e-01
5.90000000e-01	2.238958141223e+00	9.646184843379e-01
5.91000000e-01	2.239924109055e+00	9.673182705319e-01
5.92000000e-01	2.240892779950e+00	9.700246147775e-01
5.93000000e-01	2.241864160481e+00	9.727375461066e-01
5.94000000e-01	2.242838257248e+00	9.754570937247e-01
5.95000000e-01	2.243815076883e+00	9.781832870125e-01
5.96000000e-01	2.244794626047e+00	9.809161555271e-01
5.97000000e-01	2.245776911429e+00	9.836557290030e-01
5.98000000e-01	2.246761939750e+00	9.864020373536e-01
5.99000000e-01	2.247749717759e+00	9.891551106725e-01
6.00000000e-01	2.248740252236e+00	9.919149792342e-01
6.01000000e-01	2.249733549993e+00	9.946816734962e-01
6.02000000e-01	2.250729617869e+00	9.974552240997e-01
6.03000000e-01	2.251728462737e+00	1.000235661871e+00
6.04000000e-01	2.252730091499e+00	1.003023017823e+00
6.05000000e-01	2.253734511089e+00	1.005817323156e+00
6.06000000e-01	2.254741728472e+00	1.008618609260e+00
6.07000000e-01	2.255751750645e+00	1.011426907716e+00
6.08000000e-01	2.256764584635e+00	1.014242250294e+00
6.09000000e-01	2.257780237504e+00	1.017064668961e+00
6.10000000e-01	2.258798716343e+00	1.019894195876e+00
6.11000000e-01	2.259820028276e+00	1.022730863393e+00
6.12000000e-01	2.260844180460e+00	1.025574704067e+00
6.13000000e-01	2.261871180086e+00	1.028425750649e+00
6.14000000e-01	2.262901034375e+00	1.031284036090e+00
6.15000000e-01	2.263933750582e+00	1.034149593544e+00
6.16000000e-01	2.264969335997e+00	1.037022456366e+00
6.17000000e-01	2.266007797941e+00	1.039902658118e+00
6.18000000e-01	2.267049143771e+00	1.042790232566e+00
6.19000000e-01	2.268093380875e+00	1.045685213684e+00
6.20000000e-01	2.269140516678e+00	1.048587635654e+00
6.21000000e-01	2.270190558638e+00	1.051497532871e+00
6.22000000e-01	2.271243514247e+00	1.054414939939e+00
6.23000000e-01	2.272299391033e+00	1.057339891676e+00
6.24000000e-01	2.273358196557e+00	1.060272423117e+00
6.25000000e-01	2.274419938418e+00	1.063212569511e+00
6.26000000e-01	2.275484624246e+00	1.066160366327e+00
6.27000000e-01	2.276552261712e+00	1.069115849252e+00
6.28000000e-01	2.277622858519e+00	1.072079054196e+00
6.29000000e-01	2.278696422407e+00	1.075050017290e+00
6.30000000e-01	2.279772961152e+00	1.078028774892e+00
6.31000000e-01	2.280852482567e+00	1.081015363584e+00
6.32000000e-01	2.281934994502e+00	1.084009820177e+00
6.33000000e-01	2.283020504842e+00	1.087012181710e+00
6.34000000e-01	2.284109021512e+00	1.090022485455e+00
6.35000000e-01	2.285200552473e+00	1.093040768916e+00
6.36000000e-01	2.286295105723e+00	1.096067069831e+00
6.37000000e-01	2.287392689298e+00	1.099101426176e+00
6.38000000e-01	2.288493311273e+00	1.102143876164e+00
6.39000000e-01	2.289596979761e+00	1.105194458247e+00
6.40000000e-01	2.290703702913e+00	1.108253211119e+00
6.41000000e-01	2.291813488920e+00	1.111320173718e+00
6.42000000e-01	2.292926346010e+00	1.114395385227e+00
6.43000000e-01	2.294042282453e+00	1.117478885076e+00
6.44000000e-01	2.295161306556e+00	1.120570712943e+00
6.45000000e-01	2.296283426668e+00	1.123670908757e+00
6.46000000e-01	2.297408651176e+00	1.126779512701e+00
6.47000000e-01	2.298536988510e+00	1.129896565210e+00
6.48000000e-01	2.299668447137e+00	1.133022106976e+00
6.49000000e-01	2.300803035567e+00	1.136156178951e+00
6.50000000e-01	2.301940762352e+00	1.139298822346e+00
6.51000000e-01	2.303081636083e+00	1.142450078632e+00
6.52000000e-01	2.304225665394e+00	1.145609989547e+00
6.53000000e-01	2.305372858961e+00	1.148778597095e+00
6.54000000e-01	2.306523225501e+00	1.151955943545e+00
6.55000000e-01	2.307676773775e+00	1.155142071440e+00
6.56000000e-01	2.308833512585e+00	1.158337023593e+00
6.57000000e-01	2.309993450778e+00	1.161540843090e+00
6.58000000e-01	2.311156597242e+00	1.164753573297e+00
6.59000000e-01	2.312322960909e+00	1.167975257854e+00
6.60000000e-01	2.313492550757e+00	1.171205940684e+00
6.61000000e-01	2.314665375805e+00	1.174445665993e+00
6.62000000e-01	2.315841445118e+00	1.177694478269e+00
6.63000000e-01	2.317020767805e+00	1.180952422291e+00
6.64000000e-01	2.318203353021e+00	1.184219543123e+00
6.65000000e-01	2.319389209965e+00	1.187495886124e+00
6.66000000e-01	2.320578347883e+00	1.190781496943e+00
6.67000000e-01	2.321770776064e+00	1.194076421526e+00
6.68000000e-01	2.322966503846e+00	1.197380706120e+00
6.69000000e-01	2.324165540612e+00	1.200694397267e+00
6.70000000e-01	2.325367895791e+00	1.204017541817e+00
6.71000000e-01	2.326573578862e+00	1.207350186921e+00
6.72000000e-01	2.327782599348e+00	1.210692380040e+00
6.73000000e-01	2.328994966821e+00	1.214044168943e+00
6.74000000e-01	2.330210690900e+00	1.217405601711e+00
6.75000000e-01	2.331429781255e+00	1.220776726742e+00
6.76000000e-01	2.332652247601e+00	1.224157592748e+00
6.77000000e-01	2.333878099704e+00	1.227548248762e+00
6.78000000e-01	2.335107347378e+00	1.230948744139e+00
6.79000000e-01	2.336340000488e+00	1.234359128557e+00
6.80000000e-01	2.337576068948e+00	1.237779452024e+00
6.81000000e-01	2.338815562722e+00	1.241209764875e+00
6.82000000e-01	2.340058491825e+00	1.244650117776e+00
6.83000000e-01	2.341304866322e+00	1.248100561732e+00
6.84000000e-01	2.342554696329e+00	1.251561148081e+00
6.85000000e-01	2.343807992016e+00	1.255031928504e+00
6.86000000e-01	2.345064763601e+00	1.258512955023e+00
6.87000000e-01	2.346325021359e+00	1.262004280006e+00
6.88000000e-01	2.347588775612e+00	1.265505956168e+00
6.89000000e-01	2.348856036739e+00	1.269018036578e+00
6.90000000e-01	2.350126815171e+00	1.272540574655e+00
6.91000000e-01	2.351401121392e+00	1.276073624176e+00
6.92000000e-01	2.352678965941e+00	1.279617239278e+00
6.93000000e-01	2.353960359411e+00	1.283171474459e+00
6.94000000e-01	2.355245312448e+00	1.286736384583e+00
6.95000000e-01	2.356533835757e+00	1.290312024880e+00
6.96000000e-01	2.357825940093e+00	1.293898450953e+00
6.97000000e-01	2.359121636272e+00	1.297495718778e+00
6.98000000e-01	2.360420935164e+00	1.301103884708e+00
6.99000000e-01	2.361723847693e+00	1.304723005475e+00
7.00000000e-01	2.363030384845e+00	1.308353138197e+00
7.01000000e-01	2.364340557660e+00	1.311994340373e+00
7.02000000e-01	2.365654377235e+00	1.315646669895e+00
7.03000000e-01	2.366971854728e+00	1.319310185046e+00
7.04000000e-01	2.368293001353e+00	1.322984944504e+00
7.05000000e-01	2.369617828385e+00	1.326671007346e+00
7.06000000e-01	2.370946347156e+00	1.330368433052e+00
7.07000000e-01	2.372278569058e+00	1.334077281506e+00
7.08000000e-01	2.373614505546e+00	1.337797612999e+00
7.09000000e-01	2.374954168132e+00	1.341529488236e+00
7.10000000e-01	2.376297568391e+00	1.345272968337e+00
7.11000000e-01	2.377644717958e+00	1.349028114838e+00
7.12000000e-01	2.378995628530e+00	1.352794989700e+00
7.13000000e-01	2.380350311867e+00	1.356573655309e+00
7.14000000e-01	2.381708779792e+00	1.360364174476e+00
7.15000000e-01	2.383071044189e+00	1.364166610450e+00
7.16000000e-01	2.384437117006e+00	1.367981026912e+00
7.17000000e-01	2.385807010257e+00	1.371807487984e+00
7.18000000e-01	2.387180736019e+00	1.375646058230e+00
7.19000000e-01	2.388558306432e+00	1.379496802663e+00
7.20000000e-01	2.389939733704e+00	1.383359786745e+00
7.21000000e-01	2.391325030107e+00	1.387235076392e+00
7.22000000e-01	2.392714207981e+00	1.391122737978e+00
7.23000000e-01	2.394107279729e+00	1.395022838341e+00
7.24000000e-01	2.395504257826e+00	1.398935444781e+00
7.25000000e-01	2.396905154810e+00	1.402860625071e+00
7.26000000e-01	2.398309983290e+00	1.406798447456e+00
7.27000000e-01	2.399718755942e+00	1.410748980658e+00
7.28000000e-01	2.401131485511e+00	1.414712293882e+00
7.29000000e-01	2.402548184813e+00	1.418688456816e+00
7.30000000e-01	2.403968866732e+00	1.422677539639e+00
7.31000000e-01	2.405393544223e+00	1.426679613025e+00
7.32000000e-01	2.406822230312e+00	1.430694748144e+00
7.33000000e-01	2.408254938097e+00	1.434723016669e+00
7.34000000e-01	2.409691680747e+00	1.438764490778e+00
7.35000000e-01	2.411132471504e+00	1.442819243162e+00
7.36000000e-01	2.412577323684e+00	1.446887347023e+00
7.37000000e-01	2.414026250673e+00	1.450968876088e+00
7.38000000e-01	2.415479265936e+00	1.455063904602e+00
7.39000000e-01	2.416936383007e+00	1.459172507341e+00
7.40000000e-01	2.418397615500e+00	1.463294759615e+00
7.41000000e-01	2.419862977102e+00	1.467430737268e+00
7.42000000e-01	2.421332481575e+00	1.471580516687e+00
7.43000000e-01	2.422806142761e+00	1.475744174808e+00
7.44000000e-01	2.424283974577e+00	1.479921789114e+00
7.45000000e-01	2.425765991018e+00	1.484113437647e+00
7.46000000e-01	2.427252206157e+00	1.488319199009e+00
7.47000000e-01	2.428742634146e+00	1.492539152367e+00
7.48000000e-01	2.430237289219e+00	1.496773377458e+00
7.49000000e-01	2.431736185685e+00	1.501021954597e+00
7.50000000e-01	2.433239337939e+00	1.505284964675e+00
7.51000000e-01	2.434746760453e+00	1.509562489173e+00
7.52000000e-01	2.436258467783e+00	1.513854610159e+00
7.53000000e-01	2.437774474566e+00	1.518161410299e+00
7.54000000e-01	2.439294795524e+00	1.522482972858e+00
7.55000000e-01	2.440819445461e+00	1.526819381708e+00
7.56000000e-01	2.442348439264e+00	1.531170721334e+00
7.57000000e-01	2.443881791908e+00	1.535537076834e+00
7.58000000e-01	2.445419518452e+00	1.539918533931e+00
7.59000000e-01	2.446961634039e+00	1.544315178975e+00
7.60000000e-01	2.448508153901e+00	1.548727098949e+00
7.61000000e-01	2.450059093358e+00	1.553154381474e+00
7.62000000e-01	2.451614467815e+00	1.557597114818e+00
7.63000000e-01	2.453174292767e+00	1.562055387896e+00
7.64000000e-01	2.454738583800e+00	1.566529290281e+00
7.65000000e-01	2.456307356588e+00	1.571018912206e+00
7.66000000e-01	2.457880626895e+00	1.575524344572e+00
7.67000000e-01	2.459458410577e+00	1.580045678956e+00
7.68000000e-01	2.461040723584e+00	1.584583007611e+00
7.69000000e-01	2.462627581955e+00	1.589136423477e+00
7.70000000e-01	2.464219001825e+00	1.593706020186e+00
7.71000000e-01	2.465814999420e+00	1.598291892068e+00
7.72000000e-01	2.467415591065e+00	1.602894134157e+00
7.73000000e-01	2.469020793177e+00	1.607512842197e+00
7.74000000e-01	2.470630622271e+00	1.612148112650e+00
7.75000000e-01	2.472245094956e+00	1.616800042701e+00
7.76000000e-01	2.473864227942e+00	1.621468730264e+00
7.77000000e-01	2.475488038035e+00	1.626154273991e+00
7.78000000e-01	2.477116542142e+00	1.630856773276e+00
7.79000000e-01	2.478749757267e+00	1.635576328265e+00
7.80000000e-01	2.480387700517e+00	1.640313039858e+00
7.81000000e-01	2.482030389099e+00	1.645067009720e+00
7.82000000e-01	2.483677840323e+00	1.649838340288e+00
7.83000000e-01	2.485330071601e+00	1.654627134775e+00
7.84000000e-01	2.486987100449e+00	1.659433497179e+00
7.85000000e-01	2.488648944487e+00	1.664257532291e+00
7.86000000e-01	2.490315621440e+00	1.669099345701e+00
7.87000000e-01	2.491987149139e+00	1.673959043804e+00
7.88000000e-01	2.493663545524e+00	1.678836733813e+00
7.89000000e-01	2.495344828640e+00	1.683732523758e+00
7.90000000e-01	2.497031016642e+00	1.688646522502e+00
7.91000000e-01	2.498722127792e+00	1.693578839742e+00
7.92000000e-01	2.500418180464e+00	1.698529586023e+00
7.93000000e-01	2.502119193144e+00	1.703498872739e+00
7.94000000e-01	2.503825184427e+00	1.708486812148e+00
7.95000000e-01	2.505536173023e+00	1.713493517372e+00
7.96000000e-01	2.507252177755e+00	1.718519102415e+00
7.97000000e-01	2.508973217560e+00	1.723563682162e+00
7.98000000e-01	2.510699311490e+00	1.728627372393e+00
7.99000000e-01	2.512430478714e+00	1.733710289788e+00
8.00000000e-01	2.514166738517e+00	1.738812551938e+00
8.01000000e-01	2.515908110305e+00	1.743934277353e+00
8.02000000e-01	2.517654613600e+00	1.749075585469e+00
8.03000000e-01	2.519406268044e+00	1.754236596660e+00
8.04000000e-01	2.521163093401e+00	1.759417432242e+00
8.05000000e-01	2.522925109557e+00	1.764618214488e+00
8.06000000e-01	2.524692336520e+00	1.769839066632e+00
8.07000000e-01	2.526464794422e+00	1.775080112881e+00
8.08000000e-01	2.528242503519e+00	1.780341478421e+00
8.09000000e-01	2.530025484194e+00	1.785623289433e+00
8.10000000e-01	2.531813756955e+00	1.790925673095e+00
8.11000000e-01	2.533607342440e+00	1.796248757595e+00
8.12000000e-01	2.535406261414e+00	1.801592672142e+00
8.13000000e-01	2.537210534771e+00	1.806957546974e+00
8.14000000e-01	2.539020183538e+00	1.812343513367e+00
8.15000000e-01	2.540835228873e+00	1.817750703648e+00
8.16000000e-01	2.542655692065e+00	1.823179251202e+00
8.17000000e-01	2.544481594539e+00	1.828629290483e+00
8.18000000e-01	2.546312957855e+00	1.834100957029e+00
8.19000000e-01	2.548149803708e+00	1.839594387463e+00
8.20000000e-01	2.549992153930e+00	1.845109719515e+00
8.21000000e-01	2.551840030493e+00	1.850647092021e+00
8.22000000e-01	2.553693455508e+00	1.856206644945e+00
8.23000000e-01	2.555552451224e+00	1.861788519383e+00
8.24000000e-01	2.557417040034e+00	1.867392857574e+00
8.25000000e-01	2.559287244475e+00	1.873019802915e+00
8.26000000e-01	2.561163087224e+00	1.878669499971e+00
8.27000000e-01	2.563044591107e+00	1.884342094485e+00
8.28000000e-01	2.564931779094e+00	1.890037733391e+00
8.29000000e-01	2.566824674305e+00	1.895756564826e+00
8.30000000e-01	2.568723300005e+00	1.901498738141e+00
8.31000000e-01	2.570627679612e+00	1.907264403914e+00
8.32000000e-01	2.572537836694e+00	1.913053713960e+00
8.33000000e-01	2.574453794972e+00	1.918866821347e+00
8.34000000e-01	2.576375578321e+00	1.924703880406e+00
8.35000000e-01	2.578303210769e+00	1.930565046744e+00
8.36000000e-01	2.580236716502e+00	1.936450477257e+00
8.37000000e-01	2.582176119864e+00	1.942360330141e+00
8.38000000e-01	2.584121445356e+00	1.948294764912e+00
8.39000000e-01	2.586072717641e+00	1.954253942408e+00
8.40000000e-01	2.588029961543e+00	1.960238024814e+00
8.41000000e-01	2.589993202047e+00	1.966247175667e+00
8.42000000e-01	2.591962464305e+00	1.972281559874e+00
8.43000000e-01	2.593937773633e+00	1.978341343724e+00
8.44000000e-01	2.595919155515e+00	1.984426694905e+00
8.45000000e-01	2.597906635602e+00	1.990537782515e+00
8.46000000e-01	2.599900239716e+00	1.996674777076e+00
8.47000000e-01	2.601899993849e+00	2.002837850552e+00
8.48000000e-01	2.603905924168e+00	2.009027176361e+00
8.49000000e-01	2.605918057011e+00	2.015242929393e+00
8.50000000e-01	2.607936418894e+00	2.021485286019e+00
8.51000000e-01	2.609961036510e+00	2.027754424113e+00
8.52000000e-01	2.611991936729e+00	2.034050523064e+00
8.53000000e-01	2.614029146603e+00	2.040373763792e+00
8.54000000e-01	2.616072693365e+00	2.046724328766e+00
8.55000000e-01	2.618122604430e+00	2.053102402016e+00
8.56000000e-01	2.620178907400e+00	2.059508169152e+00
8.57000000e-01	2.622241630062e+00	2.065941817381e+00
8.58000000e-01	2.624310800392e+00	2.072403535522e+00
8.59000000e-01	2.626386446553e+00	2.078893514023e+00
8.60000000e-01	2.628468596904e+00	2.085411944981e+00
8.61000000e-01	2.630557279992e+00	2.091959022154e+00
8.62000000e-01	2.632652524562e+00	2.098534940982e+00
8.63000000e-01	2.634754359554e+00	2.105139898606e+00
8.64000000e-01	2.636862814105e+00	2.111774093881e+00
8.65000000e-01	2.638977917554e+00	2.118437727400e+00
8.66000000e-01	2.641099699440e+00	2.125131001508e+00
8.67000000e-01	2.643228189505e+00	2.131854120322e+00
8.68000000e-01	2.645363417698e+00	2.138607289752e+00
8.69000000e-01	2.647505414171e+00	2.145390717516e+00
8.70000000e-01	2.649654209289e+00	2.152204613162e+00
8.71000000e-01	2.651809833624e+00	2.159049188088e+00
8.72000000e-01	2.653972317962e+00	2.165924655559e+00
8.73000000e-01	2.656141693304e+00	2.172831230732e+00
8.74000000e-01	2.658317990865e+00	2.179769130669e+00
8.75000000e-01	2.660501242080e+00	2.186738574366e+00
8.76000000e-01	2.662691478602e+00	2.193739782766e+00
8.77000000e-01	2.664888732308e+00	2.200772978788e+00
8.78000000e-01	2.667093035297e+00	2.207838387341e+00
8.79000000e-01	2.669304419896e+00	2.214936235348e+00
8.80000000e-01	2.671522918657e+00	2.222066751773e+00
8.81000000e-01	2.673748564366e+00	2.229230167636e+00
8.82000000e-01	2.675981390037e+00	2.236426716038e+00
8.83000000e-01	2.678221428920e+00	2.243656632185e+00
8.84000000e-01	2.680468714503e+00	2.250920153413e+00
8.85000000e-01	2.682723280509e+00	2.258217519205e+00
8.86000000e-01	2.684985160903e+00	2.265548971220e+00
8.87000000e-01	2.687254389895e+00	2.272914753317e+00
8.88000000e-01	2.689531001935e+00	2.280315111575e+00
8.89000000e-01	2.691815031726e+00	2.287750294322e+00
8.90000000e-01	2.694106514216e+00	2.295220552159e+00
8.91000000e-01	2.696405484606e+00	2.302726137983e+00
8.92000000e-01	2.698711978353e+00	2.310267307017e+00
8.93000000e-01	2.701026031167e+00	2.317844316830e+00
8.94000000e-01	2.703347679020e+00	2.325457427370e+00
8.95000000e-01	2.705676958143e+00	2.333106900984e+00
8.96000000e-01	2.708013905031e+00	2.340793002450e+00
8.97000000e-01	2.710358556446e+00	2.348515999002e+00
8.98000000e-01	2.712710949417e+00	2.356276160361e+00
8.99000000e-01	2.715071121246e+00	2.364073758755e+00
9.00000000e-01	2.717439109505e+00	2.371909068958e+00
9.01000000e-01	2.719814952047e+00	2.379782368312e+00
9.02000000e-01	2.722198686998e+00	2.387693936757e+00
9.03000000e-01	2.724590352771e+00	2.395644056863e+00
9.04000000e-01	2.726989988058e+00	2.403633013858e+00
9.05000000e-01	2.729397631840e+00	2.411661095659e+00
9.06000000e-01	2.731813323387e+00	2.419728592904e+00
9.07000000e-01	2.734237102262e+00	2.427835798981e+00
9.08000000e-01	2.736669008320e+00	2.435983010062e+00
9.09000000e-01	2.739109081717e+00	2.444170525134e+00
9.10000000e-01	2.741557362906e+00	2.452398646030e+00
9.11000000e-01	2.744013892646e+00	2.460667677465e+00
9.12000000e-01	2.746478712000e+00	2.468977927069e+00
9.13000000e-01	2.748951862343e+00	2.477329705419e+00
9.14000000e-01	2.751433385358e+00	2.485723326074e+00
9.15000000e-01	2.753923323048e+00	2.494159105612e+00
9.16000000e-01	2.756421717729e+00	2.502637363661e+00
9.17000000e-01	2.758928612042e+00	2.511158422940e+00
9.18000000e-01	2.761444048951e+00	2.519722609292e+00
9.19000000e-01	2.763968071746e+00	2.528330251722e+00
9.20000000e-01	2.766500724050e+00	2.536981682433e+00
9.21000000e-01	2.769042049819e+00	2.545677236866e+00
9.22000000e-01	2.771592093345e+00	2.554417253738e+00
9.23000000e-01	2.774150899261e+00	2.563202075077e+00
9.24000000e-01	2.776718512545e+00	2.572032046269e+00
9.25000000e-01	2.779294978520e+00	2.580907516092e+00
9.26000000e-01	2.781880342861e+00	2.589828836758e+00
9.27000000e-01	2.784474651595e+00	2.598796363954e+00
9.28000000e-01	2.787077951110e+00	2.607810456888e+00
9.29000000e-01	2.789690288152e+00	2.616871478323e+00
9.30000000e-01	2.792311709832e+00	2.625979794630e+00
9.31000000e-01	2.794942263629e+00	2.635135775821e+00
9.32000000e-01	2.797581997396e+00	2.644339795602e+00
9.33000000e-01	2.800230959359e+00	2.653592231414e+00
9.34000000e-01	2.802889198125e+00	2.662893464479e+00
9.35000000e-01	2.805556762682e+00	2.672243879846e+00
9.36000000e-01	2.808233702408e+00	2.681643866436e+00
9.37000000e-01	2.810920067070e+00	2.691093817095e+00
9.38000000e-01	2.813615906829e+00	2.700594128636e+00
9.39000000e-01	2.816321272248e+00	2.710145201891e+00
9.40000000e-01	2.819036214289e+00	2.719747441760e+00
9.41000000e-01	2.821760784323e+00	2.729401257263e+00
9.42000000e-01	2.824495034133e+00	2.739107061586e+00
9.43000000e-01	2.827239015915e+00	2.748865272141e+00
9.44000000e-01	2.829992782286e+00	2.758676310609e+00
9.45000000e-01	2.832756386287e+00	2.768540603002e+00
9.46000000e-01	2.835529881387e+00	2.778458579710e+00
9.47000000e-01	2.838313321486e+00	2.788430675562e+00
9.48000000e-01	2.841106760924e+00	2.798457329878e+00
9.49000000e-01	2.843910254480e+00	2.808538986526e+00
9.50000000e-01	2.846723857381e+00	2.818676093981e+00
9.51000000e-01	2.849547625303e+00	2.828869105380e+00
9.52000000e-01	2.852381614379e+00	2.839118478586e+00
9.53000000e-01	2.855225881201e+00	2.849424676244e+00
9.54000000e-01	2.858080482829e+00	2.859788165843e+00
9.55000000e-01	2.860945476788e+00	2.870209419780e+00
9.56000000e-01	2.863820921082e+00	2.880688915419e+00
9.57000000e-01	2.866706874193e+00	2.891227135158e+00
9.58000000e-01	2.869603395089e+00	2.901824566491e+00
9.59000000e-01	2.872510543228e+00	2.912481702077e+00
9.60000000e-01	2.875428378561e+00	2.923199039803e+00
9.61000000e-01	2.878356961542e+00	2.933977082854e+00
9.62000000e-01	2.881296353131e+00	2.944816339782e+00
9.63000000e-01	2.884246614798e+00	2.955717324574e+00
9.64000000e-01	2.887207808529e+00	2.966680556724e+00
9.65000000e-01	2.890179996835e+00	2.977706561306e+00
9.66000000e-01	2.893163242753e+00	2.988795869046e+00
9.67000000e-01	2.896157609853e+00	2.999949016393e+00
9.68000000e-01	2.899163162246e+00	3.011166545602e+00
9.69000000e-01	2.902179964588e+00	3.022449004802e+00
9.70000000e-01	2.905208082084e+00	3.033796948082e+00
9.71000000e-01	2.908247580498e+00	3.045210935562e+00
9.72000000e-01	2.911298526158e+00	3.056691533479e+00
9.73000000e-01	2.914360985960e+00	3.068239314265e+00
9.74000000e-01	2.917435027374e+00	3.079854856634e+00
9.75000000e-01	2.920520718455e+00	3.091538745659e+00
9.76000000e-01	2.923618127845e+00	3.103291572865e+00
9.77000000e-01	2.926727324779e+00	3.115113936310e+00
9.78000000e-01	2.929848379097e+00	3.127006440677e+00
9.79000000e-01	2.932981361245e+00	3.138969697361e+00
9.80000000e-01	2.936126342282e+00	3.151004324562e+00
9.81000000e-01	2.939283393892e+00	3.163110947373e+00
9.82000000e-01	2.942452588386e+00	3.175290197882e+00
9.83000000e-01	2.945633998710e+00	3.187542715258e+00
9.84000000e-01	2.948827698454e+00	3.199869145856e+00
9.85000000e-01	2.952033761858e+00	3.212270143308e+00
9.86000000e-01	2.955252263817e+00	3.224746368632e+00
9.87000000e-01	2.958483279894e+00	3.237298490324e+00
9.88000000e-01	2.961726886322e+00	3.249927184470e+00
9.89000000e-01	2.964983160015e+00	3.262633134844e+00
9.90000000e-01	2.968252178574e+00	3.275417033022e+00
9.91000000e-01	2.971534020296e+00	3.288279578482e+00
9.92000000e-01	2.974828764182e+00	3.301221478723e+00
9.93000000e-01	2.978136489944e+00	3.314243449370e+00
9.94000000e-01	2.981457278012e+00	3.327346214295e+00
9.95000000e-01	2.984791209548e+00	3.340530505725e+00
9.96000000e-01	2.988138366446e+00	3.353797064366e+00
9.97000000e-01	2.991498831349e+00	3.367146639522e+00
9.98000000e-01	2.994872687650e+00	3.380579989214e+00
9.99000000e-01	2.998260019507e+00	3.394097880304e+00
1.00000000e+00	3.001660911849e+00	3.407701088626e+00
1.00100000e+00	3.005075450385e+00	3.421390399109e+00
1.00200000e+00	3.008503721613e+00	3.435166605907e+00
1.00300000e+00	3.011945812830e+00	3.449030512536e+00
1.00400000e+00	3.015401812142e+00	3.462982932003e+00
1.00500000e+00	3.018871808473e+00	3.477024686949e+00
1.00600000e+00	3.022355891572e+00	3.491156609783e+00
1.00700000e+00	3.025854152029e+00	3.505379542827e+00
1.00800000e+00	3.029366681278e+00	3.519694338458e+00
1.00900000e+00	3.032893571614e+00	3.534101859257e+00
1.01000000e+00	3.036434916196e+00	3.548602978155e+00
1.01100000e+00	3.039990809064e+00	3.563198578588e+00
1.01200000e+00	3.043561345145e+00	3.577889554651e+00
1.01300000e+00	3.047146620267e+00	3.592676811251e+00
1.01400000e+00	3.050746731166e+00	3.607561264272e+00
1.01500000e+00	3.054361775503e+00	3.622543840734e+00
1.01600000e+00	3.057991851868e+00	3.637625478963e+00
1.01700000e+00	3.061637059798e+00	3.652807128751e+00
1.01800000e+00	3.065297499783e+00	3.668089751537e+00
1.01900000e+00	3.068973273283e+00	3.683474320575e+00
1.02000000e+00	3.072664482735e+00	3.698961821112e+00
1.02100000e+00	3.076371231568e+00	3.714553250573e+00
1.02200000e+00	3.080093624215e+00	3.730249618738e+00
1.02300000e+00	3.083831766126e+00	3.746051947936e+00
1.02400000e+00	3.087585763776e+00	3.761961273230e+00
1.02500000e+00	3.091355724687e+00	3.777978642614e+00
1.02600000e+00	3.095141757430e+00	3.794105117210e+00
1.02700000e+00	3.098943971647e+00	3.810341771466e+00
1.02800000e+00	3.102762478062e+00	3.826689693366e+00
1.02900000e+00	3.106597388490e+00	3.843149984632e+00
1.03000000e+00	3.110448815859e+00	3.859723760942e+00
1.03100000e+00	3.114316874217e+00	3.876412152143e+00
1.03200000e+00	3.118201678750e+00	3.893216302468e+00
1.03300000e+00	3.122103345795e+00	3.910137370766e+00
1.03400000e+00	3.126021992855e+00	3.927176530727e+00
1.03500000e+00	3.129957738616e+00	3.944334971114e+00
1.03600000e+00	3.133910702959e+00	3.961613895999e+00
1.03700000e+00	3.137881006976e+00	3.979014525007e+00
1.03800000e+00	3.141868772988e+00	3.996538093557e+00
1.03900000e+00	3.145874124560e+00	4.014185853116e+00
1.04000000e+00	3.149897186514e+00	4.031959071453e+00
1.04100000e+00	3.153938084950e+00	4.049859032896e+00
1.04200000e+00	3.157996947261e+00	4.067887038600e+00
1.04300000e+00	3.162073902148e+00	4.086044406814e+00
1.04400000e+00	3.166169079640e+00	4.104332473157e+00
1.04500000e+00	3.170282611111e+00	4.122752590894e+00
1.04600000e+00	3.174414629296e+00	4.141306131229e+00
1.04700000e+00	3.178565268311e+00	4.159994483586e+00
1.04800000e+00	3.182734663670e+00	4.178819055913e+00
1.04900000e+00	3.186922952305e+00	4.197781274979e+00
1.05000000e+00	3.191130272584e+00	4.216882586684e+00
1.05100000e+00	3.195356764330e+00	4.236124456372e+00
1.05200000e+00	3.199602568844e+00	4.255508369149e+00
1.05300000e+00	3.203867828918e+00	4.275035830213e+00
1.05400000e+00	3.208152688862e+00	4.294708365180e+00
1.05500000e+00	3.212457294522e+00	4.314527520431e+00
1.05600000e+00	3.216781793299e+00	4.334494863450e+00
1.05700000e+00	3.221126334174e+00	4.354611983180e+00
1.05800000e+00	3.225491067727e+00	4.374880490381e+00
1.05900000e+00	3.229876146161e+00	4.395302017998e+00
1.06000000e+00	3.234281723322e+00	4.415878221530e+00
1.06100000e+00	3.238707954722e+00	4.436610779420e+00
1.06200000e+00	3.243154997566e+00	4.457501393432e+00
1.06300000e+00	3.247623010769e+00	4.478551789057e+00
1.06400000e+00	3.252112154987e+00	4.499763715915e+00
1.06500000e+00	3.256622592636e+00	4.521138948163e+00
1.06600000e+00	3.261154487918e+00	4.542679284922e+00
1.06700000e+00	3.265708006848e+00	4.564386550705e+00
1.06800000e+00	3.270283317279e+00	4.586262595852e+00
1.06900000e+00	3.274880588925e+00	4.608309296981e+00
1.07000000e+00	3.279499993392e+00	4.630528557443e+00
1.07100000e+00	3.284141704203e+00	4.652922307789e+00
1.07200000e+00	3.288805896824e+00	4.675492506243e+00
1.07300000e+00	3.293492748693e+00	4.698241139189e+00
1.07400000e+00	3.298202439251e+00	4.721170221666e+00
1.07500000e+00	3.302935149967e+00	4.744281797873e+00
1.07600000e+00	3.307691064369e+00	4.767577941689e+00
1.07700000e+00	3.312470368074e+00	4.791060757192e+00
1.07800000e+00	3.317273248819e+00	4.814732379206e+00
1.07900000e+00	3.322099896490e+00	4.838594973847e+00
1.08000000e+00	3.326950503156e+00	4.862650739080e+00
1.08100000e+00	3.331825263101e+00	4.886901905299e+00
1.08200000e+00	3.336724372855e+00	4.911350735909e+00
1.08300000e+00	3.341648031227e+00	4.935999527922e+00
1.08400000e+00	3.346596439341e+00	4.960850612572e+00
1.08500000e+00	3.351569800671e+00	4.985906355936e+00
1.08600000e+00	3.356568321073e+00	5.011169159568e+00
1.08700000e+00	3.361592208822e+00	5.036641461159e+00
1.08800000e+00	3.366641674652e+00	5.062325735194e+00
1.08900000e+00	3.371716931787e+00	5.088224493633e+00
1.09000000e+00	3.376818195984e+00	5.114340286610e+00
1.09100000e+00	3.381945685568e+00	5.140675703138e+00
1.09200000e+00	3.387099621474e+00	5.167233371837e+00
1.09300000e+00	3.392280227285e+00	5.194015961675e+00
1.09400000e+00	3.397487729274e+00	5.221026182726e+00
1.09500000e+00	3.402722356444e+00	5.248266786943e+00
1.09600000e+00	3.407984340573e+00	5.275740568954e+00
1.09700000e+00	3.413273916253e+00	5.303450366867e+00
1.09800000e+00	3.418591320939e+00	5.331399063104e+00
1.09900000e+00	3.423936794988e+00	5.359589585240e+00
1.10000000e+00	3.429310581709e+00	5.388024906878e+00
1.10100000e+00	3.434712927408e+00	5.416708048526e+00
1.10200000e+00	3.440144081435e+00	5.445642078510e+00
1.10300000e+00	3.445604296232e+00	5.474830113895e+00
1.10400000e+00	3.451093827386e+00	5.504275321437e+00
1.10500000e+00	3.456612933671e+00	5.533980918548e+00
1.10600000e+00	3.462161877108e+00	5.563950174293e+00
1.10700000e+00	3.467740923013e+00	5.594186410404e+00
1.10800000e+00	3.473350340047e+00	5.624693002314e+00
1.10900000e+00	3.478990400279e+00	5.655473380227e+00
1.11000000e+00	3.484661379231e+00	5.686531030201e+00
1.11100000e+00	3.490363555943e+00	5.717869495264e+00
1.11200000e+00	3.496097213026e+00	5.749492376551e+00
1.11300000e+00	3.501862636721e+00	5.781403334476e+00
1.11400000e+00	3.507660116960e+00	5.813606089922e+00
1.11500000e+00	3.513489947427e+00	5.846104425465e+00
1.11600000e+00	3.519352425619e+00	5.878902186629e+00
1.11700000e+00	3.525247852911e+00	5.912003283165e+00
1.11800000e+00	3.531176534622e+00	5.945411690370e+00
1.11900000e+00	3.537138780076e+00	5.979131450425e+00
1.12000000e+00	3.543134902676e+00	6.013166673780e+00
1.12100000e+00	3.549165219970e+00	6.047521540564e+00
1.12200000e+00	3.555230053721e+00	6.082200302028e+00
1.12300000e+00	3.561329729980e+00	6.117207282032e+00
1.12400000e+00	3.567464579157e+00	6.152546878561e+00
1.12500000e+00	3.573634936099e+00	6.188223565282e+00
1.12600000e+00	3.579841140167e+00	6.224241893139e+00
1.12700000e+00	3.586083535308e+00	6.260606491989e+00
1.12800000e+00	3.592362470144e+00	6.297322072276e+00
1.12900000e+00	3.598678298043e+00	6.334393426749e+00
1.13000000e+00	3.605031377213e+00	6.371825432228e+00
1.13100000e+00	3.611422070778e+00	6.409623051405e+00
1.13200000e+00	3.617850746870e+00	6.447791334697e+00
1.13300000e+00	3.624317778714e+00	6.486335422151e+00
1.13400000e+00	3.630823544725e+00	6.525260545385e+00
1.13500000e+00	3.637368428591e+00	6.564572029592e+00
1.13600000e+00	3.643952819377e+00	6.604275295587e+00
1.13700000e+00	3.650577111614e+00	6.644375861914e+00
1.13800000e+00	3.657241705406e+00	6.684879347002e+00
1.13900000e+00	3.663947006520e+00	6.725791471379e+00
1.14000000e+00	3.670693426502e+00	6.767118059950e+00
1.14100000e+00	3.677481382771e+00	6.808865044326e+00
1.14200000e+00	3.684311298735e+00	6.851038465220e+00
1.14300000e+00	3.691183603896e+00	6.893644474908e+00
1.14400000e+00	3.698098733968e+00	6.936689339750e+00
1.14500000e+00	3.705057130987e+00	6.980179442787e+00
1.14600000e+00	3.712059243433e+00	7.024121286399e+00
1.14700000e+00	3.719105526347e+00	7.068521495041e+00
1.14800000e+00	3.726196441459e+00	7.113386818052e+00
1.14900000e+00	3.733332457312e+00	7.158724132542e+00
1.15000000e+00	3.740514049389e+00	7.204540446350e+00
1.15100000e+00	3.747741700250e+00	7.250842901097e+00
1.15200000e+00	3.755015899663e+00	7.297638775311e+00
1.15300000e+00	3.762337144745e+00	7.344935487649e+00
1.15400000e+00	3.769705940103e+00	7.392740600196e+00
1.15500000e+00	3.777122797980e+00	7.441061821871e+00
1.15600000e+00	3.784588238402e+00	7.489907011919e+00
1.15700000e+00	3.792102789329e+00	7.539284183503e+00
1.15800000e+00	3.799666986817e+00	7.589201507402e+00
1.15900000e+00	3.807281375170e+00	7.639667315806e+00
1.16000000e+00	3.814946507108e+00	7.690690106234e+00
1.16100000e+00	3.822662943931e+00	7.742278545546e+00
1.16200000e+00	3.830431255693e+00	7.794441474086e+00
1.16300000e+00	3.838252021379e+00	7.847187909937e+00
1.16400000e+00	3.846125829080e+00	7.900527053305e+00
1.16500000e+00	3.854053276182e+00	7.954468291024e+00
1.16600000e+00	3.862034969551e+00	8.009021201202e+00
1.16700000e+00	3.870071525731e+00	8.064195557997e+00
1.16800000e+00	3.878163571138e+00	8.120001336539e+00
1.16900000e+00	3.886311742269e+00	8.176448717997e+00
1.17000000e+00	3.894516685904e+00	8.233548094797e+00
1.17100000e+00	3.902779059324e+00	8.291310075998e+00
1.17200000e+00	3.911099530532e+00	8.349745492829e+00
1.17300000e+00	3.919478778472e+00	8.408865404394e+00
1.17400000e+00	3.927917493267e+00	8.468681103556e+00
1.17500000e+00	3.936416376450e+00	8.529204122989e+00
1.17600000e+00	3.944976141210e+00	8.590446241433e+00
1.17700000e+00	3.953597512640e+00	8.652419490124e+00
1.17800000e+00	3.962281227994e+00	8.715136159441e+00
1.17900000e+00	3.971028036948e+00	8.778608805748e+00
1.18000000e+00	3.979838701871e+00	8.842850258454e+00
1.18100000e+00	3.988713998100e+00	8.907873627300e+00
1.18200000e+00	3.997654714226e+00	8.973692309870e+00
1.18300000e+00	4.006661652385e+00	9.040319999346e+00
1.18400000e+00	4.015735628556e+00	9.107770692508e+00
1.18500000e+00	4.024877472871e+00	9.176058697989e+00
1.18600000e+00	4.034088029929e+00	9.245198644807e+00
1.18700000e+00	4.043368159123e+00	9.315205491158e+00
1.18800000e+00	4.052718734972e+00	9.386094533509e+00
1.18900000e+00	4.062140647466e+00	9.457881415985e+00
1.19000000e+00	4.071634802414e+00	9.530582140058e+00
1.19100000e+00	4.081202121812e+00	9.604213074571e+00
1.19200000e+00	4.090843544211e+00	9.678790966082e+00
1.19300000e+00	4.100560025103e+00	9.754332949561e+00
1.19400000e+00	4.110352537314e+00	9.830856559449e+00
1.19500000e+00	4.120222071408e+00	9.908379741081e+00
1.19600000e+00	4.130169636105e+00	9.986920862506e+00
1.19700000e+00	4.140196258709e+00	1.006649872671e+01
1.19800000e+00	4.150302985551e+00	1.014713258425e+01
1.19900000e+00	4.160490882440e+00	1.022884214634e+01
1.20000000e+00	4.170761035134e+00	1.031164759837e+01
1.20100000e+00	4.181114549819e+00	1.039556961392e+01
1.20200000e+00	4.191552553603e+00	1.048062936925e+01
1.20300000e+00	4.202076195029e+00	1.056684855828e+01
1.20400000e+00	4.212686644600e+00	1.065424940817e+01
1.20500000e+00	4.223385095318e+00	1.074285469538e+01
1.20600000e+00	4.234172763244e+00	1.083268776234e+01
1.20700000e+00	4.245050888071e+00	1.092377253473e+01
1.20800000e+00	4.256020733717e+00	1.101613353936e+01
1.20900000e+00	4.267083588935e+00	1.110979592270e+01
1.21000000e+00	4.278240767943e+00	1.120478547016e+01
1.21100000e+00	4.289493611071e+00	1.130112862596e+01
1.21200000e+00	4.300843485431e+00	1.139885251384e+01
1.21300000e+00	4.312291785609e+00	1.149798495847e+01
1.21400000e+00	4.323839934374e+00	1.159855450776e+01
1.21500000e+00	4.335489383415e+00	1.170059045586e+01
1.21600000e+00	4.347241614098e+00	1.180412286719e+01
1.21700000e+00	4.359098138248e+00	1.190918260128e+01
1.21800000e+00	4.371060498958e+00	1.201580133860e+01
1.21900000e+00	4.383130271425e+00	1.212401160742e+01
1.22000000e+00	4.395309063808e+00	1.223384681164e+01
1.22100000e+00	4.407598518119e+00	1.234534125975e+01
1.22200000e+00	4.420000311145e+00	1.245853019496e+01
1.22300000e+00	4.432516155396e+00	1.257344982644e+01
1.22400000e+00	4.445147800088e+00	1.269013736188e+01
1.22500000e+00	4.457897032156e+00	1.280863104132e+01
1.22600000e+00	4.470765677308e+00	1.292897017234e+01
1.22700000e+00	4.483755601109e+00	1.305119516666e+01
1.22800000e+00	4.496868710100e+00	1.317534757830e+01
1.22900000e+00	4.510106952969e+00	1.330147014320e+01
1.23000000e+00	4.523472321743e+00	1.342960682059e+01
1.23100000e+00	4.536966853041e+00	1.355980283601e+01
1.23200000e+00	4.550592629358e+00	1.369210472610e+01
1.23300000e+00	4.564351780400e+00	1.382656038540e+01
1.23400000e+00	4.578246484469e+00	1.396321911497e+01
1.23500000e+00	4.592278969889e+00	1.410213167322e+01
1.23600000e+00	4.606451516496e+00	1.424335032886e+01
1.23700000e+00	4.620766457172e+00	1.438692891614e+01
1.23800000e+00	4.635226179439e+00	1.453292289247e+01
1.23900000e+00	4.649833127113e+00	1.468138939866e+01
1.24000000e+00	4.664589802021e+00	1.483238732168e+01
1.24100000e+00	4.679498765774e+00	1.498597736033e+01
1.24200000e+00	4.694562641617e+00	1.514222209376e+01
1.24300000e+00	4.709784116347e+00	1.530118605310e+01
1.24400000e+00	4.725165942294e+00	1.546293579637e+01
1.24500000e+00	4.740710939397e+00	1.562753998676e+01
1.24600000e+00	4.756421997341e+00	1.579506947453e+01
1.24700000e+00	4.772302077792e+00	1.596559738269e+01
1.24800000e+00	4.788354216713e+00	1.613919919671e+01
1.24900000e+00	4.804581526772e+00	1.631595285837e+01
1.25000000e+00	4.820987199847e+00	1.649593886416e+01
1.25100000e+00	4.837574509635e+00	1.667924036824e+01
1.25200000e+00	4.854346814357e+00	1.686594329043e+01
1.25300000e+00	4.871307559587e+00	1.705613642940e+01
1.25400000e+00	4.888460281184e+00	1.724991158135e+01
1.25500000e+00	4.905808608356e+00	1.744736366456e+01
1.25600000e+00	4.923356266842e+00	1.764859085006e+01
1.25700000e+00	4.941107082236e+00	1.785369469881e+01
1.25800000e+00	4.959064983450e+00	1.806278030581e+01
1.25900000e+00	4.977234006317e+00	1.827595645144e+01
1.26000000e+00	4.995618297361e+00	1.849333576062e+01
1.26100000e+00	5.014222117723e+00	1.871503486999e+01
1.26200000e+00	5.033049847259e+00	1.894117460396e+01
1.26300000e+00	5.052105988819e+00	1.917188015974e+01
1.26400000e+00	5.071395172719e+00	1.940728130229e+01
1.26500000e+00	5.090922161408e+00	1.964751256952e+01
1.26600000e+00	5.110691854349e+00	1.989271348848e+01
1.26700000e+00	5.130709293121e+00	2.014302880329e+01
1.26800000e+00	5.150979666756e+00	2.039860871533e+01
1.26900000e+00	5.171508317320e+00	2.065960913679e+01
1.27000000e+00	5.192300745757e+00	2.092619195808e+01
1.27100000e+00	5.213362618011e+00	2.119852533029e+01
1.27200000e+00	5.234699771426e+00	2.147678396351e+01
1.27300000e+00	5.256318221470e+00	2.176114944206e+01
1.27400000e+00	5.278224168769e+00	2.205181055779e+01
1.27500000e+00	5.300424006491e+00	2.234896366274e+01
1.27600000e+00	5.322924328091e+00	2.265281304220e+01
1.27700000e+00	5.345731935438e+00	2.296357130984e+01
1.27800000e+00	5.368853847354e+00	2.328145982628e+01
1.27900000e+00	5.392297308579e+00	2.360670914273e+01
1.28000000e+00	5.416069799194e+00	2.393955947148e+01
1.28100000e+00	5.440179044528e+00	2.428026118504e+01
1.28200000e+00	5.464633025584e+00	2.462907534621e+01
1.28300000e+00	5.489439990006e+00	2.498627427093e+01
1.28400000e+00	5.514608463626e+00	2.535214212663e+01
1.28500000e+00	5.540147262636e+00	2.572697556846e+01
1.28600000e+00	5.566065506406e+00	2.611108441636e+01
1.28700000e+00	5.592372631005e+00	2.650479237579e+01
1.28800000e+00	5.619078403470e+00	2.690843780572e+01
1.28900000e+00	5.646192936862e+00	2.732237453718e+01
1.29000000e+00	5.673726706172e+00	2.774697274647e+01
1.29100000e+00	5.701690565123e+00	2.818261988717e+01
1.29200000e+00	5.730095763943e+00	2.862972168561e+01
1.29300000e+00	5.758953968166e+00	2.908870320484e+01
1.29400000e+00	5.788277278524e+00	2.956000998252e+01
1.29500000e+00	5.818078252030e+00	3.004410924889e+01
1.29600000e+00	5.848369924313e+00	3.054149123120e+01
1.29700000e+00	5.879165833308e+00	3.105267055187e+01
1.29800000e+00	5.910480044387e+00	3.157818772819e+01
1.29900000e+00	5.942327177055e+00	3.211861078226e+01
1.30000000e+00	5.974722433306e+00	3.267453697045e+01
1.30100000e+00	6.007681627777e+00	3.324659464293e+01
1.30200000e+00	6.041221219830e+00	3.383544524451e+01
1.30300000e+00	6.075358347709e+00	3.444178546947e+01
1.30400000e+00	6.110110864939e+00	3.506634958413e+01
1.30500000e+00	6.145497379131e+00	3.570991193247e+01
1.30600000e+00	6.181537293400e+00	3.637328964156e+01
1.30700000e+00	6.218250850585e+00	3.705734554550e+01
1.30800000e+00	6.255659180523e+00	3.776299134843e+01
1.30900000e+00	6.293784350605e+00	3.849119104951e+01
1.31000000e+00	6.332649419902e+00	3.924296465517e+01
1.31100000e+00	6.372278497158e+00	4.001939220675e+01
1.31200000e+00	6.412696802987e+00	4.082161815502e+01
1.31300000e+00	6.453930736620e+00	4.165085611632e+01
1.31400000e+00	6.496007947626e+00	4.250839404938e+01
1.31500000e+00	6.538957413035e+00	4.339559989626e+01
1.31600000e+00	6.582809520351e+00	4.431392773615e+01
1.31700000e+00	6.627596157001e+00	4.526492450657e+01
1.31800000e+00	6.673350806814e+00	4.625023735318e+01
1.31900000e+00	6.720108654190e+00	4.727162167700e+01
1.32000000e+00	6.767906696699e+00	4.833094995661e+01
1.32100000e+00	6.816783866926e+00	4.943022143264e+01
1.32200000e+00	6.866781164468e+00	5.057157275330e+01
1.32300000e+00	6.917941799113e+00	5.175728969274e+01
1.32400000e+00	6.970311346311e+00	5.298982006880e+01
1.32500000e+00	7.023937916234e+00	5.427178800427e+01
1.32600000e+00	7.078872337834e+00	5.560600969527e+01
1.32700000e+00	7.135168359495e+00	5.699551087369e+01
1.32800000e+00	7.192882868085e+00	5.844354617715e+01
1.32900000e+00	7.252076128433e+00	5.995362067100e+01
1.33000000e+00	7.312812045520e+00	6.152951380300e+01
1.33100000e+00	7.375158451970e+00	6.317530611355e+01
1.33200000e+00	7.439187423786e+00	6.489540907382e+01
1.33300000e+00	7.504975627660e+00	6.669459848200e+01
1.33400000e+00	7.572604703670e+00	6.857805191657e+01
1.33500000e+00	7.642161687686e+00	7.055139082578e+01
1.33600000e+00	7.713739478474e+00	7.262072792858e+01
1.33700000e+00	7.787437355167e+00	7.479272071554e+01
1.33800000e+00	7.863361551671e+00	7.707463197361e+01
1.33900000e+00	7.941625895559e+00	7.947439842090e+01
1.34000000e+00	8.022352520164e+00	8.200070873122e+01
1.34100000e+00	8.105672660028e+00	8.466309246275e+01
1.34200000e+00	8.191727541453e+00	8.747202168735e+01
1.34300000e+00	8.280669381919e+00	9.043902746049e+01
1.34400000e+00	8.372662514426e+00	9.357683368949e+01
1.34500000e+00	8.467884655672e+00	9.689951146923e+01
1.34600000e+00	8.566528340296e+00	1.004226575828e+02
1.34700000e+00	8.668802547546e+00	1.041636016399e+02
1.34800000e+00	8.774934551609e+00	1.081416472886e+02
1.34900000e+00	8.885172032908e+00	1.123783541347e+02
1.35000000e+00	8.999785494983e+00	1.168978685061e+02
1.35100000e+00	9.119071040652e+00	1.217273130931e+02
1.35200000e+00	9.243353572308e+00	1.268972478986e+02
1.35300000e+00	9.372990495136e+00	1.324422179880e+02
1.35400000e+00	9.508376019374e+00	1.384014074625e+02
1.35500000e+00	9.649946179618e+00	1.448194241521e+02
1.35600000e+00	9.798184716818e+00	1.517472461310e+02
1.35700000e+00	9.953630003838e+00	1.592433698193e+02
1.35800000e+00	1.011688324068e+01	1.673752108831e+02
1.35900000e+00	1.028861820394e+01	1.762208244065e+02
1.36000000e+00	1.046959291129e+01	1.858710313335e+02
1.36100000e+00	1.066066366203e+01	1.964320660608e+02
1.36200000e+00	1.086280204756e+01	2.080288983124e+02
1.36300000e+00	1.107711570423e+01	2.208094354985e+02
1.36400000e+00	1.130487382176e+01	2.349498862577e+02
1.36500000e+00	1.154753875145e+01	2.506616717901e+02
1.36600000e+00	1.180680551626e+01	2.682004242320e+02
1.36700000e+00	1.208465166874e+01	2.878778345905e+02
1.36800000e+00	1.238340085989e+01	3.100774446245e+02
1.36900000e+00	1.270580480989e+01	3.352759790347e+02
1.37000000e+00	1.305515032652e+01	3.640725882911e+02
1.37100000e+00	1.343540094969e+01	3.972295910570e+02
1.37200000e+00	1.385138729143e+01	4.357302689889e+02
1.37300000e+00	1.430906717831e+01	4.808625138574e+02
1.37400000e+00	1.481588801532e+01	5.343426526407e+02
1.37500000e+00	1.538130250430e+01	5.985034880720e+02
1.37600000e+00	1.601752083184e+01	6.765882977146e+02
1.37700000e+00	1.674063916338e+01	7.732261930886e+02
1.37800000e+00	1.757238928420e+01	8.952313950131e+02
1.37900000e+00	1.854295858080e+01	1.053010764032e+03
1.38000000e+00	1.969575154528e+01	1.263184068074e+03
1.38100000e+00	2.109589999407e+01	1.553805553244e+03
